,Name,GRID_kWh,GRID_v_kWh,PV_roofs_top_E_kWh,PV_roofs_top_m2,Enet,PV_Power_W,PV_Investment_€,E_PV_gen_kWh
2011-01-01 00:00:00,B2752,0.391,0.0,0.0,118.99,0.391,19038.399999999998,20942.239999999998,0.0
2011-01-01 01:00:00,B2752,0.391,0.0,0.0,118.99,0.391,19038.399999999998,20942.239999999998,0.0
2011-01-01 02:00:00,B2752,0.391,0.0,0.0,118.99,0.391,19038.399999999998,20942.239999999998,0.0
2011-01-01 03:00:00,B2752,0.391,0.0,0.0,118.99,0.391,19038.399999999998,20942.239999999998,0.0
2011-01-01 04:00:00,B2752,0.391,0.0,0.0,118.99,0.391,19038.399999999998,20942.239999999998,0.0
2011-01-01 05:00:00,B2752,0.704,0.0,0.0,118.99,0.704,19038.399999999998,20942.239999999998,0.0
2011-01-01 06:00:00,B2752,2.584,0.0,0.0,118.99,2.584,19038.399999999998,20942.239999999998,0.0
2011-01-01 07:00:00,B2752,0.707,0.0,0.0,118.99,0.707,19038.399999999998,20942.239999999998,0.0
2011-01-01 08:00:00,B2752,2.794,2.4,0.0,118.99,2.794,19038.399999999998,20942.239999999998,0.0
2011-01-01 09:00:00,B2752,2.794,2.4,1.16,118.99,1.274,19038.399999999998,20942.239999999998,1.52
2011-01-01 10:00:00,B2752,2.794,2.4,1.62,118.99,0.794,19038.399999999998,20942.239999999998,2.0
2011-01-01 11:00:00,B2752,2.794,2.4,1.61,118.99,0.8440000000000001,19038.399999999998,20942.239999999998,1.95
2011-01-01 12:00:00,B2752,4.984,2.4,1.67,118.99,2.954,19038.399999999998,20942.239999999998,2.03
2011-01-01 13:00:00,B2752,0.707,0.0,1.58,118.99,-1.283,19038.399999999998,20942.239999999998,1.99
2011-01-01 14:00:00,B2752,0.394,0.0,1.24,118.99,-1.206,19038.399999999998,20942.239999999998,1.6
2011-01-01 15:00:00,B2752,0.394,0.0,0.97,118.99,-0.886,19038.399999999998,20942.239999999998,1.28
2011-01-01 16:00:00,B2752,0.394,0.0,0.0,118.99,0.314,19038.399999999998,20942.239999999998,0.08
2011-01-01 17:00:00,B2752,0.707,0.0,0.0,118.99,0.707,19038.399999999998,20942.239999999998,0.0
2011-01-01 18:00:00,B2752,2.584,0.0,0.0,118.99,2.584,19038.399999999998,20942.239999999998,0.0
2011-01-01 19:00:00,B2752,3.208,0.0,0.0,118.99,3.208,19038.399999999998,20942.239999999998,0.0
2011-01-01 20:00:00,B2752,0.707,0.0,0.0,118.99,0.707,19038.399999999998,20942.239999999998,0.0
2011-01-01 21:00:00,B2752,0.704,0.0,0.0,118.99,0.704,19038.399999999998,20942.239999999998,0.0
2011-01-01 22:00:00,B2752,0.704,0.0,0.0,118.99,0.704,19038.399999999998,20942.239999999998,0.0
2011-01-01 23:00:00,B2752,0.391,0.0,0.0,118.99,0.391,19038.399999999998,20942.239999999998,0.0
2011-01-02 00:00:00,B2752,0.391,0.0,0.0,118.99,0.391,19038.399999999998,20942.239999999998,0.0
2011-01-02 01:00:00,B2752,0.391,0.0,0.0,118.99,0.391,19038.399999999998,20942.239999999998,0.0
2011-01-02 02:00:00,B2752,0.391,0.0,0.0,118.99,0.391,19038.399999999998,20942.239999999998,0.0
2011-01-02 03:00:00,B2752,0.391,0.0,0.0,118.99,0.391,19038.399999999998,20942.239999999998,0.0
2011-01-02 04:00:00,B2752,0.391,0.0,0.0,118.99,0.391,19038.399999999998,20942.239999999998,0.0
2011-01-02 05:00:00,B2752,0.704,0.0,0.0,118.99,0.704,19038.399999999998,20942.239999999998,0.0
2011-01-02 06:00:00,B2752,2.584,0.0,0.0,118.99,2.584,19038.399999999998,20942.239999999998,0.0
2011-01-02 07:00:00,B2752,0.707,0.0,0.0,118.99,0.707,19038.399999999998,20942.239999999998,0.0
2011-01-02 08:00:00,B2752,2.794,2.4,0.0,118.99,2.794,19038.399999999998,20942.239999999998,0.0
2011-01-02 09:00:00,B2752,2.794,2.4,1.52,118.99,0.9040000000000001,19038.399999999998,20942.239999999998,1.89
2011-01-02 10:00:00,B2752,2.794,2.4,2.29,118.99,0.04400000000000004,19038.399999999998,20942.239999999998,2.75
2011-01-02 11:00:00,B2752,2.794,2.4,2.78,118.99,-0.48599999999999977,19038.399999999998,20942.239999999998,3.28
2011-01-02 12:00:00,B2752,4.984,2.4,2.36,118.99,2.174,19038.399999999998,20942.239999999998,2.81
2011-01-02 13:00:00,B2752,0.707,0.0,1.71,118.99,-1.4130000000000003,19038.399999999998,20942.239999999998,2.12
2011-01-02 14:00:00,B2752,0.394,0.0,1.49,118.99,-1.456,19038.399999999998,20942.239999999998,1.85
2011-01-02 15:00:00,B2752,0.394,0.0,0.95,118.99,-0.7659999999999999,19038.399999999998,20942.239999999998,1.16
2011-01-02 16:00:00,B2752,0.394,0.0,0.0,118.99,0.394,19038.399999999998,20942.239999999998,0.0
2011-01-02 17:00:00,B2752,0.707,0.0,0.0,118.99,0.707,19038.399999999998,20942.239999999998,0.0
2011-01-02 18:00:00,B2752,2.584,0.0,0.0,118.99,2.584,19038.399999999998,20942.239999999998,0.0
2011-01-02 19:00:00,B2752,3.21,0.0,0.0,118.99,3.21,19038.399999999998,20942.239999999998,0.0
2011-01-02 20:00:00,B2752,0.707,0.0,0.0,118.99,0.707,19038.399999999998,20942.239999999998,0.0
2011-01-02 21:00:00,B2752,0.704,0.0,0.0,118.99,0.704,19038.399999999998,20942.239999999998,0.0
2011-01-02 22:00:00,B2752,0.704,0.0,0.0,118.99,0.704,19038.399999999998,20942.239999999998,0.0
2011-01-02 23:00:00,B2752,0.391,0.0,0.0,118.99,0.391,19038.399999999998,20942.239999999998,0.0
2011-01-03 00:00:00,B2752,2.791,2.4,0.0,118.99,2.791,19038.399999999998,20942.239999999998,0.0
2011-01-03 01:00:00,B2752,2.791,2.4,0.0,118.99,2.791,19038.399999999998,20942.239999999998,0.0
2011-01-03 02:00:00,B2752,2.791,2.4,0.0,118.99,2.791,19038.399999999998,20942.239999999998,0.0
2011-01-03 03:00:00,B2752,2.791,2.4,0.0,118.99,2.791,19038.399999999998,20942.239999999998,0.0
2011-01-03 04:00:00,B2752,2.791,2.4,0.0,118.99,2.791,19038.399999999998,20942.239999999998,0.0
2011-01-03 05:00:00,B2752,0.704,0.0,0.0,118.99,0.704,19038.399999999998,20942.239999999998,0.0
2011-01-03 06:00:00,B2752,2.584,0.0,0.0,118.99,2.584,19038.399999999998,20942.239999999998,0.0
2011-01-03 07:00:00,B2752,0.707,0.0,0.0,118.99,0.707,19038.399999999998,20942.239999999998,0.0
2011-01-03 08:00:00,B2752,0.394,0.0,0.0,118.99,0.394,19038.399999999998,20942.239999999998,0.0
2011-01-03 09:00:00,B2752,0.394,0.0,1.31,118.99,-1.1960000000000002,19038.399999999998,20942.239999999998,1.59
2011-01-03 10:00:00,B2752,0.394,0.0,1.91,118.99,-1.8859999999999997,19038.399999999998,20942.239999999998,2.28
2011-01-03 11:00:00,B2752,0.394,0.0,2.4,118.99,-2.416,19038.399999999998,20942.239999999998,2.81
2011-01-03 12:00:00,B2752,2.584,0.0,2.64,118.99,-0.5059999999999998,19038.399999999998,20942.239999999998,3.09
2011-01-03 13:00:00,B2752,0.707,0.0,2.4,118.99,-2.153,19038.399999999998,20942.239999999998,2.86
2011-01-03 14:00:00,B2752,0.394,0.0,1.91,118.99,-1.9459999999999997,19038.399999999998,20942.239999999998,2.34
2011-01-03 15:00:00,B2752,0.394,0.0,1.21,118.99,-1.096,19038.399999999998,20942.239999999998,1.49
2011-01-03 16:00:00,B2752,0.394,0.0,0.0,118.99,0.314,19038.399999999998,20942.239999999998,0.08
2011-01-03 17:00:00,B2752,0.707,0.0,0.0,118.99,0.707,19038.399999999998,20942.239999999998,0.0
2011-01-03 18:00:00,B2752,2.584,0.0,0.0,118.99,2.584,19038.399999999998,20942.239999999998,0.0
2011-01-03 19:00:00,B2752,3.208,0.0,0.0,118.99,3.208,19038.399999999998,20942.239999999998,0.0
2011-01-03 20:00:00,B2752,0.707,0.0,0.0,118.99,0.707,19038.399999999998,20942.239999999998,0.0
2011-01-03 21:00:00,B2752,0.704,0.0,0.0,118.99,0.704,19038.399999999998,20942.239999999998,0.0
2011-01-03 22:00:00,B2752,0.704,0.0,0.0,118.99,0.704,19038.399999999998,20942.239999999998,0.0
2011-01-03 23:00:00,B2752,0.391,0.0,0.0,118.99,0.391,19038.399999999998,20942.239999999998,0.0
2011-01-04 00:00:00,B2752,2.791,2.4,0.0,118.99,2.791,19038.399999999998,20942.239999999998,0.0
2011-01-04 01:00:00,B2752,2.791,2.4,0.0,118.99,2.791,19038.399999999998,20942.239999999998,0.0
2011-01-04 02:00:00,B2752,2.791,2.4,0.0,118.99,2.791,19038.399999999998,20942.239999999998,0.0
2011-01-04 03:00:00,B2752,2.791,2.4,0.0,118.99,2.791,19038.399999999998,20942.239999999998,0.0
2011-01-04 04:00:00,B2752,2.791,2.4,0.0,118.99,2.791,19038.399999999998,20942.239999999998,0.0
2011-01-04 05:00:00,B2752,0.704,0.0,0.0,118.99,0.704,19038.399999999998,20942.239999999998,0.0
2011-01-04 06:00:00,B2752,2.584,0.0,0.0,118.99,2.584,19038.399999999998,20942.239999999998,0.0
2011-01-04 07:00:00,B2752,0.707,0.0,0.0,118.99,0.707,19038.399999999998,20942.239999999998,0.0
2011-01-04 08:00:00,B2752,0.394,0.0,0.0,118.99,0.394,19038.399999999998,20942.239999999998,0.0
2011-01-04 09:00:00,B2752,0.394,0.0,1.14,118.99,-1.056,19038.399999999998,20942.239999999998,1.45
2011-01-04 10:00:00,B2752,0.394,0.0,1.53,118.99,-1.476,19038.399999999998,20942.239999999998,1.87
2011-01-04 11:00:00,B2752,0.394,0.0,2.06,118.99,-2.056,19038.399999999998,20942.239999999998,2.45
2011-01-04 12:00:00,B2752,2.584,0.0,2.27,118.99,-0.10599999999999987,19038.399999999998,20942.239999999998,2.69
2011-01-04 13:00:00,B2752,0.707,0.0,1.9,118.99,-1.593,19038.399999999998,20942.239999999998,2.3
2011-01-04 14:00:00,B2752,0.394,0.0,1.61,118.99,-1.5859999999999999,19038.399999999998,20942.239999999998,1.98
2011-01-04 15:00:00,B2752,0.394,0.0,1.17,118.99,-1.056,19038.399999999998,20942.239999999998,1.45
2011-01-04 16:00:00,B2752,0.394,0.0,0.0,118.99,0.364,19038.399999999998,20942.239999999998,0.03
2011-01-04 17:00:00,B2752,0.707,0.0,0.0,118.99,0.707,19038.399999999998,20942.239999999998,0.0
2011-01-04 18:00:00,B2752,2.582,0.0,0.0,118.99,2.582,19038.399999999998,20942.239999999998,0.0
2011-01-04 19:00:00,B2752,3.208,0.0,0.0,118.99,3.208,19038.399999999998,20942.239999999998,0.0
2011-01-04 20:00:00,B2752,0.707,0.0,0.0,118.99,0.707,19038.399999999998,20942.239999999998,0.0
2011-01-04 21:00:00,B2752,0.704,0.0,0.0,118.99,0.704,19038.399999999998,20942.239999999998,0.0
2011-01-04 22:00:00,B2752,0.704,0.0,0.0,118.99,0.704,19038.399999999998,20942.239999999998,0.0
2011-01-04 23:00:00,B2752,0.391,0.0,0.0,118.99,0.391,19038.399999999998,20942.239999999998,0.0
2011-01-05 00:00:00,B2752,2.791,2.4,0.0,118.99,2.791,19038.399999999998,20942.239999999998,0.0
2011-01-05 01:00:00,B2752,2.791,2.4,0.0,118.99,2.791,19038.399999999998,20942.239999999998,0.0
2011-01-05 02:00:00,B2752,2.791,2.4,0.0,118.99,2.791,19038.399999999998,20942.239999999998,0.0
2011-01-05 03:00:00,B2752,2.791,2.4,0.0,118.99,2.791,19038.399999999998,20942.239999999998,0.0
2011-01-05 04:00:00,B2752,2.791,2.4,0.0,118.99,2.791,19038.399999999998,20942.239999999998,0.0
2011-01-05 05:00:00,B2752,0.704,0.0,0.0,118.99,0.704,19038.399999999998,20942.239999999998,0.0
2011-01-05 06:00:00,B2752,2.582,0.0,0.0,118.99,2.582,19038.399999999998,20942.239999999998,0.0
2011-01-05 07:00:00,B2752,0.707,0.0,0.0,118.99,0.707,19038.399999999998,20942.239999999998,0.0
2011-01-05 08:00:00,B2752,0.394,0.0,0.0,118.99,0.394,19038.399999999998,20942.239999999998,0.0
2011-01-05 09:00:00,B2752,0.394,0.0,1.13,118.99,-0.9560000000000001,19038.399999999998,20942.239999999998,1.35
2011-01-05 10:00:00,B2752,0.394,0.0,1.41,118.99,-1.266,19038.399999999998,20942.239999999998,1.66
2011-01-05 11:00:00,B2752,0.394,0.0,1.37,118.99,-1.1960000000000002,19038.399999999998,20942.239999999998,1.59
2011-01-05 12:00:00,B2752,2.582,0.0,1.47,118.99,0.9319999999999999,19038.399999999998,20942.239999999998,1.65
2011-01-05 13:00:00,B2752,0.707,0.0,1.44,118.99,-0.9329999999999999,19038.399999999998,20942.239999999998,1.64
2011-01-05 14:00:00,B2752,0.394,0.0,1.09,118.99,-0.866,19038.399999999998,20942.239999999998,1.26
2011-01-05 15:00:00,B2752,0.394,0.0,0.73,118.99,-0.476,19038.399999999998,20942.239999999998,0.87
2011-01-05 16:00:00,B2752,0.394,0.0,0.0,118.99,0.394,19038.399999999998,20942.239999999998,0.0
2011-01-05 17:00:00,B2752,0.707,0.0,0.0,118.99,0.707,19038.399999999998,20942.239999999998,0.0
2011-01-05 18:00:00,B2752,2.582,0.0,0.0,118.99,2.582,19038.399999999998,20942.239999999998,0.0
2011-01-05 19:00:00,B2752,3.208,0.0,0.0,118.99,3.208,19038.399999999998,20942.239999999998,0.0
2011-01-05 20:00:00,B2752,0.707,0.0,0.0,118.99,0.707,19038.399999999998,20942.239999999998,0.0
2011-01-05 21:00:00,B2752,0.704,0.0,0.0,118.99,0.704,19038.399999999998,20942.239999999998,0.0
2011-01-05 22:00:00,B2752,0.704,0.0,0.0,118.99,0.704,19038.399999999998,20942.239999999998,0.0
2011-01-05 23:00:00,B2752,0.391,0.0,0.0,118.99,0.391,19038.399999999998,20942.239999999998,0.0
2011-01-06 00:00:00,B2752,2.791,2.4,0.0,118.99,2.791,19038.399999999998,20942.239999999998,0.0
2011-01-06 01:00:00,B2752,2.791,2.4,0.0,118.99,2.791,19038.399999999998,20942.239999999998,0.0
2011-01-06 02:00:00,B2752,2.791,2.4,0.0,118.99,2.791,19038.399999999998,20942.239999999998,0.0
2011-01-06 03:00:00,B2752,2.791,2.4,0.0,118.99,2.791,19038.399999999998,20942.239999999998,0.0
2011-01-06 04:00:00,B2752,2.791,2.4,0.0,118.99,2.791,19038.399999999998,20942.239999999998,0.0
2011-01-06 05:00:00,B2752,0.704,0.0,0.0,118.99,0.704,19038.399999999998,20942.239999999998,0.0
2011-01-06 06:00:00,B2752,2.582,0.0,0.0,118.99,2.582,19038.399999999998,20942.239999999998,0.0
2011-01-06 07:00:00,B2752,0.707,0.0,0.0,118.99,0.707,19038.399999999998,20942.239999999998,0.0
2011-01-06 08:00:00,B2752,0.394,0.0,0.0,118.99,0.394,19038.399999999998,20942.239999999998,0.0
2011-01-06 09:00:00,B2752,0.394,0.0,1.26,118.99,-1.166,19038.399999999998,20942.239999999998,1.56
2011-01-06 10:00:00,B2752,0.394,0.0,1.86,118.99,-1.8359999999999999,19038.399999999998,20942.239999999998,2.23
2011-01-06 11:00:00,B2752,0.394,0.0,2.33,118.99,-2.336,19038.399999999998,20942.239999999998,2.73
2011-01-06 12:00:00,B2752,2.582,0.0,2.2,118.99,0.0019999999999997797,19038.399999999998,20942.239999999998,2.58
2011-01-06 13:00:00,B2752,0.707,0.0,1.73,118.99,-1.343,19038.399999999998,20942.239999999998,2.05
2011-01-06 14:00:00,B2752,0.394,0.0,1.17,118.99,-0.7759999999999999,19038.399999999998,20942.239999999998,1.17
2011-01-06 15:00:00,B2752,0.394,0.0,0.0,118.99,0.394,19038.399999999998,20942.239999999998,0.0
2011-01-06 16:00:00,B2752,0.394,0.0,0.0,118.99,0.394,19038.399999999998,20942.239999999998,0.0
2011-01-06 17:00:00,B2752,0.707,0.0,0.0,118.99,0.707,19038.399999999998,20942.239999999998,0.0
2011-01-06 18:00:00,B2752,2.582,0.0,0.0,118.99,2.582,19038.399999999998,20942.239999999998,0.0
2011-01-06 19:00:00,B2752,3.208,0.0,0.0,118.99,3.208,19038.399999999998,20942.239999999998,0.0
2011-01-06 20:00:00,B2752,0.707,0.0,0.0,118.99,0.707,19038.399999999998,20942.239999999998,0.0
2011-01-06 21:00:00,B2752,0.704,0.0,0.0,118.99,0.704,19038.399999999998,20942.239999999998,0.0
2011-01-06 22:00:00,B2752,0.704,0.0,0.0,118.99,0.704,19038.399999999998,20942.239999999998,0.0
2011-01-06 23:00:00,B2752,0.391,0.0,0.0,118.99,0.391,19038.399999999998,20942.239999999998,0.0
2011-01-07 00:00:00,B2752,2.791,2.4,0.0,118.99,2.791,19038.399999999998,20942.239999999998,0.0
2011-01-07 01:00:00,B2752,2.791,2.4,0.0,118.99,2.791,19038.399999999998,20942.239999999998,0.0
2011-01-07 02:00:00,B2752,2.791,2.4,0.0,118.99,2.791,19038.399999999998,20942.239999999998,0.0
2011-01-07 03:00:00,B2752,2.791,2.4,0.0,118.99,2.791,19038.399999999998,20942.239999999998,0.0
2011-01-07 04:00:00,B2752,2.791,2.4,0.0,118.99,2.791,19038.399999999998,20942.239999999998,0.0
2011-01-07 05:00:00,B2752,0.704,0.0,0.0,118.99,0.704,19038.399999999998,20942.239999999998,0.0
2011-01-07 06:00:00,B2752,2.582,0.0,0.0,118.99,2.582,19038.399999999998,20942.239999999998,0.0
2011-01-07 07:00:00,B2752,0.707,0.0,0.0,118.99,0.707,19038.399999999998,20942.239999999998,0.0
2011-01-07 08:00:00,B2752,0.394,0.0,0.0,118.99,0.394,19038.399999999998,20942.239999999998,0.0
2011-01-07 09:00:00,B2752,0.394,0.0,0.9,118.99,-0.856,19038.399999999998,20942.239999999998,1.25
2011-01-07 10:00:00,B2752,0.394,0.0,1.13,118.99,-1.0259999999999998,19038.399999999998,20942.239999999998,1.42
2011-01-07 11:00:00,B2752,0.394,0.0,1.41,118.99,-1.326,19038.399999999998,20942.239999999998,1.72
2011-01-07 12:00:00,B2752,2.582,0.0,1.85,118.99,0.3719999999999999,19038.399999999998,20942.239999999998,2.21
2011-01-07 13:00:00,B2752,0.704,0.0,1.78,118.99,-1.4360000000000002,19038.399999999998,20942.239999999998,2.14
2011-01-07 14:00:00,B2752,0.394,0.0,1.38,118.99,-1.3159999999999998,19038.399999999998,20942.239999999998,1.71
2011-01-07 15:00:00,B2752,0.394,0.0,1.02,118.99,-0.906,19038.399999999998,20942.239999999998,1.3
2011-01-07 16:00:00,B2752,0.394,0.0,0.0,118.99,0.324,19038.399999999998,20942.239999999998,0.07
2011-01-07 17:00:00,B2752,0.707,0.0,0.0,118.99,0.707,19038.399999999998,20942.239999999998,0.0
2011-01-07 18:00:00,B2752,2.582,0.0,0.0,118.99,2.582,19038.399999999998,20942.239999999998,0.0
2011-01-07 19:00:00,B2752,3.208,0.0,0.0,118.99,3.208,19038.399999999998,20942.239999999998,0.0
2011-01-07 20:00:00,B2752,0.707,0.0,0.0,118.99,0.707,19038.399999999998,20942.239999999998,0.0
2011-01-07 21:00:00,B2752,0.704,0.0,0.0,118.99,0.704,19038.399999999998,20942.239999999998,0.0
2011-01-07 22:00:00,B2752,0.704,0.0,0.0,118.99,0.704,19038.399999999998,20942.239999999998,0.0
2011-01-07 23:00:00,B2752,0.391,0.0,0.0,118.99,0.391,19038.399999999998,20942.239999999998,0.0
2011-01-08 00:00:00,B2752,0.391,0.0,0.0,118.99,0.391,19038.399999999998,20942.239999999998,0.0
2011-01-08 01:00:00,B2752,0.391,0.0,0.0,118.99,0.391,19038.399999999998,20942.239999999998,0.0
2011-01-08 02:00:00,B2752,0.391,0.0,0.0,118.99,0.391,19038.399999999998,20942.239999999998,0.0
2011-01-08 03:00:00,B2752,0.391,0.0,0.0,118.99,0.391,19038.399999999998,20942.239999999998,0.0
2011-01-08 04:00:00,B2752,0.391,0.0,0.0,118.99,0.391,19038.399999999998,20942.239999999998,0.0
2011-01-08 05:00:00,B2752,0.704,0.0,0.0,118.99,0.704,19038.399999999998,20942.239999999998,0.0
2011-01-08 06:00:00,B2752,2.581,0.0,0.0,118.99,2.581,19038.399999999998,20942.239999999998,0.0
2011-01-08 07:00:00,B2752,0.707,0.0,0.0,118.99,0.707,19038.399999999998,20942.239999999998,0.0
2011-01-08 08:00:00,B2752,2.794,2.4,0.0,118.99,2.794,19038.399999999998,20942.239999999998,0.0
2011-01-08 09:00:00,B2752,2.794,2.4,1.01,118.99,1.574,19038.399999999998,20942.239999999998,1.22
2011-01-08 10:00:00,B2752,2.794,2.4,1.68,118.99,0.774,19038.399999999998,20942.239999999998,2.02
2011-01-08 11:00:00,B2752,2.794,2.4,2.12,118.99,0.274,19038.399999999998,20942.239999999998,2.52
2011-01-08 12:00:00,B2752,4.982,2.4,2.43,118.99,2.1020000000000003,19038.399999999998,20942.239999999998,2.88
2011-01-08 13:00:00,B2752,0.707,0.0,2.48,118.99,-2.253,19038.399999999998,20942.239999999998,2.96
2011-01-08 14:00:00,B2752,0.394,0.0,2.01,118.99,-2.076,19038.399999999998,20942.239999999998,2.47
2011-01-08 15:00:00,B2752,0.394,0.0,1.31,118.99,-1.206,19038.399999999998,20942.239999999998,1.6
2011-01-08 16:00:00,B2752,0.394,0.0,0.0,118.99,0.314,19038.399999999998,20942.239999999998,0.08
2011-01-08 17:00:00,B2752,0.707,0.0,0.0,118.99,0.707,19038.399999999998,20942.239999999998,0.0
2011-01-08 18:00:00,B2752,2.582,0.0,0.0,118.99,2.582,19038.399999999998,20942.239999999998,0.0
2011-01-08 19:00:00,B2752,3.208,0.0,0.0,118.99,3.208,19038.399999999998,20942.239999999998,0.0
2011-01-08 20:00:00,B2752,0.707,0.0,0.0,118.99,0.707,19038.399999999998,20942.239999999998,0.0
2011-01-08 21:00:00,B2752,0.704,0.0,0.0,118.99,0.704,19038.399999999998,20942.239999999998,0.0
2011-01-08 22:00:00,B2752,0.704,0.0,0.0,118.99,0.704,19038.399999999998,20942.239999999998,0.0
2011-01-08 23:00:00,B2752,0.391,0.0,0.0,118.99,0.391,19038.399999999998,20942.239999999998,0.0
2011-01-09 00:00:00,B2752,0.391,0.0,0.0,118.99,0.391,19038.399999999998,20942.239999999998,0.0
2011-01-09 01:00:00,B2752,0.391,0.0,0.0,118.99,0.391,19038.399999999998,20942.239999999998,0.0
2011-01-09 02:00:00,B2752,0.391,0.0,0.0,118.99,0.391,19038.399999999998,20942.239999999998,0.0
2011-01-09 03:00:00,B2752,0.391,0.0,0.0,118.99,0.391,19038.399999999998,20942.239999999998,0.0
2011-01-09 04:00:00,B2752,0.391,0.0,0.0,118.99,0.391,19038.399999999998,20942.239999999998,0.0
2011-01-09 05:00:00,B2752,0.704,0.0,0.0,118.99,0.704,19038.399999999998,20942.239999999998,0.0
2011-01-09 06:00:00,B2752,2.584,0.0,0.0,118.99,2.584,19038.399999999998,20942.239999999998,0.0
2011-01-09 07:00:00,B2752,0.707,0.0,0.0,118.99,0.707,19038.399999999998,20942.239999999998,0.0
2011-01-09 08:00:00,B2752,2.794,2.4,0.0,118.99,2.794,19038.399999999998,20942.239999999998,0.0
2011-01-09 09:00:00,B2752,2.794,2.4,1.63,118.99,0.7040000000000002,19038.399999999998,20942.239999999998,2.09
2011-01-09 10:00:00,B2752,2.794,2.4,2.34,118.99,-0.0259999999999998,19038.399999999998,20942.239999999998,2.82
2011-01-09 11:00:00,B2752,2.794,2.4,2.67,118.99,-0.35599999999999987,19038.399999999998,20942.239999999998,3.15
2011-01-09 12:00:00,B2752,4.982,2.4,2.52,118.99,1.9820000000000002,19038.399999999998,20942.239999999998,3.0
2011-01-09 13:00:00,B2752,0.707,0.0,2.14,118.99,-1.9130000000000003,19038.399999999998,20942.239999999998,2.62
2011-01-09 14:00:00,B2752,0.394,0.0,1.66,118.99,-1.7359999999999998,19038.399999999998,20942.239999999998,2.13
2011-01-09 15:00:00,B2752,0.394,0.0,1.06,118.99,-1.0059999999999998,19038.399999999998,20942.239999999998,1.4
2011-01-09 16:00:00,B2752,0.394,0.0,0.06,118.99,0.24400000000000002,19038.399999999998,20942.239999999998,0.15
2011-01-09 17:00:00,B2752,0.707,0.0,0.0,118.99,0.707,19038.399999999998,20942.239999999998,0.0
2011-01-09 18:00:00,B2752,2.584,0.0,0.0,118.99,2.584,19038.399999999998,20942.239999999998,0.0
2011-01-09 19:00:00,B2752,3.21,0.0,0.0,118.99,3.21,19038.399999999998,20942.239999999998,0.0
2011-01-09 20:00:00,B2752,0.707,0.0,0.0,118.99,0.707,19038.399999999998,20942.239999999998,0.0
2011-01-09 21:00:00,B2752,0.704,0.0,0.0,118.99,0.704,19038.399999999998,20942.239999999998,0.0
2011-01-09 22:00:00,B2752,0.704,0.0,0.0,118.99,0.704,19038.399999999998,20942.239999999998,0.0
2011-01-09 23:00:00,B2752,0.391,0.0,0.0,118.99,0.391,19038.399999999998,20942.239999999998,0.0
2011-01-10 00:00:00,B2752,2.791,2.4,0.0,118.99,2.791,19038.399999999998,20942.239999999998,0.0
2011-01-10 01:00:00,B2752,2.791,2.4,0.0,118.99,2.791,19038.399999999998,20942.239999999998,0.0
2011-01-10 02:00:00,B2752,2.791,2.4,0.0,118.99,2.791,19038.399999999998,20942.239999999998,0.0
2011-01-10 03:00:00,B2752,2.791,2.4,0.0,118.99,2.791,19038.399999999998,20942.239999999998,0.0
2011-01-10 04:00:00,B2752,2.791,2.4,0.0,118.99,2.791,19038.399999999998,20942.239999999998,0.0
2011-01-10 05:00:00,B2752,0.704,0.0,0.0,118.99,0.704,19038.399999999998,20942.239999999998,0.0
2011-01-10 06:00:00,B2752,2.584,0.0,0.0,118.99,2.584,19038.399999999998,20942.239999999998,0.0
2011-01-10 07:00:00,B2752,0.707,0.0,0.0,118.99,0.707,19038.399999999998,20942.239999999998,0.0
2011-01-10 08:00:00,B2752,0.394,0.0,0.0,118.99,0.394,19038.399999999998,20942.239999999998,0.0
2011-01-10 09:00:00,B2752,0.394,0.0,1.15,118.99,-1.0859999999999999,19038.399999999998,20942.239999999998,1.48
2011-01-10 10:00:00,B2752,0.394,0.0,1.78,118.99,-1.7559999999999998,19038.399999999998,20942.239999999998,2.15
2011-01-10 11:00:00,B2752,0.394,0.0,2.01,118.99,-1.9659999999999997,19038.399999999998,20942.239999999998,2.36
2011-01-10 12:00:00,B2752,2.584,0.0,1.9,118.99,0.3540000000000001,19038.399999999998,20942.239999999998,2.23
2011-01-10 13:00:00,B2752,0.707,0.0,1.73,118.99,-1.363,19038.399999999998,20942.239999999998,2.07
2011-01-10 14:00:00,B2752,0.394,0.0,1.49,118.99,-1.376,19038.399999999998,20942.239999999998,1.77
2011-01-10 15:00:00,B2752,0.394,0.0,1.03,118.99,-0.866,19038.399999999998,20942.239999999998,1.26
2011-01-10 16:00:00,B2752,0.394,0.0,0.0,118.99,0.374,19038.399999999998,20942.239999999998,0.02
2011-01-10 17:00:00,B2752,0.707,0.0,0.0,118.99,0.707,19038.399999999998,20942.239999999998,0.0
2011-01-10 18:00:00,B2752,2.582,0.0,0.0,118.99,2.582,19038.399999999998,20942.239999999998,0.0
2011-01-10 19:00:00,B2752,3.208,0.0,0.0,118.99,3.208,19038.399999999998,20942.239999999998,0.0
2011-01-10 20:00:00,B2752,0.707,0.0,0.0,118.99,0.707,19038.399999999998,20942.239999999998,0.0
2011-01-10 21:00:00,B2752,0.704,0.0,0.0,118.99,0.704,19038.399999999998,20942.239999999998,0.0
2011-01-10 22:00:00,B2752,0.704,0.0,0.0,118.99,0.704,19038.399999999998,20942.239999999998,0.0
2011-01-10 23:00:00,B2752,0.391,0.0,0.0,118.99,0.391,19038.399999999998,20942.239999999998,0.0
2011-01-11 00:00:00,B2752,2.791,2.4,0.0,118.99,2.791,19038.399999999998,20942.239999999998,0.0
2011-01-11 01:00:00,B2752,2.791,2.4,0.0,118.99,2.791,19038.399999999998,20942.239999999998,0.0
2011-01-11 02:00:00,B2752,2.791,2.4,0.0,118.99,2.791,19038.399999999998,20942.239999999998,0.0
2011-01-11 03:00:00,B2752,2.791,2.4,0.0,118.99,2.791,19038.399999999998,20942.239999999998,0.0
2011-01-11 04:00:00,B2752,2.791,2.4,0.0,118.99,2.791,19038.399999999998,20942.239999999998,0.0
2011-01-11 05:00:00,B2752,0.704,0.0,0.0,118.99,0.704,19038.399999999998,20942.239999999998,0.0
2011-01-11 06:00:00,B2752,2.584,0.0,0.0,118.99,2.584,19038.399999999998,20942.239999999998,0.0
2011-01-11 07:00:00,B2752,0.707,0.0,0.0,118.99,0.707,19038.399999999998,20942.239999999998,0.0
2011-01-11 08:00:00,B2752,0.394,0.0,0.0,118.99,0.394,19038.399999999998,20942.239999999998,0.0
2011-01-11 09:00:00,B2752,0.394,0.0,1.36,118.99,-1.3359999999999999,19038.399999999998,20942.239999999998,1.73
2011-01-11 10:00:00,B2752,0.394,0.0,1.75,118.99,-1.746,19038.399999999998,20942.239999999998,2.14
2011-01-11 11:00:00,B2752,0.394,0.0,1.9,118.99,-1.8859999999999997,19038.399999999998,20942.239999999998,2.28
2011-01-11 12:00:00,B2752,2.582,0.0,1.97,118.99,0.21199999999999974,19038.399999999998,20942.239999999998,2.37
2011-01-11 13:00:00,B2752,0.707,0.0,1.92,118.99,-1.653,19038.399999999998,20942.239999999998,2.36
2011-01-11 14:00:00,B2752,0.394,0.0,1.61,118.99,-1.646,19038.399999999998,20942.239999999998,2.04
2011-01-11 15:00:00,B2752,0.394,0.0,1.11,118.99,-1.0659999999999998,19038.399999999998,20942.239999999998,1.46
2011-01-11 16:00:00,B2752,0.394,0.0,0.36,118.99,-0.066,19038.399999999998,20942.239999999998,0.46
2011-01-11 17:00:00,B2752,0.707,0.0,0.0,118.99,0.707,19038.399999999998,20942.239999999998,0.0
2011-01-11 18:00:00,B2752,2.582,0.0,0.0,118.99,2.582,19038.399999999998,20942.239999999998,0.0
2011-01-11 19:00:00,B2752,3.208,0.0,0.0,118.99,3.208,19038.399999999998,20942.239999999998,0.0
2011-01-11 20:00:00,B2752,0.707,0.0,0.0,118.99,0.707,19038.399999999998,20942.239999999998,0.0
2011-01-11 21:00:00,B2752,0.704,0.0,0.0,118.99,0.704,19038.399999999998,20942.239999999998,0.0
2011-01-11 22:00:00,B2752,0.704,0.0,0.0,118.99,0.704,19038.399999999998,20942.239999999998,0.0
2011-01-11 23:00:00,B2752,0.391,0.0,0.0,118.99,0.391,19038.399999999998,20942.239999999998,0.0
2011-01-12 00:00:00,B2752,2.791,2.4,0.0,118.99,2.791,19038.399999999998,20942.239999999998,0.0
2011-01-12 01:00:00,B2752,2.791,2.4,0.0,118.99,2.791,19038.399999999998,20942.239999999998,0.0
2011-01-12 02:00:00,B2752,2.791,2.4,0.0,118.99,2.791,19038.399999999998,20942.239999999998,0.0
2011-01-12 03:00:00,B2752,2.791,2.4,0.0,118.99,2.791,19038.399999999998,20942.239999999998,0.0
2011-01-12 04:00:00,B2752,2.791,2.4,0.0,118.99,2.791,19038.399999999998,20942.239999999998,0.0
2011-01-12 05:00:00,B2752,0.704,0.0,0.0,118.99,0.704,19038.399999999998,20942.239999999998,0.0
2011-01-12 06:00:00,B2752,2.584,0.0,0.0,118.99,2.584,19038.399999999998,20942.239999999998,0.0
2011-01-12 07:00:00,B2752,0.707,0.0,0.0,118.99,0.707,19038.399999999998,20942.239999999998,0.0
2011-01-12 08:00:00,B2752,0.394,0.0,0.0,118.99,0.394,19038.399999999998,20942.239999999998,0.0
2011-01-12 09:00:00,B2752,0.394,0.0,1.69,118.99,-1.7559999999999998,19038.399999999998,20942.239999999998,2.15
2011-01-12 10:00:00,B2752,0.394,0.0,2.38,118.99,-2.476,19038.399999999998,20942.239999999998,2.87
2011-01-12 11:00:00,B2752,0.394,0.0,2.66,118.99,-2.746,19038.399999999998,20942.239999999998,3.14
2011-01-12 12:00:00,B2752,2.582,0.0,2.35,118.99,-0.21799999999999997,19038.399999999998,20942.239999999998,2.8
2011-01-12 13:00:00,B2752,0.707,0.0,2.22,118.99,-1.9930000000000003,19038.399999999998,20942.239999999998,2.7
2011-01-12 14:00:00,B2752,0.394,0.0,2.11,118.99,-2.206,19038.399999999998,20942.239999999998,2.6
2011-01-12 15:00:00,B2752,0.394,0.0,1.36,118.99,-1.2759999999999998,19038.399999999998,20942.239999999998,1.67
2011-01-12 16:00:00,B2752,0.394,0.0,0.0,118.99,0.30400000000000005,19038.399999999998,20942.239999999998,0.09
2011-01-12 17:00:00,B2752,0.707,0.0,0.0,118.99,0.707,19038.399999999998,20942.239999999998,0.0
2011-01-12 18:00:00,B2752,2.584,0.0,0.0,118.99,2.584,19038.399999999998,20942.239999999998,0.0
2011-01-12 19:00:00,B2752,3.208,0.0,0.0,118.99,3.208,19038.399999999998,20942.239999999998,0.0
2011-01-12 20:00:00,B2752,0.707,0.0,0.0,118.99,0.707,19038.399999999998,20942.239999999998,0.0
2011-01-12 21:00:00,B2752,0.704,0.0,0.0,118.99,0.704,19038.399999999998,20942.239999999998,0.0
2011-01-12 22:00:00,B2752,0.704,0.0,0.0,118.99,0.704,19038.399999999998,20942.239999999998,0.0
2011-01-12 23:00:00,B2752,0.391,0.0,0.0,118.99,0.391,19038.399999999998,20942.239999999998,0.0
2011-01-13 00:00:00,B2752,2.791,2.4,0.0,118.99,2.791,19038.399999999998,20942.239999999998,0.0
2011-01-13 01:00:00,B2752,2.791,2.4,0.0,118.99,2.791,19038.399999999998,20942.239999999998,0.0
2011-01-13 02:00:00,B2752,2.791,2.4,0.0,118.99,2.791,19038.399999999998,20942.239999999998,0.0
2011-01-13 03:00:00,B2752,2.791,2.4,0.0,118.99,2.791,19038.399999999998,20942.239999999998,0.0
2011-01-13 04:00:00,B2752,2.791,2.4,0.0,118.99,2.791,19038.399999999998,20942.239999999998,0.0
2011-01-13 05:00:00,B2752,0.704,0.0,0.0,118.99,0.704,19038.399999999998,20942.239999999998,0.0
2011-01-13 06:00:00,B2752,2.584,0.0,0.0,118.99,2.584,19038.399999999998,20942.239999999998,0.0
2011-01-13 07:00:00,B2752,0.707,0.0,0.0,118.99,0.707,19038.399999999998,20942.239999999998,0.0
2011-01-13 08:00:00,B2752,0.394,0.0,0.0,118.99,0.394,19038.399999999998,20942.239999999998,0.0
2011-01-13 09:00:00,B2752,0.394,0.0,1.77,118.99,-1.826,19038.399999999998,20942.239999999998,2.22
2011-01-13 10:00:00,B2752,0.394,0.0,2.39,118.99,-2.4859999999999998,19038.399999999998,20942.239999999998,2.88
2011-01-13 11:00:00,B2752,0.394,0.0,2.53,118.99,-2.606,19038.399999999998,20942.239999999998,3.0
2011-01-13 12:00:00,B2752,2.582,0.0,2.16,118.99,-0.008000000000000007,19038.399999999998,20942.239999999998,2.59
2011-01-13 13:00:00,B2752,0.707,0.0,1.88,118.99,-1.613,19038.399999999998,20942.239999999998,2.32
2011-01-13 14:00:00,B2752,0.394,0.0,1.59,118.99,-1.6159999999999997,19038.399999999998,20942.239999999998,2.01
2011-01-13 15:00:00,B2752,0.394,0.0,1.11,118.99,-1.0659999999999998,19038.399999999998,20942.239999999998,1.46
2011-01-13 16:00:00,B2752,0.394,0.0,0.36,118.99,-0.066,19038.399999999998,20942.239999999998,0.46
2011-01-13 17:00:00,B2752,0.707,0.0,0.0,118.99,0.707,19038.399999999998,20942.239999999998,0.0
2011-01-13 18:00:00,B2752,2.584,0.0,0.0,118.99,2.584,19038.399999999998,20942.239999999998,0.0
2011-01-13 19:00:00,B2752,3.21,0.0,0.0,118.99,3.21,19038.399999999998,20942.239999999998,0.0
2011-01-13 20:00:00,B2752,0.707,0.0,0.0,118.99,0.707,19038.399999999998,20942.239999999998,0.0
2011-01-13 21:00:00,B2752,0.704,0.0,0.0,118.99,0.704,19038.399999999998,20942.239999999998,0.0
2011-01-13 22:00:00,B2752,0.704,0.0,0.0,118.99,0.704,19038.399999999998,20942.239999999998,0.0
2011-01-13 23:00:00,B2752,0.391,0.0,0.0,118.99,0.391,19038.399999999998,20942.239999999998,0.0
2011-01-14 00:00:00,B2752,2.791,2.4,0.0,118.99,2.791,19038.399999999998,20942.239999999998,0.0
2011-01-14 01:00:00,B2752,2.791,2.4,0.0,118.99,2.791,19038.399999999998,20942.239999999998,0.0
2011-01-14 02:00:00,B2752,2.791,2.4,0.0,118.99,2.791,19038.399999999998,20942.239999999998,0.0
2011-01-14 03:00:00,B2752,2.791,2.4,0.0,118.99,2.791,19038.399999999998,20942.239999999998,0.0
2011-01-14 04:00:00,B2752,2.791,2.4,0.0,118.99,2.791,19038.399999999998,20942.239999999998,0.0
2011-01-14 05:00:00,B2752,0.704,0.0,0.0,118.99,0.704,19038.399999999998,20942.239999999998,0.0
2011-01-14 06:00:00,B2752,2.584,0.0,0.0,118.99,2.584,19038.399999999998,20942.239999999998,0.0
2011-01-14 07:00:00,B2752,0.707,0.0,0.0,118.99,0.707,19038.399999999998,20942.239999999998,0.0
2011-01-14 08:00:00,B2752,0.394,0.0,0.0,118.99,0.394,19038.399999999998,20942.239999999998,0.0
2011-01-14 09:00:00,B2752,0.394,0.0,1.75,118.99,-1.786,19038.399999999998,20942.239999999998,2.18
2011-01-14 10:00:00,B2752,0.394,0.0,2.53,118.99,-2.6359999999999997,19038.399999999998,20942.239999999998,3.03
2011-01-14 11:00:00,B2752,0.394,0.0,2.74,118.99,-2.836,19038.399999999998,20942.239999999998,3.23
2011-01-14 12:00:00,B2752,2.584,0.0,2.56,118.99,-0.44599999999999973,19038.399999999998,20942.239999999998,3.03
2011-01-14 13:00:00,B2752,0.707,0.0,2.08,118.99,-1.823,19038.399999999998,20942.239999999998,2.53
2011-01-14 14:00:00,B2752,0.394,0.0,1.74,118.99,-1.806,19038.399999999998,20942.239999999998,2.2
2011-01-14 15:00:00,B2752,0.394,0.0,1.28,118.99,-1.206,19038.399999999998,20942.239999999998,1.6
2011-01-14 16:00:00,B2752,0.394,0.0,0.0,118.99,0.29400000000000004,19038.399999999998,20942.239999999998,0.1
2011-01-14 17:00:00,B2752,0.707,0.0,0.0,118.99,0.707,19038.399999999998,20942.239999999998,0.0
2011-01-14 18:00:00,B2752,2.584,0.0,0.0,118.99,2.584,19038.399999999998,20942.239999999998,0.0
2011-01-14 19:00:00,B2752,3.21,0.0,0.0,118.99,3.21,19038.399999999998,20942.239999999998,0.0
2011-01-14 20:00:00,B2752,0.707,0.0,0.0,118.99,0.707,19038.399999999998,20942.239999999998,0.0
2011-01-14 21:00:00,B2752,0.704,0.0,0.0,118.99,0.704,19038.399999999998,20942.239999999998,0.0
2011-01-14 22:00:00,B2752,0.704,0.0,0.0,118.99,0.704,19038.399999999998,20942.239999999998,0.0
2011-01-14 23:00:00,B2752,0.391,0.0,0.0,118.99,0.391,19038.399999999998,20942.239999999998,0.0
2011-01-15 00:00:00,B2752,0.391,0.0,0.0,118.99,0.391,19038.399999999998,20942.239999999998,0.0
2011-01-15 01:00:00,B2752,0.391,0.0,0.0,118.99,0.391,19038.399999999998,20942.239999999998,0.0
2011-01-15 02:00:00,B2752,0.391,0.0,0.0,118.99,0.391,19038.399999999998,20942.239999999998,0.0
2011-01-15 03:00:00,B2752,0.391,0.0,0.0,118.99,0.391,19038.399999999998,20942.239999999998,0.0
2011-01-15 04:00:00,B2752,0.391,0.0,0.0,118.99,0.391,19038.399999999998,20942.239999999998,0.0
2011-01-15 05:00:00,B2752,0.704,0.0,0.0,118.99,0.704,19038.399999999998,20942.239999999998,0.0
2011-01-15 06:00:00,B2752,2.584,0.0,0.0,118.99,2.584,19038.399999999998,20942.239999999998,0.0
2011-01-15 07:00:00,B2752,0.707,0.0,0.0,118.99,0.707,19038.399999999998,20942.239999999998,0.0
2011-01-15 08:00:00,B2752,2.794,2.4,0.0,118.99,2.794,19038.399999999998,20942.239999999998,0.0
2011-01-15 09:00:00,B2752,2.794,2.4,1.7,118.99,0.6440000000000001,19038.399999999998,20942.239999999998,2.15
2011-01-15 10:00:00,B2752,2.794,2.4,2.47,118.99,-0.16599999999999993,19038.399999999998,20942.239999999998,2.96
2011-01-15 11:00:00,B2752,2.794,2.4,2.41,118.99,-0.06599999999999984,19038.399999999998,20942.239999999998,2.86
2011-01-15 12:00:00,B2752,4.984,2.4,2.11,118.99,2.464,19038.399999999998,20942.239999999998,2.52
2011-01-15 13:00:00,B2752,0.707,0.0,1.98,118.99,-1.7230000000000003,19038.399999999998,20942.239999999998,2.43
2011-01-15 14:00:00,B2752,0.394,0.0,1.66,118.99,-1.726,19038.399999999998,20942.239999999998,2.12
2011-01-15 15:00:00,B2752,0.394,0.0,1.21,118.99,-1.166,19038.399999999998,20942.239999999998,1.56
2011-01-15 16:00:00,B2752,0.394,0.0,0.41,118.99,-0.126,19038.399999999998,20942.239999999998,0.52
2011-01-15 17:00:00,B2752,0.707,0.0,0.0,118.99,0.707,19038.399999999998,20942.239999999998,0.0
2011-01-15 18:00:00,B2752,2.584,0.0,0.0,118.99,2.584,19038.399999999998,20942.239999999998,0.0
2011-01-15 19:00:00,B2752,3.21,0.0,0.0,118.99,3.21,19038.399999999998,20942.239999999998,0.0
2011-01-15 20:00:00,B2752,0.707,0.0,0.0,118.99,0.707,19038.399999999998,20942.239999999998,0.0
2011-01-15 21:00:00,B2752,0.704,0.0,0.0,118.99,0.704,19038.399999999998,20942.239999999998,0.0
2011-01-15 22:00:00,B2752,0.704,0.0,0.0,118.99,0.704,19038.399999999998,20942.239999999998,0.0
2011-01-15 23:00:00,B2752,0.391,0.0,0.0,118.99,0.391,19038.399999999998,20942.239999999998,0.0
2011-01-16 00:00:00,B2752,0.391,0.0,0.0,118.99,0.391,19038.399999999998,20942.239999999998,0.0
2011-01-16 01:00:00,B2752,0.391,0.0,0.0,118.99,0.391,19038.399999999998,20942.239999999998,0.0
2011-01-16 02:00:00,B2752,0.391,0.0,0.0,118.99,0.391,19038.399999999998,20942.239999999998,0.0
2011-01-16 03:00:00,B2752,0.391,0.0,0.0,118.99,0.391,19038.399999999998,20942.239999999998,0.0
2011-01-16 04:00:00,B2752,0.391,0.0,0.0,118.99,0.391,19038.399999999998,20942.239999999998,0.0
2011-01-16 05:00:00,B2752,0.704,0.0,0.0,118.99,0.704,19038.399999999998,20942.239999999998,0.0
2011-01-16 06:00:00,B2752,2.584,0.0,0.0,118.99,2.584,19038.399999999998,20942.239999999998,0.0
2011-01-16 07:00:00,B2752,0.707,0.0,0.0,118.99,0.707,19038.399999999998,20942.239999999998,0.0
2011-01-16 08:00:00,B2752,2.794,2.4,0.0,118.99,2.794,19038.399999999998,20942.239999999998,0.0
2011-01-16 09:00:00,B2752,2.794,2.4,1.95,118.99,0.3740000000000001,19038.399999999998,20942.239999999998,2.42
2011-01-16 10:00:00,B2752,2.794,2.4,2.71,118.99,-0.43599999999999994,19038.399999999998,20942.239999999998,3.23
2011-01-16 11:00:00,B2752,2.794,2.4,2.8,118.99,-0.496,19038.399999999998,20942.239999999998,3.29
2011-01-16 12:00:00,B2752,4.984,2.4,2.52,118.99,1.9939999999999998,19038.399999999998,20942.239999999998,2.99
2011-01-16 13:00:00,B2752,0.707,0.0,2.43,118.99,-2.2230000000000003,19038.399999999998,20942.239999999998,2.93
2011-01-16 14:00:00,B2752,0.394,0.0,2.35,118.99,-2.456,19038.399999999998,20942.239999999998,2.85
2011-01-16 15:00:00,B2752,0.394,0.0,1.64,118.99,-1.576,19038.399999999998,20942.239999999998,1.97
2011-01-16 16:00:00,B2752,0.394,0.0,0.0,118.99,0.394,19038.399999999998,20942.239999999998,0.0
2011-01-16 17:00:00,B2752,0.707,0.0,0.0,118.99,0.707,19038.399999999998,20942.239999999998,0.0
2011-01-16 18:00:00,B2752,2.584,0.0,0.0,118.99,2.584,19038.399999999998,20942.239999999998,0.0
2011-01-16 19:00:00,B2752,3.21,0.0,0.0,118.99,3.21,19038.399999999998,20942.239999999998,0.0
2011-01-16 20:00:00,B2752,0.707,0.0,0.0,118.99,0.707,19038.399999999998,20942.239999999998,0.0
2011-01-16 21:00:00,B2752,0.704,0.0,0.0,118.99,0.704,19038.399999999998,20942.239999999998,0.0
2011-01-16 22:00:00,B2752,0.704,0.0,0.0,118.99,0.704,19038.399999999998,20942.239999999998,0.0
2011-01-16 23:00:00,B2752,0.391,0.0,0.0,118.99,0.391,19038.399999999998,20942.239999999998,0.0
2011-01-17 00:00:00,B2752,2.791,2.4,0.0,118.99,2.791,19038.399999999998,20942.239999999998,0.0
2011-01-17 01:00:00,B2752,2.791,2.4,0.0,118.99,2.791,19038.399999999998,20942.239999999998,0.0
2011-01-17 02:00:00,B2752,2.791,2.4,0.0,118.99,2.791,19038.399999999998,20942.239999999998,0.0
2011-01-17 03:00:00,B2752,2.791,2.4,0.0,118.99,2.791,19038.399999999998,20942.239999999998,0.0
2011-01-17 04:00:00,B2752,2.791,2.4,0.0,118.99,2.791,19038.399999999998,20942.239999999998,0.0
2011-01-17 05:00:00,B2752,0.704,0.0,0.0,118.99,0.704,19038.399999999998,20942.239999999998,0.0
2011-01-17 06:00:00,B2752,2.584,0.0,0.0,118.99,2.584,19038.399999999998,20942.239999999998,0.0
2011-01-17 07:00:00,B2752,0.707,0.0,0.0,118.99,0.707,19038.399999999998,20942.239999999998,0.0
2011-01-17 08:00:00,B2752,0.394,0.0,0.0,118.99,0.394,19038.399999999998,20942.239999999998,0.0
2011-01-17 09:00:00,B2752,0.394,0.0,1.49,118.99,-1.4859999999999998,19038.399999999998,20942.239999999998,1.88
2011-01-17 10:00:00,B2752,0.394,0.0,2.27,118.99,-2.336,19038.399999999998,20942.239999999998,2.73
2011-01-17 11:00:00,B2752,0.394,0.0,2.67,118.99,-2.746,19038.399999999998,20942.239999999998,3.14
2011-01-17 12:00:00,B2752,2.582,0.0,2.64,118.99,-0.5180000000000002,19038.399999999998,20942.239999999998,3.1
2011-01-17 13:00:00,B2752,0.707,0.0,2.48,118.99,-2.2630000000000003,19038.399999999998,20942.239999999998,2.97
2011-01-17 14:00:00,B2752,0.394,0.0,2.42,118.99,-2.536,19038.399999999998,20942.239999999998,2.93
2011-01-17 15:00:00,B2752,0.394,0.0,1.78,118.99,-1.7559999999999998,19038.399999999998,20942.239999999998,2.15
2011-01-17 16:00:00,B2752,0.394,0.0,0.0,118.99,0.30400000000000005,19038.399999999998,20942.239999999998,0.09
2011-01-17 17:00:00,B2752,0.707,0.0,0.0,118.99,0.707,19038.399999999998,20942.239999999998,0.0
2011-01-17 18:00:00,B2752,2.584,0.0,0.0,118.99,2.584,19038.399999999998,20942.239999999998,0.0
2011-01-17 19:00:00,B2752,3.208,0.0,0.0,118.99,3.208,19038.399999999998,20942.239999999998,0.0
2011-01-17 20:00:00,B2752,0.707,0.0,0.0,118.99,0.707,19038.399999999998,20942.239999999998,0.0
2011-01-17 21:00:00,B2752,0.704,0.0,0.0,118.99,0.704,19038.399999999998,20942.239999999998,0.0
2011-01-17 22:00:00,B2752,0.704,0.0,0.0,118.99,0.704,19038.399999999998,20942.239999999998,0.0
2011-01-17 23:00:00,B2752,0.391,0.0,0.0,118.99,0.391,19038.399999999998,20942.239999999998,0.0
2011-01-18 00:00:00,B2752,2.791,2.4,0.0,118.99,2.791,19038.399999999998,20942.239999999998,0.0
2011-01-18 01:00:00,B2752,2.791,2.4,0.0,118.99,2.791,19038.399999999998,20942.239999999998,0.0
2011-01-18 02:00:00,B2752,2.791,2.4,0.0,118.99,2.791,19038.399999999998,20942.239999999998,0.0
2011-01-18 03:00:00,B2752,2.791,2.4,0.0,118.99,2.791,19038.399999999998,20942.239999999998,0.0
2011-01-18 04:00:00,B2752,2.791,2.4,0.0,118.99,2.791,19038.399999999998,20942.239999999998,0.0
2011-01-18 05:00:00,B2752,0.704,0.0,0.0,118.99,0.704,19038.399999999998,20942.239999999998,0.0
2011-01-18 06:00:00,B2752,2.584,0.0,0.0,118.99,2.584,19038.399999999998,20942.239999999998,0.0
2011-01-18 07:00:00,B2752,0.707,0.0,0.0,118.99,0.707,19038.399999999998,20942.239999999998,0.0
2011-01-18 08:00:00,B2752,0.394,0.0,0.0,118.99,0.394,19038.399999999998,20942.239999999998,0.0
2011-01-18 09:00:00,B2752,0.394,0.0,1.96,118.99,-2.036,19038.399999999998,20942.239999999998,2.43
2011-01-18 10:00:00,B2752,0.394,0.0,2.74,118.99,-2.8859999999999997,19038.399999999998,20942.239999999998,3.28
2011-01-18 11:00:00,B2752,0.394,0.0,2.98,118.99,-3.106,19038.399999999998,20942.239999999998,3.5
2011-01-18 12:00:00,B2752,2.584,0.0,2.5,118.99,-0.3860000000000001,19038.399999999998,20942.239999999998,2.97
2011-01-18 13:00:00,B2752,0.707,0.0,2.12,118.99,-1.8730000000000002,19038.399999999998,20942.239999999998,2.58
2011-01-18 14:00:00,B2752,0.394,0.0,1.97,118.99,-2.076,19038.399999999998,20942.239999999998,2.47
2011-01-18 15:00:00,B2752,0.394,0.0,1.56,118.99,-1.5459999999999998,19038.399999999998,20942.239999999998,1.94
2011-01-18 16:00:00,B2752,0.394,0.0,0.6,118.99,-0.32599999999999996,19038.399999999998,20942.239999999998,0.72
2011-01-18 17:00:00,B2752,0.707,0.0,0.0,118.99,0.707,19038.399999999998,20942.239999999998,0.0
2011-01-18 18:00:00,B2752,2.584,0.0,0.0,118.99,2.584,19038.399999999998,20942.239999999998,0.0
2011-01-18 19:00:00,B2752,3.208,0.0,0.0,118.99,3.208,19038.399999999998,20942.239999999998,0.0
2011-01-18 20:00:00,B2752,0.707,0.0,0.0,118.99,0.707,19038.399999999998,20942.239999999998,0.0
2011-01-18 21:00:00,B2752,0.704,0.0,0.0,118.99,0.704,19038.399999999998,20942.239999999998,0.0
2011-01-18 22:00:00,B2752,0.704,0.0,0.0,118.99,0.704,19038.399999999998,20942.239999999998,0.0
2011-01-18 23:00:00,B2752,0.391,0.0,0.0,118.99,0.391,19038.399999999998,20942.239999999998,0.0
2011-01-19 00:00:00,B2752,2.791,2.4,0.0,118.99,2.791,19038.399999999998,20942.239999999998,0.0
2011-01-19 01:00:00,B2752,2.791,2.4,0.0,118.99,2.791,19038.399999999998,20942.239999999998,0.0
2011-01-19 02:00:00,B2752,2.791,2.4,0.0,118.99,2.791,19038.399999999998,20942.239999999998,0.0
2011-01-19 03:00:00,B2752,2.791,2.4,0.0,118.99,2.791,19038.399999999998,20942.239999999998,0.0
2011-01-19 04:00:00,B2752,2.791,2.4,0.0,118.99,2.791,19038.399999999998,20942.239999999998,0.0
2011-01-19 05:00:00,B2752,0.704,0.0,0.0,118.99,0.704,19038.399999999998,20942.239999999998,0.0
2011-01-19 06:00:00,B2752,2.584,0.0,0.0,118.99,2.584,19038.399999999998,20942.239999999998,0.0
2011-01-19 07:00:00,B2752,0.707,0.0,0.0,118.99,0.707,19038.399999999998,20942.239999999998,0.0
2011-01-19 08:00:00,B2752,0.394,0.0,0.0,118.99,0.394,19038.399999999998,20942.239999999998,0.0
2011-01-19 09:00:00,B2752,0.394,0.0,2.11,118.99,-2.1959999999999997,19038.399999999998,20942.239999999998,2.59
2011-01-19 10:00:00,B2752,0.394,0.0,2.39,118.99,-2.4859999999999998,19038.399999999998,20942.239999999998,2.88
2011-01-19 11:00:00,B2752,0.394,0.0,2.24,118.99,-2.286,19038.399999999998,20942.239999999998,2.68
2011-01-19 12:00:00,B2752,2.584,0.0,2.18,118.99,-0.0259999999999998,19038.399999999998,20942.239999999998,2.61
2011-01-19 13:00:00,B2752,0.707,0.0,1.86,118.99,-1.593,19038.399999999998,20942.239999999998,2.3
2011-01-19 14:00:00,B2752,0.394,0.0,1.46,118.99,-1.4660000000000002,19038.399999999998,20942.239999999998,1.86
2011-01-19 15:00:00,B2752,0.394,0.0,1.19,118.99,-1.1560000000000001,19038.399999999998,20942.239999999998,1.55
2011-01-19 16:00:00,B2752,0.394,0.0,0.41,118.99,-0.136,19038.399999999998,20942.239999999998,0.53
2011-01-19 17:00:00,B2752,0.707,0.0,0.0,118.99,0.707,19038.399999999998,20942.239999999998,0.0
2011-01-19 18:00:00,B2752,2.584,0.0,0.0,118.99,2.584,19038.399999999998,20942.239999999998,0.0
2011-01-19 19:00:00,B2752,3.21,0.0,0.0,118.99,3.21,19038.399999999998,20942.239999999998,0.0
2011-01-19 20:00:00,B2752,0.707,0.0,0.0,118.99,0.707,19038.399999999998,20942.239999999998,0.0
2011-01-19 21:00:00,B2752,0.704,0.0,0.0,118.99,0.704,19038.399999999998,20942.239999999998,0.0
2011-01-19 22:00:00,B2752,0.704,0.0,0.0,118.99,0.704,19038.399999999998,20942.239999999998,0.0
2011-01-19 23:00:00,B2752,0.391,0.0,0.0,118.99,0.391,19038.399999999998,20942.239999999998,0.0
2011-01-20 00:00:00,B2752,2.791,2.4,0.0,118.99,2.791,19038.399999999998,20942.239999999998,0.0
2011-01-20 01:00:00,B2752,2.791,2.4,0.0,118.99,2.791,19038.399999999998,20942.239999999998,0.0
2011-01-20 02:00:00,B2752,2.791,2.4,0.0,118.99,2.791,19038.399999999998,20942.239999999998,0.0
2011-01-20 03:00:00,B2752,2.791,2.4,0.0,118.99,2.791,19038.399999999998,20942.239999999998,0.0
2011-01-20 04:00:00,B2752,2.791,2.4,0.0,118.99,2.791,19038.399999999998,20942.239999999998,0.0
2011-01-20 05:00:00,B2752,0.704,0.0,0.0,118.99,0.704,19038.399999999998,20942.239999999998,0.0
2011-01-20 06:00:00,B2752,2.584,0.0,0.0,118.99,2.584,19038.399999999998,20942.239999999998,0.0
2011-01-20 07:00:00,B2752,0.707,0.0,0.0,118.99,0.707,19038.399999999998,20942.239999999998,0.0
2011-01-20 08:00:00,B2752,0.394,0.0,0.0,118.99,0.394,19038.399999999998,20942.239999999998,0.0
2011-01-20 09:00:00,B2752,0.394,0.0,1.39,118.99,-1.476,19038.399999999998,20942.239999999998,1.87
2011-01-20 10:00:00,B2752,0.394,0.0,1.53,118.99,-1.536,19038.399999999998,20942.239999999998,1.93
2011-01-20 11:00:00,B2752,0.394,0.0,1.52,118.99,-1.4859999999999998,19038.399999999998,20942.239999999998,1.88
2011-01-20 12:00:00,B2752,2.584,0.0,1.55,118.99,0.6740000000000002,19038.399999999998,20942.239999999998,1.91
2011-01-20 13:00:00,B2752,0.707,0.0,1.58,118.99,-1.283,19038.399999999998,20942.239999999998,1.99
2011-01-20 14:00:00,B2752,0.394,0.0,1.6,118.99,-1.666,19038.399999999998,20942.239999999998,2.06
2011-01-20 15:00:00,B2752,0.394,0.0,1.4,118.99,-1.376,19038.399999999998,20942.239999999998,1.77
2011-01-20 16:00:00,B2752,0.394,0.0,0.59,118.99,-0.31599999999999995,19038.399999999998,20942.239999999998,0.71
2011-01-20 17:00:00,B2752,0.707,0.0,0.0,118.99,0.707,19038.399999999998,20942.239999999998,0.0
2011-01-20 18:00:00,B2752,2.584,0.0,0.0,118.99,2.584,19038.399999999998,20942.239999999998,0.0
2011-01-20 19:00:00,B2752,3.21,0.0,0.0,118.99,3.21,19038.399999999998,20942.239999999998,0.0
2011-01-20 20:00:00,B2752,0.707,0.0,0.0,118.99,0.707,19038.399999999998,20942.239999999998,0.0
2011-01-20 21:00:00,B2752,0.704,0.0,0.0,118.99,0.704,19038.399999999998,20942.239999999998,0.0
2011-01-20 22:00:00,B2752,0.704,0.0,0.0,118.99,0.704,19038.399999999998,20942.239999999998,0.0
2011-01-20 23:00:00,B2752,0.391,0.0,0.0,118.99,0.391,19038.399999999998,20942.239999999998,0.0
2011-01-21 00:00:00,B2752,2.791,2.4,0.0,118.99,2.791,19038.399999999998,20942.239999999998,0.0
2011-01-21 01:00:00,B2752,2.791,2.4,0.0,118.99,2.791,19038.399999999998,20942.239999999998,0.0
2011-01-21 02:00:00,B2752,2.791,2.4,0.0,118.99,2.791,19038.399999999998,20942.239999999998,0.0
2011-01-21 03:00:00,B2752,2.791,2.4,0.0,118.99,2.791,19038.399999999998,20942.239999999998,0.0
2011-01-21 04:00:00,B2752,2.791,2.4,0.0,118.99,2.791,19038.399999999998,20942.239999999998,0.0
2011-01-21 05:00:00,B2752,0.704,0.0,0.0,118.99,0.704,19038.399999999998,20942.239999999998,0.0
2011-01-21 06:00:00,B2752,2.584,0.0,0.0,118.99,2.584,19038.399999999998,20942.239999999998,0.0
2011-01-21 07:00:00,B2752,0.707,0.0,0.0,118.99,0.707,19038.399999999998,20942.239999999998,0.0
2011-01-21 08:00:00,B2752,0.394,0.0,0.0,118.99,0.394,19038.399999999998,20942.239999999998,0.0
2011-01-21 09:00:00,B2752,0.394,0.0,1.23,118.99,-1.286,19038.399999999998,20942.239999999998,1.68
2011-01-21 10:00:00,B2752,0.394,0.0,1.37,118.99,-1.3559999999999999,19038.399999999998,20942.239999999998,1.75
2011-01-21 11:00:00,B2752,0.394,0.0,1.43,118.99,-1.376,19038.399999999998,20942.239999999998,1.77
2011-01-21 12:00:00,B2752,2.584,0.0,1.53,118.99,0.6940000000000002,19038.399999999998,20942.239999999998,1.89
2011-01-21 13:00:00,B2752,0.707,0.0,1.58,118.99,-1.283,19038.399999999998,20942.239999999998,1.99
2011-01-21 14:00:00,B2752,0.394,0.0,1.47,118.99,-1.516,19038.399999999998,20942.239999999998,1.91
2011-01-21 15:00:00,B2752,0.394,0.0,1.18,118.99,-1.166,19038.399999999998,20942.239999999998,1.56
2011-01-21 16:00:00,B2752,0.394,0.0,0.42,118.99,-0.15600000000000003,19038.399999999998,20942.239999999998,0.55
2011-01-21 17:00:00,B2752,0.707,0.0,0.0,118.99,0.707,19038.399999999998,20942.239999999998,0.0
2011-01-21 18:00:00,B2752,2.584,0.0,0.0,118.99,2.584,19038.399999999998,20942.239999999998,0.0
2011-01-21 19:00:00,B2752,3.21,0.0,0.0,118.99,3.21,19038.399999999998,20942.239999999998,0.0
2011-01-21 20:00:00,B2752,0.707,0.0,0.0,118.99,0.707,19038.399999999998,20942.239999999998,0.0
2011-01-21 21:00:00,B2752,0.704,0.0,0.0,118.99,0.704,19038.399999999998,20942.239999999998,0.0
2011-01-21 22:00:00,B2752,0.704,0.0,0.0,118.99,0.704,19038.399999999998,20942.239999999998,0.0
2011-01-21 23:00:00,B2752,0.391,0.0,0.0,118.99,0.391,19038.399999999998,20942.239999999998,0.0
2011-01-22 00:00:00,B2752,0.391,0.0,0.0,118.99,0.391,19038.399999999998,20942.239999999998,0.0
2011-01-22 01:00:00,B2752,0.391,0.0,0.0,118.99,0.391,19038.399999999998,20942.239999999998,0.0
2011-01-22 02:00:00,B2752,0.391,0.0,0.0,118.99,0.391,19038.399999999998,20942.239999999998,0.0
2011-01-22 03:00:00,B2752,0.391,0.0,0.0,118.99,0.391,19038.399999999998,20942.239999999998,0.0
2011-01-22 04:00:00,B2752,0.391,0.0,0.0,118.99,0.391,19038.399999999998,20942.239999999998,0.0
2011-01-22 05:00:00,B2752,0.704,0.0,0.0,118.99,0.704,19038.399999999998,20942.239999999998,0.0
2011-01-22 06:00:00,B2752,2.584,0.0,0.0,118.99,2.584,19038.399999999998,20942.239999999998,0.0
2011-01-22 07:00:00,B2752,0.707,0.0,0.0,118.99,0.707,19038.399999999998,20942.239999999998,0.0
2011-01-22 08:00:00,B2752,2.794,2.4,0.0,118.99,2.794,19038.399999999998,20942.239999999998,0.0
2011-01-22 09:00:00,B2752,2.794,2.4,1.99,118.99,0.254,19038.399999999998,20942.239999999998,2.54
2011-01-22 10:00:00,B2752,2.794,2.4,2.38,118.99,-0.09600000000000009,19038.399999999998,20942.239999999998,2.89
2011-01-22 11:00:00,B2752,2.794,2.4,2.32,118.99,0.02400000000000002,19038.399999999998,20942.239999999998,2.77
2011-01-22 12:00:00,B2752,4.984,2.4,2.16,118.99,2.384,19038.399999999998,20942.239999999998,2.6
2011-01-22 13:00:00,B2752,0.707,0.0,2.05,118.99,-1.8130000000000002,19038.399999999998,20942.239999999998,2.52
2011-01-22 14:00:00,B2752,0.394,0.0,1.92,118.99,-2.016,19038.399999999998,20942.239999999998,2.41
2011-01-22 15:00:00,B2752,0.394,0.0,1.57,118.99,-1.576,19038.399999999998,20942.239999999998,1.97
2011-01-22 16:00:00,B2752,0.394,0.0,0.64,118.99,-0.396,19038.399999999998,20942.239999999998,0.79
2011-01-22 17:00:00,B2752,0.707,0.0,0.0,118.99,0.707,19038.399999999998,20942.239999999998,0.0
2011-01-22 18:00:00,B2752,2.584,0.0,0.0,118.99,2.584,19038.399999999998,20942.239999999998,0.0
2011-01-22 19:00:00,B2752,3.21,0.0,0.0,118.99,3.21,19038.399999999998,20942.239999999998,0.0
2011-01-22 20:00:00,B2752,0.707,0.0,0.0,118.99,0.707,19038.399999999998,20942.239999999998,0.0
2011-01-22 21:00:00,B2752,0.704,0.0,0.0,118.99,0.704,19038.399999999998,20942.239999999998,0.0
2011-01-22 22:00:00,B2752,0.704,0.0,0.0,118.99,0.704,19038.399999999998,20942.239999999998,0.0
2011-01-22 23:00:00,B2752,0.391,0.0,0.0,118.99,0.391,19038.399999999998,20942.239999999998,0.0
2011-01-23 00:00:00,B2752,0.391,0.0,0.0,118.99,0.391,19038.399999999998,20942.239999999998,0.0
2011-01-23 01:00:00,B2752,0.391,0.0,0.0,118.99,0.391,19038.399999999998,20942.239999999998,0.0
2011-01-23 02:00:00,B2752,0.391,0.0,0.0,118.99,0.391,19038.399999999998,20942.239999999998,0.0
2011-01-23 03:00:00,B2752,0.391,0.0,0.0,118.99,0.391,19038.399999999998,20942.239999999998,0.0
2011-01-23 04:00:00,B2752,0.391,0.0,0.0,118.99,0.391,19038.399999999998,20942.239999999998,0.0
2011-01-23 05:00:00,B2752,0.704,0.0,0.0,118.99,0.704,19038.399999999998,20942.239999999998,0.0
2011-01-23 06:00:00,B2752,2.584,0.0,0.0,118.99,2.584,19038.399999999998,20942.239999999998,0.0
2011-01-23 07:00:00,B2752,0.707,0.0,0.0,118.99,0.707,19038.399999999998,20942.239999999998,0.0
2011-01-23 08:00:00,B2752,2.794,2.4,0.0,118.99,2.794,19038.399999999998,20942.239999999998,0.0
2011-01-23 09:00:00,B2752,2.794,2.4,2.05,118.99,0.19399999999999995,19038.399999999998,20942.239999999998,2.6
2011-01-23 10:00:00,B2752,2.794,2.4,2.5,118.99,-0.23599999999999977,19038.399999999998,20942.239999999998,3.03
2011-01-23 11:00:00,B2752,2.794,2.4,2.63,118.99,-0.31599999999999984,19038.399999999998,20942.239999999998,3.11
2011-01-23 12:00:00,B2752,4.984,2.4,2.88,118.99,1.5939999999999999,19038.399999999998,20942.239999999998,3.39
2011-01-23 13:00:00,B2752,0.707,0.0,2.89,118.99,-2.7430000000000003,19038.399999999998,20942.239999999998,3.45
2011-01-23 14:00:00,B2752,0.394,0.0,2.52,118.99,-2.686,19038.399999999998,20942.239999999998,3.08
2011-01-23 15:00:00,B2752,0.394,0.0,1.95,118.99,-2.036,19038.399999999998,20942.239999999998,2.43
2011-01-23 16:00:00,B2752,0.394,0.0,0.7,118.99,-0.45599999999999996,19038.399999999998,20942.239999999998,0.85
2011-01-23 17:00:00,B2752,0.707,0.0,0.0,118.99,0.707,19038.399999999998,20942.239999999998,0.0
2011-01-23 18:00:00,B2752,2.584,0.0,0.0,118.99,2.584,19038.399999999998,20942.239999999998,0.0
2011-01-23 19:00:00,B2752,3.21,0.0,0.0,118.99,3.21,19038.399999999998,20942.239999999998,0.0
2011-01-23 20:00:00,B2752,0.707,0.0,0.0,118.99,0.707,19038.399999999998,20942.239999999998,0.0
2011-01-23 21:00:00,B2752,0.704,0.0,0.0,118.99,0.704,19038.399999999998,20942.239999999998,0.0
2011-01-23 22:00:00,B2752,0.704,0.0,0.0,118.99,0.704,19038.399999999998,20942.239999999998,0.0
2011-01-23 23:00:00,B2752,0.391,0.0,0.0,118.99,0.391,19038.399999999998,20942.239999999998,0.0
2011-01-24 00:00:00,B2752,2.791,2.4,0.0,118.99,2.791,19038.399999999998,20942.239999999998,0.0
2011-01-24 01:00:00,B2752,2.791,2.4,0.0,118.99,2.791,19038.399999999998,20942.239999999998,0.0
2011-01-24 02:00:00,B2752,2.791,2.4,0.0,118.99,2.791,19038.399999999998,20942.239999999998,0.0
2011-01-24 03:00:00,B2752,2.791,2.4,0.0,118.99,2.791,19038.399999999998,20942.239999999998,0.0
2011-01-24 04:00:00,B2752,2.791,2.4,0.0,118.99,2.791,19038.399999999998,20942.239999999998,0.0
2011-01-24 05:00:00,B2752,0.704,0.0,0.0,118.99,0.704,19038.399999999998,20942.239999999998,0.0
2011-01-24 06:00:00,B2752,2.584,0.0,0.0,118.99,2.584,19038.399999999998,20942.239999999998,0.0
2011-01-24 07:00:00,B2752,0.707,0.0,0.0,118.99,0.707,19038.399999999998,20942.239999999998,0.0
2011-01-24 08:00:00,B2752,0.394,0.0,0.0,118.99,0.21400000000000002,19038.399999999998,20942.239999999998,0.18
2011-01-24 09:00:00,B2752,0.394,0.0,1.36,118.99,-1.2559999999999998,19038.399999999998,20942.239999999998,1.65
2011-01-24 10:00:00,B2752,0.394,0.0,1.96,118.99,-1.976,19038.399999999998,20942.239999999998,2.37
2011-01-24 11:00:00,B2752,0.394,0.0,2.01,118.99,-2.006,19038.399999999998,20942.239999999998,2.4
2011-01-24 12:00:00,B2752,2.584,0.0,2.12,118.99,0.04400000000000004,19038.399999999998,20942.239999999998,2.54
2011-01-24 13:00:00,B2752,0.707,0.0,2.54,118.99,-2.333,19038.399999999998,20942.239999999998,3.04
2011-01-24 14:00:00,B2752,0.394,0.0,2.59,118.99,-2.7359999999999998,19038.399999999998,20942.239999999998,3.13
2011-01-24 15:00:00,B2752,0.394,0.0,1.94,118.99,-1.9859999999999998,19038.399999999998,20942.239999999998,2.38
2011-01-24 16:00:00,B2752,0.394,0.0,0.76,118.99,-0.496,19038.399999999998,20942.239999999998,0.89
2011-01-24 17:00:00,B2752,0.707,0.0,0.0,118.99,0.707,19038.399999999998,20942.239999999998,0.0
2011-01-24 18:00:00,B2752,2.584,0.0,0.0,118.99,2.584,19038.399999999998,20942.239999999998,0.0
2011-01-24 19:00:00,B2752,3.21,0.0,0.0,118.99,3.21,19038.399999999998,20942.239999999998,0.0
2011-01-24 20:00:00,B2752,0.707,0.0,0.0,118.99,0.707,19038.399999999998,20942.239999999998,0.0
2011-01-24 21:00:00,B2752,0.704,0.0,0.0,118.99,0.704,19038.399999999998,20942.239999999998,0.0
2011-01-24 22:00:00,B2752,0.704,0.0,0.0,118.99,0.704,19038.399999999998,20942.239999999998,0.0
2011-01-24 23:00:00,B2752,0.391,0.0,0.0,118.99,0.391,19038.399999999998,20942.239999999998,0.0
2011-01-25 00:00:00,B2752,2.791,2.4,0.0,118.99,2.791,19038.399999999998,20942.239999999998,0.0
2011-01-25 01:00:00,B2752,2.791,2.4,0.0,118.99,2.791,19038.399999999998,20942.239999999998,0.0
2011-01-25 02:00:00,B2752,2.791,2.4,0.0,118.99,2.791,19038.399999999998,20942.239999999998,0.0
2011-01-25 03:00:00,B2752,2.791,2.4,0.0,118.99,2.791,19038.399999999998,20942.239999999998,0.0
2011-01-25 04:00:00,B2752,2.791,2.4,0.0,118.99,2.791,19038.399999999998,20942.239999999998,0.0
2011-01-25 05:00:00,B2752,0.704,0.0,0.0,118.99,0.704,19038.399999999998,20942.239999999998,0.0
2011-01-25 06:00:00,B2752,2.584,0.0,0.0,118.99,2.584,19038.399999999998,20942.239999999998,0.0
2011-01-25 07:00:00,B2752,0.707,0.0,0.0,118.99,0.707,19038.399999999998,20942.239999999998,0.0
2011-01-25 08:00:00,B2752,0.394,0.0,0.8,118.99,-0.7260000000000001,19038.399999999998,20942.239999999998,1.12
2011-01-25 09:00:00,B2752,0.394,0.0,1.57,118.99,-1.5859999999999999,19038.399999999998,20942.239999999998,1.98
2011-01-25 10:00:00,B2752,0.394,0.0,2.19,118.99,-2.2159999999999997,19038.399999999998,20942.239999999998,2.61
2011-01-25 11:00:00,B2752,0.394,0.0,2.59,118.99,-2.646,19038.399999999998,20942.239999999998,3.04
2011-01-25 12:00:00,B2752,2.584,0.0,2.85,118.99,-0.7359999999999998,19038.399999999998,20942.239999999998,3.32
2011-01-25 13:00:00,B2752,0.707,0.0,2.75,118.99,-2.5330000000000004,19038.399999999998,20942.239999999998,3.24
2011-01-25 14:00:00,B2752,0.394,0.0,2.16,118.99,-2.226,19038.399999999998,20942.239999999998,2.62
2011-01-25 15:00:00,B2752,0.394,0.0,1.4,118.99,-1.2959999999999998,19038.399999999998,20942.239999999998,1.69
2011-01-25 16:00:00,B2752,0.394,0.0,0.0,118.99,0.314,19038.399999999998,20942.239999999998,0.08
2011-01-25 17:00:00,B2752,0.707,0.0,0.0,118.99,0.707,19038.399999999998,20942.239999999998,0.0
2011-01-25 18:00:00,B2752,2.584,0.0,0.0,118.99,2.584,19038.399999999998,20942.239999999998,0.0
2011-01-25 19:00:00,B2752,3.21,0.0,0.0,118.99,3.21,19038.399999999998,20942.239999999998,0.0
2011-01-25 20:00:00,B2752,0.707,0.0,0.0,118.99,0.707,19038.399999999998,20942.239999999998,0.0
2011-01-25 21:00:00,B2752,0.704,0.0,0.0,118.99,0.704,19038.399999999998,20942.239999999998,0.0
2011-01-25 22:00:00,B2752,0.704,0.0,0.0,118.99,0.704,19038.399999999998,20942.239999999998,0.0
2011-01-25 23:00:00,B2752,0.391,0.0,0.0,118.99,0.391,19038.399999999998,20942.239999999998,0.0
2011-01-26 00:00:00,B2752,2.791,2.4,0.0,118.99,2.791,19038.399999999998,20942.239999999998,0.0
2011-01-26 01:00:00,B2752,2.791,2.4,0.0,118.99,2.791,19038.399999999998,20942.239999999998,0.0
2011-01-26 02:00:00,B2752,2.791,2.4,0.0,118.99,2.791,19038.399999999998,20942.239999999998,0.0
2011-01-26 03:00:00,B2752,2.791,2.4,0.0,118.99,2.791,19038.399999999998,20942.239999999998,0.0
2011-01-26 04:00:00,B2752,2.791,2.4,0.0,118.99,2.791,19038.399999999998,20942.239999999998,0.0
2011-01-26 05:00:00,B2752,0.704,0.0,0.0,118.99,0.704,19038.399999999998,20942.239999999998,0.0
2011-01-26 06:00:00,B2752,2.584,0.0,0.0,118.99,2.584,19038.399999999998,20942.239999999998,0.0
2011-01-26 07:00:00,B2752,0.707,0.0,0.0,118.99,0.707,19038.399999999998,20942.239999999998,0.0
2011-01-26 08:00:00,B2752,0.394,0.0,0.92,118.99,-0.926,19038.399999999998,20942.239999999998,1.32
2011-01-26 09:00:00,B2752,0.394,0.0,1.62,118.99,-1.726,19038.399999999998,20942.239999999998,2.12
2011-01-26 10:00:00,B2752,0.394,0.0,1.83,118.99,-1.876,19038.399999999998,20942.239999999998,2.27
2011-01-26 11:00:00,B2752,0.394,0.0,1.94,118.99,-1.9459999999999997,19038.399999999998,20942.239999999998,2.34
2011-01-26 12:00:00,B2752,2.584,0.0,1.82,118.99,0.3740000000000001,19038.399999999998,20942.239999999998,2.21
2011-01-26 13:00:00,B2752,0.707,0.0,1.57,118.99,-1.263,19038.399999999998,20942.239999999998,1.97
2011-01-26 14:00:00,B2752,0.394,0.0,1.41,118.99,-1.4060000000000001,19038.399999999998,20942.239999999998,1.8
2011-01-26 15:00:00,B2752,0.394,0.0,1.15,118.99,-1.116,19038.399999999998,20942.239999999998,1.51
2011-01-26 16:00:00,B2752,0.394,0.0,0.63,118.99,-0.43599999999999994,19038.399999999998,20942.239999999998,0.83
2011-01-26 17:00:00,B2752,0.707,0.0,0.0,118.99,0.707,19038.399999999998,20942.239999999998,0.0
2011-01-26 18:00:00,B2752,2.584,0.0,0.0,118.99,2.584,19038.399999999998,20942.239999999998,0.0
2011-01-26 19:00:00,B2752,3.21,0.0,0.0,118.99,3.21,19038.399999999998,20942.239999999998,0.0
2011-01-26 20:00:00,B2752,0.707,0.0,0.0,118.99,0.707,19038.399999999998,20942.239999999998,0.0
2011-01-26 21:00:00,B2752,0.704,0.0,0.0,118.99,0.704,19038.399999999998,20942.239999999998,0.0
2011-01-26 22:00:00,B2752,0.704,0.0,0.0,118.99,0.704,19038.399999999998,20942.239999999998,0.0
2011-01-26 23:00:00,B2752,0.391,0.0,0.0,118.99,0.391,19038.399999999998,20942.239999999998,0.0
2011-01-27 00:00:00,B2752,2.791,2.4,0.0,118.99,2.791,19038.399999999998,20942.239999999998,0.0
2011-01-27 01:00:00,B2752,2.791,2.4,0.0,118.99,2.791,19038.399999999998,20942.239999999998,0.0
2011-01-27 02:00:00,B2752,2.791,2.4,0.0,118.99,2.791,19038.399999999998,20942.239999999998,0.0
2011-01-27 03:00:00,B2752,2.791,2.4,0.0,118.99,2.791,19038.399999999998,20942.239999999998,0.0
2011-01-27 04:00:00,B2752,2.791,2.4,0.0,118.99,2.791,19038.399999999998,20942.239999999998,0.0
2011-01-27 05:00:00,B2752,0.704,0.0,0.0,118.99,0.704,19038.399999999998,20942.239999999998,0.0
2011-01-27 06:00:00,B2752,2.584,0.0,0.0,118.99,2.584,19038.399999999998,20942.239999999998,0.0
2011-01-27 07:00:00,B2752,0.707,0.0,0.0,118.99,0.707,19038.399999999998,20942.239999999998,0.0
2011-01-27 08:00:00,B2752,0.394,0.0,0.73,118.99,-0.636,19038.399999999998,20942.239999999998,1.03
2011-01-27 09:00:00,B2752,0.394,0.0,1.4,118.99,-1.3860000000000001,19038.399999999998,20942.239999999998,1.78
2011-01-27 10:00:00,B2752,0.394,0.0,2.02,118.99,-2.066,19038.399999999998,20942.239999999998,2.46
2011-01-27 11:00:00,B2752,0.394,0.0,2.38,118.99,-2.416,19038.399999999998,20942.239999999998,2.81
2011-01-27 12:00:00,B2752,2.584,0.0,2.74,118.99,-0.6160000000000001,19038.399999999998,20942.239999999998,3.2
2011-01-27 13:00:00,B2752,0.707,0.0,2.74,118.99,-2.543,19038.399999999998,20942.239999999998,3.25
2011-01-27 14:00:00,B2752,0.394,0.0,2.06,118.99,-2.126,19038.399999999998,20942.239999999998,2.52
2011-01-27 15:00:00,B2752,0.394,0.0,1.43,118.99,-1.3860000000000001,19038.399999999998,20942.239999999998,1.78
2011-01-27 16:00:00,B2752,0.394,0.0,0.63,118.99,-0.41600000000000004,19038.399999999998,20942.239999999998,0.81
2011-01-27 17:00:00,B2752,0.707,0.0,0.0,118.99,0.707,19038.399999999998,20942.239999999998,0.0
2011-01-27 18:00:00,B2752,2.584,0.0,0.0,118.99,2.584,19038.399999999998,20942.239999999998,0.0
2011-01-27 19:00:00,B2752,3.21,0.0,0.0,118.99,3.21,19038.399999999998,20942.239999999998,0.0
2011-01-27 20:00:00,B2752,0.707,0.0,0.0,118.99,0.707,19038.399999999998,20942.239999999998,0.0
2011-01-27 21:00:00,B2752,0.704,0.0,0.0,118.99,0.704,19038.399999999998,20942.239999999998,0.0
2011-01-27 22:00:00,B2752,0.704,0.0,0.0,118.99,0.704,19038.399999999998,20942.239999999998,0.0
2011-01-27 23:00:00,B2752,0.391,0.0,0.0,118.99,0.391,19038.399999999998,20942.239999999998,0.0
2011-01-28 00:00:00,B2752,2.791,2.4,0.0,118.99,2.791,19038.399999999998,20942.239999999998,0.0
2011-01-28 01:00:00,B2752,2.791,2.4,0.0,118.99,2.791,19038.399999999998,20942.239999999998,0.0
2011-01-28 02:00:00,B2752,2.791,2.4,0.0,118.99,2.791,19038.399999999998,20942.239999999998,0.0
2011-01-28 03:00:00,B2752,2.791,2.4,0.0,118.99,2.791,19038.399999999998,20942.239999999998,0.0
2011-01-28 04:00:00,B2752,2.791,2.4,0.0,118.99,2.791,19038.399999999998,20942.239999999998,0.0
2011-01-28 05:00:00,B2752,0.704,0.0,0.0,118.99,0.704,19038.399999999998,20942.239999999998,0.0
2011-01-28 06:00:00,B2752,2.584,0.0,0.0,118.99,2.584,19038.399999999998,20942.239999999998,0.0
2011-01-28 07:00:00,B2752,0.707,0.0,0.0,118.99,0.707,19038.399999999998,20942.239999999998,0.0
2011-01-28 08:00:00,B2752,0.394,0.0,0.61,118.99,-0.5459999999999999,19038.399999999998,20942.239999999998,0.94
2011-01-28 09:00:00,B2752,0.394,0.0,1.27,118.99,-1.2759999999999998,19038.399999999998,20942.239999999998,1.67
2011-01-28 10:00:00,B2752,0.394,0.0,1.61,118.99,-1.596,19038.399999999998,20942.239999999998,1.99
2011-01-28 11:00:00,B2752,0.394,0.0,1.83,118.99,-1.8159999999999998,19038.399999999998,20942.239999999998,2.21
2011-01-28 12:00:00,B2752,2.584,0.0,1.88,118.99,0.3340000000000001,19038.399999999998,20942.239999999998,2.25
2011-01-28 13:00:00,B2752,0.707,0.0,1.65,118.99,-1.3330000000000002,19038.399999999998,20942.239999999998,2.04
2011-01-28 14:00:00,B2752,0.394,0.0,1.41,118.99,-1.3860000000000001,19038.399999999998,20942.239999999998,1.78
2011-01-28 15:00:00,B2752,0.394,0.0,1.23,118.99,-1.1760000000000002,19038.399999999998,20942.239999999998,1.57
2011-01-28 16:00:00,B2752,0.394,0.0,0.7,118.99,-0.486,19038.399999999998,20942.239999999998,0.88
2011-01-28 17:00:00,B2752,0.707,0.0,0.0,118.99,0.707,19038.399999999998,20942.239999999998,0.0
2011-01-28 18:00:00,B2752,2.584,0.0,0.0,118.99,2.584,19038.399999999998,20942.239999999998,0.0
2011-01-28 19:00:00,B2752,3.21,0.0,0.0,118.99,3.21,19038.399999999998,20942.239999999998,0.0
2011-01-28 20:00:00,B2752,0.707,0.0,0.0,118.99,0.707,19038.399999999998,20942.239999999998,0.0
2011-01-28 21:00:00,B2752,0.704,0.0,0.0,118.99,0.704,19038.399999999998,20942.239999999998,0.0
2011-01-28 22:00:00,B2752,0.704,0.0,0.0,118.99,0.704,19038.399999999998,20942.239999999998,0.0
2011-01-28 23:00:00,B2752,0.391,0.0,0.0,118.99,0.391,19038.399999999998,20942.239999999998,0.0
2011-01-29 00:00:00,B2752,0.391,0.0,0.0,118.99,0.391,19038.399999999998,20942.239999999998,0.0
2011-01-29 01:00:00,B2752,0.391,0.0,0.0,118.99,0.391,19038.399999999998,20942.239999999998,0.0
2011-01-29 02:00:00,B2752,0.391,0.0,0.0,118.99,0.391,19038.399999999998,20942.239999999998,0.0
2011-01-29 03:00:00,B2752,0.391,0.0,0.0,118.99,0.391,19038.399999999998,20942.239999999998,0.0
2011-01-29 04:00:00,B2752,0.391,0.0,0.0,118.99,0.391,19038.399999999998,20942.239999999998,0.0
2011-01-29 05:00:00,B2752,0.704,0.0,0.0,118.99,0.704,19038.399999999998,20942.239999999998,0.0
2011-01-29 06:00:00,B2752,2.584,0.0,0.0,118.99,2.584,19038.399999999998,20942.239999999998,0.0
2011-01-29 07:00:00,B2752,0.707,0.0,0.0,118.99,0.707,19038.399999999998,20942.239999999998,0.0
2011-01-29 08:00:00,B2752,2.794,2.4,0.79,118.99,1.604,19038.399999999998,20942.239999999998,1.19
2011-01-29 09:00:00,B2752,2.794,2.4,1.35,118.99,0.994,19038.399999999998,20942.239999999998,1.8
2011-01-29 10:00:00,B2752,2.794,2.4,1.65,118.99,0.7440000000000002,19038.399999999998,20942.239999999998,2.05
2011-01-29 11:00:00,B2752,2.794,2.4,2.2,118.99,0.17399999999999993,19038.399999999998,20942.239999999998,2.62
2011-01-29 12:00:00,B2752,4.984,2.4,2.46,118.99,2.084,19038.399999999998,20942.239999999998,2.9
2011-01-29 13:00:00,B2752,0.707,0.0,2.01,118.99,-1.7230000000000003,19038.399999999998,20942.239999999998,2.43
2011-01-29 14:00:00,B2752,0.394,0.0,1.66,118.99,-1.686,19038.399999999998,20942.239999999998,2.08
2011-01-29 15:00:00,B2752,0.394,0.0,1.4,118.99,-1.366,19038.399999999998,20942.239999999998,1.76
2011-01-29 16:00:00,B2752,0.394,0.0,0.66,118.99,-0.45599999999999996,19038.399999999998,20942.239999999998,0.85
2011-01-29 17:00:00,B2752,0.707,0.0,0.0,118.99,0.707,19038.399999999998,20942.239999999998,0.0
2011-01-29 18:00:00,B2752,2.584,0.0,0.0,118.99,2.584,19038.399999999998,20942.239999999998,0.0
2011-01-29 19:00:00,B2752,3.21,0.0,0.0,118.99,3.21,19038.399999999998,20942.239999999998,0.0
2011-01-29 20:00:00,B2752,0.707,0.0,0.0,118.99,0.707,19038.399999999998,20942.239999999998,0.0
2011-01-29 21:00:00,B2752,0.704,0.0,0.0,118.99,0.704,19038.399999999998,20942.239999999998,0.0
2011-01-29 22:00:00,B2752,0.704,0.0,0.0,118.99,0.704,19038.399999999998,20942.239999999998,0.0
2011-01-29 23:00:00,B2752,0.391,0.0,0.0,118.99,0.391,19038.399999999998,20942.239999999998,0.0
2011-01-30 00:00:00,B2752,0.391,0.0,0.0,118.99,0.391,19038.399999999998,20942.239999999998,0.0
2011-01-30 01:00:00,B2752,0.391,0.0,0.0,118.99,0.391,19038.399999999998,20942.239999999998,0.0
2011-01-30 02:00:00,B2752,0.391,0.0,0.0,118.99,0.391,19038.399999999998,20942.239999999998,0.0
2011-01-30 03:00:00,B2752,0.391,0.0,0.0,118.99,0.391,19038.399999999998,20942.239999999998,0.0
2011-01-30 04:00:00,B2752,0.391,0.0,0.0,118.99,0.391,19038.399999999998,20942.239999999998,0.0
2011-01-30 05:00:00,B2752,0.704,0.0,0.0,118.99,0.704,19038.399999999998,20942.239999999998,0.0
2011-01-30 06:00:00,B2752,2.584,0.0,0.0,118.99,2.584,19038.399999999998,20942.239999999998,0.0
2011-01-30 07:00:00,B2752,0.707,0.0,0.0,118.99,0.707,19038.399999999998,20942.239999999998,0.0
2011-01-30 08:00:00,B2752,2.794,2.4,0.63,118.99,1.764,19038.399999999998,20942.239999999998,1.03
2011-01-30 09:00:00,B2752,2.794,2.4,1.1,118.99,1.254,19038.399999999998,20942.239999999998,1.54
2011-01-30 10:00:00,B2752,2.794,2.4,1.32,118.99,1.094,19038.399999999998,20942.239999999998,1.7
2011-01-30 11:00:00,B2752,2.794,2.4,1.47,118.99,0.984,19038.399999999998,20942.239999999998,1.81
2011-01-30 12:00:00,B2752,4.984,2.4,1.6,118.99,3.024,19038.399999999998,20942.239999999998,1.96
2011-01-30 13:00:00,B2752,0.707,0.0,1.6,118.99,-1.283,19038.399999999998,20942.239999999998,1.99
2011-01-30 14:00:00,B2752,0.394,0.0,1.46,118.99,-1.456,19038.399999999998,20942.239999999998,1.85
2011-01-30 15:00:00,B2752,0.394,0.0,1.24,118.99,-1.206,19038.399999999998,20942.239999999998,1.6
2011-01-30 16:00:00,B2752,0.394,0.0,0.66,118.99,-0.46599999999999997,19038.399999999998,20942.239999999998,0.86
2011-01-30 17:00:00,B2752,0.707,0.0,0.0,118.99,0.707,19038.399999999998,20942.239999999998,0.0
2011-01-30 18:00:00,B2752,2.584,0.0,0.0,118.99,2.584,19038.399999999998,20942.239999999998,0.0
2011-01-30 19:00:00,B2752,3.21,0.0,0.0,118.99,3.21,19038.399999999998,20942.239999999998,0.0
2011-01-30 20:00:00,B2752,0.707,0.0,0.0,118.99,0.707,19038.399999999998,20942.239999999998,0.0
2011-01-30 21:00:00,B2752,0.704,0.0,0.0,118.99,0.704,19038.399999999998,20942.239999999998,0.0
2011-01-30 22:00:00,B2752,0.704,0.0,0.0,118.99,0.704,19038.399999999998,20942.239999999998,0.0
2011-01-30 23:00:00,B2752,0.391,0.0,0.0,118.99,0.391,19038.399999999998,20942.239999999998,0.0
2011-01-31 00:00:00,B2752,2.791,2.4,0.0,118.99,2.791,19038.399999999998,20942.239999999998,0.0
2011-01-31 01:00:00,B2752,2.791,2.4,0.0,118.99,2.791,19038.399999999998,20942.239999999998,0.0
2011-01-31 02:00:00,B2752,2.791,2.4,0.0,118.99,2.791,19038.399999999998,20942.239999999998,0.0
2011-01-31 03:00:00,B2752,2.791,2.4,0.0,118.99,2.791,19038.399999999998,20942.239999999998,0.0
2011-01-31 04:00:00,B2752,2.791,2.4,0.0,118.99,2.791,19038.399999999998,20942.239999999998,0.0
2011-01-31 05:00:00,B2752,0.704,0.0,0.0,118.99,0.704,19038.399999999998,20942.239999999998,0.0
2011-01-31 06:00:00,B2752,2.584,0.0,0.0,118.99,2.584,19038.399999999998,20942.239999999998,0.0
2011-01-31 07:00:00,B2752,0.707,0.0,0.0,118.99,0.707,19038.399999999998,20942.239999999998,0.0
2011-01-31 08:00:00,B2752,0.394,0.0,0.58,118.99,-0.596,19038.399999999998,20942.239999999998,0.99
2011-01-31 09:00:00,B2752,0.394,0.0,1.04,118.99,-1.0859999999999999,19038.399999999998,20942.239999999998,1.48
2011-01-31 10:00:00,B2752,0.394,0.0,1.31,118.99,-1.2959999999999998,19038.399999999998,20942.239999999998,1.69
2011-01-31 11:00:00,B2752,0.394,0.0,1.45,118.99,-1.396,19038.399999999998,20942.239999999998,1.79
2011-01-31 12:00:00,B2752,2.584,0.0,1.55,118.99,0.6840000000000002,19038.399999999998,20942.239999999998,1.9
2011-01-31 13:00:00,B2752,0.707,0.0,1.59,118.99,-1.283,19038.399999999998,20942.239999999998,1.99
2011-01-31 14:00:00,B2752,0.394,0.0,1.52,118.99,-1.556,19038.399999999998,20942.239999999998,1.95
2011-01-31 15:00:00,B2752,0.394,0.0,1.34,118.99,-1.3359999999999999,19038.399999999998,20942.239999999998,1.73
2011-01-31 16:00:00,B2752,0.394,0.0,0.72,118.99,-0.5459999999999999,19038.399999999998,20942.239999999998,0.94
2011-01-31 17:00:00,B2752,0.707,0.0,0.0,118.99,0.707,19038.399999999998,20942.239999999998,0.0
2011-01-31 18:00:00,B2752,2.584,0.0,0.0,118.99,2.584,19038.399999999998,20942.239999999998,0.0
2011-01-31 19:00:00,B2752,3.21,0.0,0.0,118.99,3.21,19038.399999999998,20942.239999999998,0.0
2011-01-31 20:00:00,B2752,0.707,0.0,0.0,118.99,0.707,19038.399999999998,20942.239999999998,0.0
2011-01-31 21:00:00,B2752,0.704,0.0,0.0,118.99,0.704,19038.399999999998,20942.239999999998,0.0
2011-01-31 22:00:00,B2752,0.704,0.0,0.0,118.99,0.704,19038.399999999998,20942.239999999998,0.0
2011-01-31 23:00:00,B2752,0.391,0.0,0.0,118.99,0.391,19038.399999999998,20942.239999999998,0.0
2011-02-01 00:00:00,B2752,2.791,2.4,0.0,118.99,2.791,19038.399999999998,20942.239999999998,0.0
2011-02-01 01:00:00,B2752,2.791,2.4,0.0,118.99,2.791,19038.399999999998,20942.239999999998,0.0
2011-02-01 02:00:00,B2752,2.791,2.4,0.0,118.99,2.791,19038.399999999998,20942.239999999998,0.0
2011-02-01 03:00:00,B2752,2.791,2.4,0.0,118.99,2.791,19038.399999999998,20942.239999999998,0.0
2011-02-01 04:00:00,B2752,2.791,2.4,0.0,118.99,2.791,19038.399999999998,20942.239999999998,0.0
2011-02-01 05:00:00,B2752,0.704,0.0,0.0,118.99,0.704,19038.399999999998,20942.239999999998,0.0
2011-02-01 06:00:00,B2752,2.584,0.0,0.0,118.99,2.584,19038.399999999998,20942.239999999998,0.0
2011-02-01 07:00:00,B2752,0.707,0.0,0.0,118.99,0.707,19038.399999999998,20942.239999999998,0.0
2011-02-01 08:00:00,B2752,0.394,0.0,0.8,118.99,-0.8059999999999999,19038.399999999998,20942.239999999998,1.2
2011-02-01 09:00:00,B2752,0.394,0.0,1.38,118.99,-1.456,19038.399999999998,20942.239999999998,1.85
2011-02-01 10:00:00,B2752,0.394,0.0,1.9,118.99,-1.956,19038.399999999998,20942.239999999998,2.35
2011-02-01 11:00:00,B2752,0.394,0.0,2.06,118.99,-2.076,19038.399999999998,20942.239999999998,2.47
2011-02-01 12:00:00,B2752,2.584,0.0,1.81,118.99,0.4039999999999999,19038.399999999998,20942.239999999998,2.18
2011-02-01 13:00:00,B2752,0.707,0.0,1.71,118.99,-1.403,19038.399999999998,20942.239999999998,2.11
2011-02-01 14:00:00,B2752,0.394,0.0,1.57,118.99,-1.6059999999999999,19038.399999999998,20942.239999999998,2.0
2011-02-01 15:00:00,B2752,0.394,0.0,1.28,118.99,-1.2559999999999998,19038.399999999998,20942.239999999998,1.65
2011-02-01 16:00:00,B2752,0.394,0.0,0.75,118.99,-0.576,19038.399999999998,20942.239999999998,0.97
2011-02-01 17:00:00,B2752,0.707,0.0,0.0,118.99,0.707,19038.399999999998,20942.239999999998,0.0
2011-02-01 18:00:00,B2752,2.584,0.0,0.0,118.99,2.584,19038.399999999998,20942.239999999998,0.0
2011-02-01 19:00:00,B2752,3.21,0.0,0.0,118.99,3.21,19038.399999999998,20942.239999999998,0.0
2011-02-01 20:00:00,B2752,0.707,0.0,0.0,118.99,0.707,19038.399999999998,20942.239999999998,0.0
2011-02-01 21:00:00,B2752,0.704,0.0,0.0,118.99,0.704,19038.399999999998,20942.239999999998,0.0
2011-02-01 22:00:00,B2752,0.704,0.0,0.0,118.99,0.704,19038.399999999998,20942.239999999998,0.0
2011-02-01 23:00:00,B2752,0.391,0.0,0.0,118.99,0.391,19038.399999999998,20942.239999999998,0.0
2011-02-02 00:00:00,B2752,2.791,2.4,0.0,118.99,2.791,19038.399999999998,20942.239999999998,0.0
2011-02-02 01:00:00,B2752,2.791,2.4,0.0,118.99,2.791,19038.399999999998,20942.239999999998,0.0
2011-02-02 02:00:00,B2752,2.791,2.4,0.0,118.99,2.791,19038.399999999998,20942.239999999998,0.0
2011-02-02 03:00:00,B2752,2.791,2.4,0.0,118.99,2.791,19038.399999999998,20942.239999999998,0.0
2011-02-02 04:00:00,B2752,2.791,2.4,0.0,118.99,2.791,19038.399999999998,20942.239999999998,0.0
2011-02-02 05:00:00,B2752,0.704,0.0,0.0,118.99,0.704,19038.399999999998,20942.239999999998,0.0
2011-02-02 06:00:00,B2752,2.584,0.0,0.0,118.99,2.584,19038.399999999998,20942.239999999998,0.0
2011-02-02 07:00:00,B2752,0.707,0.0,0.0,118.99,0.707,19038.399999999998,20942.239999999998,0.0
2011-02-02 08:00:00,B2752,0.394,0.0,1.14,118.99,-1.146,19038.399999999998,20942.239999999998,1.54
2011-02-02 09:00:00,B2752,0.394,0.0,1.95,118.99,-2.096,19038.399999999998,20942.239999999998,2.49
2011-02-02 10:00:00,B2752,0.394,0.0,2.56,118.99,-2.686,19038.399999999998,20942.239999999998,3.08
2011-02-02 11:00:00,B2752,0.394,0.0,3.13,118.99,-3.256,19038.399999999998,20942.239999999998,3.65
2011-02-02 12:00:00,B2752,2.584,0.0,3.46,118.99,-1.416,19038.399999999998,20942.239999999998,4.0
2011-02-02 13:00:00,B2752,0.707,0.0,3.5,118.99,-3.383,19038.399999999998,20942.239999999998,4.09
2011-02-02 14:00:00,B2752,0.394,0.0,3.18,118.99,-3.3659999999999997,19038.399999999998,20942.239999999998,3.76
2011-02-02 15:00:00,B2752,0.394,0.0,2.32,118.99,-2.4259999999999997,19038.399999999998,20942.239999999998,2.82
2011-02-02 16:00:00,B2752,0.394,0.0,1.02,118.99,-0.846,19038.399999999998,20942.239999999998,1.24
2011-02-02 17:00:00,B2752,0.707,0.0,0.0,118.99,0.707,19038.399999999998,20942.239999999998,0.0
2011-02-02 18:00:00,B2752,2.584,0.0,0.0,118.99,2.584,19038.399999999998,20942.239999999998,0.0
2011-02-02 19:00:00,B2752,3.21,0.0,0.0,118.99,3.21,19038.399999999998,20942.239999999998,0.0
2011-02-02 20:00:00,B2752,0.707,0.0,0.0,118.99,0.707,19038.399999999998,20942.239999999998,0.0
2011-02-02 21:00:00,B2752,0.704,0.0,0.0,118.99,0.704,19038.399999999998,20942.239999999998,0.0
2011-02-02 22:00:00,B2752,0.704,0.0,0.0,118.99,0.704,19038.399999999998,20942.239999999998,0.0
2011-02-02 23:00:00,B2752,0.391,0.0,0.0,118.99,0.391,19038.399999999998,20942.239999999998,0.0
2011-02-03 00:00:00,B2752,2.791,2.4,0.0,118.99,2.791,19038.399999999998,20942.239999999998,0.0
2011-02-03 01:00:00,B2752,2.791,2.4,0.0,118.99,2.791,19038.399999999998,20942.239999999998,0.0
2011-02-03 02:00:00,B2752,2.791,2.4,0.0,118.99,2.791,19038.399999999998,20942.239999999998,0.0
2011-02-03 03:00:00,B2752,2.791,2.4,0.0,118.99,2.791,19038.399999999998,20942.239999999998,0.0
2011-02-03 04:00:00,B2752,2.791,2.4,0.0,118.99,2.791,19038.399999999998,20942.239999999998,0.0
2011-02-03 05:00:00,B2752,0.704,0.0,0.0,118.99,0.704,19038.399999999998,20942.239999999998,0.0
2011-02-03 06:00:00,B2752,2.584,0.0,0.0,118.99,2.584,19038.399999999998,20942.239999999998,0.0
2011-02-03 07:00:00,B2752,0.707,0.0,0.0,118.99,0.707,19038.399999999998,20942.239999999998,0.0
2011-02-03 08:00:00,B2752,0.394,0.0,0.97,118.99,-0.836,19038.399999999998,20942.239999999998,1.23
2011-02-03 09:00:00,B2752,0.394,0.0,1.76,118.99,-1.8159999999999998,19038.399999999998,20942.239999999998,2.21
2011-02-03 10:00:00,B2752,0.394,0.0,2.35,118.99,-2.456,19038.399999999998,20942.239999999998,2.85
2011-02-03 11:00:00,B2752,0.394,0.0,2.02,118.99,-2.026,19038.399999999998,20942.239999999998,2.42
2011-02-03 12:00:00,B2752,2.582,0.0,1.77,118.99,0.4419999999999997,19038.399999999998,20942.239999999998,2.14
2011-02-03 13:00:00,B2752,0.707,0.0,1.64,118.99,-1.3330000000000002,19038.399999999998,20942.239999999998,2.04
2011-02-03 14:00:00,B2752,0.394,0.0,1.52,118.99,-1.5459999999999998,19038.399999999998,20942.239999999998,1.94
2011-02-03 15:00:00,B2752,0.394,0.0,1.36,118.99,-1.3559999999999999,19038.399999999998,20942.239999999998,1.75
2011-02-03 16:00:00,B2752,0.394,0.0,0.81,118.99,-0.646,19038.399999999998,20942.239999999998,1.04
2011-02-03 17:00:00,B2752,0.707,0.0,0.0,118.99,0.707,19038.399999999998,20942.239999999998,0.0
2011-02-03 18:00:00,B2752,2.584,0.0,0.0,118.99,2.584,19038.399999999998,20942.239999999998,0.0
2011-02-03 19:00:00,B2752,3.208,0.0,0.0,118.99,3.208,19038.399999999998,20942.239999999998,0.0
2011-02-03 20:00:00,B2752,0.707,0.0,0.0,118.99,0.707,19038.399999999998,20942.239999999998,0.0
2011-02-03 21:00:00,B2752,0.704,0.0,0.0,118.99,0.704,19038.399999999998,20942.239999999998,0.0
2011-02-03 22:00:00,B2752,0.704,0.0,0.0,118.99,0.704,19038.399999999998,20942.239999999998,0.0
2011-02-03 23:00:00,B2752,0.391,0.0,0.0,118.99,0.391,19038.399999999998,20942.239999999998,0.0
2011-02-04 00:00:00,B2752,2.791,2.4,0.0,118.99,2.791,19038.399999999998,20942.239999999998,0.0
2011-02-04 01:00:00,B2752,2.791,2.4,0.0,118.99,2.791,19038.399999999998,20942.239999999998,0.0
2011-02-04 02:00:00,B2752,2.791,2.4,0.0,118.99,2.791,19038.399999999998,20942.239999999998,0.0
2011-02-04 03:00:00,B2752,2.791,2.4,0.0,118.99,2.791,19038.399999999998,20942.239999999998,0.0
2011-02-04 04:00:00,B2752,2.791,2.4,0.0,118.99,2.791,19038.399999999998,20942.239999999998,0.0
2011-02-04 05:00:00,B2752,0.704,0.0,0.0,118.99,0.704,19038.399999999998,20942.239999999998,0.0
2011-02-04 06:00:00,B2752,2.584,0.0,0.0,118.99,2.584,19038.399999999998,20942.239999999998,0.0
2011-02-04 07:00:00,B2752,0.707,0.0,0.0,118.99,0.707,19038.399999999998,20942.239999999998,0.0
2011-02-04 08:00:00,B2752,0.394,0.0,0.78,118.99,-0.826,19038.399999999998,20942.239999999998,1.22
2011-02-04 09:00:00,B2752,0.394,0.0,1.36,118.99,-1.4660000000000002,19038.399999999998,20942.239999999998,1.86
2011-02-04 10:00:00,B2752,0.394,0.0,1.81,118.99,-1.8659999999999997,19038.399999999998,20942.239999999998,2.26
2011-02-04 11:00:00,B2752,0.394,0.0,2.21,118.99,-2.2359999999999998,19038.399999999998,20942.239999999998,2.63
2011-02-04 12:00:00,B2752,2.584,0.0,2.5,118.99,-0.35599999999999987,19038.399999999998,20942.239999999998,2.94
2011-02-04 13:00:00,B2752,0.707,0.0,2.69,118.99,-2.483,19038.399999999998,20942.239999999998,3.19
2011-02-04 14:00:00,B2752,0.394,0.0,2.56,118.99,-2.706,19038.399999999998,20942.239999999998,3.1
2011-02-04 15:00:00,B2752,0.394,0.0,2.15,118.99,-2.256,19038.399999999998,20942.239999999998,2.65
2011-02-04 16:00:00,B2752,0.394,0.0,1.26,118.99,-1.116,19038.399999999998,20942.239999999998,1.51
2011-02-04 17:00:00,B2752,0.707,0.0,0.0,118.99,0.707,19038.399999999998,20942.239999999998,0.0
2011-02-04 18:00:00,B2752,2.584,0.0,0.0,118.99,2.584,19038.399999999998,20942.239999999998,0.0
2011-02-04 19:00:00,B2752,3.208,0.0,0.0,118.99,3.208,19038.399999999998,20942.239999999998,0.0
2011-02-04 20:00:00,B2752,0.707,0.0,0.0,118.99,0.707,19038.399999999998,20942.239999999998,0.0
2011-02-04 21:00:00,B2752,0.704,0.0,0.0,118.99,0.704,19038.399999999998,20942.239999999998,0.0
2011-02-04 22:00:00,B2752,0.704,0.0,0.0,118.99,0.704,19038.399999999998,20942.239999999998,0.0
2011-02-04 23:00:00,B2752,0.391,0.0,0.0,118.99,0.391,19038.399999999998,20942.239999999998,0.0
2011-02-05 00:00:00,B2752,0.391,0.0,0.0,118.99,0.391,19038.399999999998,20942.239999999998,0.0
2011-02-05 01:00:00,B2752,0.391,0.0,0.0,118.99,0.391,19038.399999999998,20942.239999999998,0.0
2011-02-05 02:00:00,B2752,0.391,0.0,0.0,118.99,0.391,19038.399999999998,20942.239999999998,0.0
2011-02-05 03:00:00,B2752,0.391,0.0,0.0,118.99,0.391,19038.399999999998,20942.239999999998,0.0
2011-02-05 04:00:00,B2752,0.391,0.0,0.0,118.99,0.391,19038.399999999998,20942.239999999998,0.0
2011-02-05 05:00:00,B2752,0.704,0.0,0.0,118.99,0.704,19038.399999999998,20942.239999999998,0.0
2011-02-05 06:00:00,B2752,2.584,0.0,0.0,118.99,2.584,19038.399999999998,20942.239999999998,0.0
2011-02-05 07:00:00,B2752,0.707,0.0,0.0,118.99,0.707,19038.399999999998,20942.239999999998,0.0
2011-02-05 08:00:00,B2752,2.794,2.4,0.63,118.99,1.744,19038.399999999998,20942.239999999998,1.05
2011-02-05 09:00:00,B2752,2.794,2.4,1.02,118.99,1.334,19038.399999999998,20942.239999999998,1.46
2011-02-05 10:00:00,B2752,2.794,2.4,1.36,118.99,1.044,19038.399999999998,20942.239999999998,1.75
2011-02-05 11:00:00,B2752,2.794,2.4,1.57,118.99,0.8840000000000001,19038.399999999998,20942.239999999998,1.91
2011-02-05 12:00:00,B2752,4.984,2.4,1.76,118.99,2.874,19038.399999999998,20942.239999999998,2.11
2011-02-05 13:00:00,B2752,0.707,0.0,1.79,118.99,-1.4730000000000003,19038.399999999998,20942.239999999998,2.18
2011-02-05 14:00:00,B2752,0.394,0.0,1.57,118.99,-1.5859999999999999,19038.399999999998,20942.239999999998,1.98
2011-02-05 15:00:00,B2752,0.394,0.0,1.43,118.99,-1.376,19038.399999999998,20942.239999999998,1.77
2011-02-05 16:00:00,B2752,0.394,0.0,0.88,118.99,-0.676,19038.399999999998,20942.239999999998,1.07
2011-02-05 17:00:00,B2752,0.707,0.0,0.0,118.99,0.707,19038.399999999998,20942.239999999998,0.0
2011-02-05 18:00:00,B2752,2.584,0.0,0.0,118.99,2.584,19038.399999999998,20942.239999999998,0.0
2011-02-05 19:00:00,B2752,3.21,0.0,0.0,118.99,3.21,19038.399999999998,20942.239999999998,0.0
2011-02-05 20:00:00,B2752,0.707,0.0,0.0,118.99,0.707,19038.399999999998,20942.239999999998,0.0
2011-02-05 21:00:00,B2752,0.704,0.0,0.0,118.99,0.704,19038.399999999998,20942.239999999998,0.0
2011-02-05 22:00:00,B2752,0.704,0.0,0.0,118.99,0.704,19038.399999999998,20942.239999999998,0.0
2011-02-05 23:00:00,B2752,0.391,0.0,0.0,118.99,0.391,19038.399999999998,20942.239999999998,0.0
2011-02-06 00:00:00,B2752,0.391,0.0,0.0,118.99,0.391,19038.399999999998,20942.239999999998,0.0
2011-02-06 01:00:00,B2752,0.391,0.0,0.0,118.99,0.391,19038.399999999998,20942.239999999998,0.0
2011-02-06 02:00:00,B2752,0.391,0.0,0.0,118.99,0.391,19038.399999999998,20942.239999999998,0.0
2011-02-06 03:00:00,B2752,0.391,0.0,0.0,118.99,0.391,19038.399999999998,20942.239999999998,0.0
2011-02-06 04:00:00,B2752,0.391,0.0,0.0,118.99,0.391,19038.399999999998,20942.239999999998,0.0
2011-02-06 05:00:00,B2752,0.704,0.0,0.0,118.99,0.704,19038.399999999998,20942.239999999998,0.0
2011-02-06 06:00:00,B2752,2.584,0.0,0.0,118.99,2.584,19038.399999999998,20942.239999999998,0.0
2011-02-06 07:00:00,B2752,0.707,0.0,0.0,118.99,0.707,19038.399999999998,20942.239999999998,0.0
2011-02-06 08:00:00,B2752,2.794,2.4,0.78,118.99,1.6540000000000001,19038.399999999998,20942.239999999998,1.14
2011-02-06 09:00:00,B2752,2.794,2.4,1.62,118.99,0.714,19038.399999999998,20942.239999999998,2.08
2011-02-06 10:00:00,B2752,2.794,2.4,2.33,118.99,-0.005999999999999783,19038.399999999998,20942.239999999998,2.8
2011-02-06 11:00:00,B2752,2.794,2.4,3.07,118.99,-0.7759999999999998,19038.399999999998,20942.239999999998,3.57
2011-02-06 12:00:00,B2752,4.984,2.4,3.62,118.99,0.8040000000000003,19038.399999999998,20942.239999999998,4.18
2011-02-06 13:00:00,B2752,0.707,0.0,3.11,118.99,-2.923,19038.399999999998,20942.239999999998,3.63
2011-02-06 14:00:00,B2752,0.394,0.0,2.18,118.99,-2.1959999999999997,19038.399999999998,20942.239999999998,2.59
2011-02-06 15:00:00,B2752,0.394,0.0,1.5,118.99,-1.306,19038.399999999998,20942.239999999998,1.7
2011-02-06 16:00:00,B2752,0.394,0.0,0.0,118.99,0.394,19038.399999999998,20942.239999999998,0.0
2011-02-06 17:00:00,B2752,0.707,0.0,0.0,118.99,0.707,19038.399999999998,20942.239999999998,0.0
2011-02-06 18:00:00,B2752,2.584,0.0,0.0,118.99,2.584,19038.399999999998,20942.239999999998,0.0
2011-02-06 19:00:00,B2752,3.208,0.0,0.0,118.99,3.208,19038.399999999998,20942.239999999998,0.0
2011-02-06 20:00:00,B2752,0.707,0.0,0.0,118.99,0.707,19038.399999999998,20942.239999999998,0.0
2011-02-06 21:00:00,B2752,0.704,0.0,0.0,118.99,0.704,19038.399999999998,20942.239999999998,0.0
2011-02-06 22:00:00,B2752,0.704,0.0,0.0,118.99,0.704,19038.399999999998,20942.239999999998,0.0
2011-02-06 23:00:00,B2752,0.391,0.0,0.0,118.99,0.391,19038.399999999998,20942.239999999998,0.0
2011-02-07 00:00:00,B2752,2.791,2.4,0.0,118.99,2.791,19038.399999999998,20942.239999999998,0.0
2011-02-07 01:00:00,B2752,2.791,2.4,0.0,118.99,2.791,19038.399999999998,20942.239999999998,0.0
2011-02-07 02:00:00,B2752,2.791,2.4,0.0,118.99,2.791,19038.399999999998,20942.239999999998,0.0
2011-02-07 03:00:00,B2752,2.791,2.4,0.0,118.99,2.791,19038.399999999998,20942.239999999998,0.0
2011-02-07 04:00:00,B2752,2.791,2.4,0.0,118.99,2.791,19038.399999999998,20942.239999999998,0.0
2011-02-07 05:00:00,B2752,0.704,0.0,0.0,118.99,0.704,19038.399999999998,20942.239999999998,0.0
2011-02-07 06:00:00,B2752,2.584,0.0,0.0,118.99,2.584,19038.399999999998,20942.239999999998,0.0
2011-02-07 07:00:00,B2752,0.707,0.0,0.0,118.99,0.707,19038.399999999998,20942.239999999998,0.0
2011-02-07 08:00:00,B2752,0.394,0.0,1.04,118.99,-0.9959999999999999,19038.399999999998,20942.239999999998,1.39
2011-02-07 09:00:00,B2752,0.394,0.0,2.03,118.99,-2.146,19038.399999999998,20942.239999999998,2.54
2011-02-07 10:00:00,B2752,0.394,0.0,3.14,118.99,-3.316,19038.399999999998,20942.239999999998,3.71
2011-02-07 11:00:00,B2752,0.394,0.0,3.47,118.99,-3.6259999999999994,19038.399999999998,20942.239999999998,4.02
2011-02-07 12:00:00,B2752,2.582,0.0,3.42,118.99,-1.3480000000000003,19038.399999999998,20942.239999999998,3.93
2011-02-07 13:00:00,B2752,0.707,0.0,3.08,118.99,-2.873,19038.399999999998,20942.239999999998,3.58
2011-02-07 14:00:00,B2752,0.394,0.0,2.52,118.99,-2.596,19038.399999999998,20942.239999999998,2.99
2011-02-07 15:00:00,B2752,0.394,0.0,2.03,118.99,-2.096,19038.399999999998,20942.239999999998,2.49
2011-02-07 16:00:00,B2752,0.394,0.0,1.11,118.99,-0.9660000000000001,19038.399999999998,20942.239999999998,1.36
2011-02-07 17:00:00,B2752,0.707,0.0,0.0,118.99,0.707,19038.399999999998,20942.239999999998,0.0
2011-02-07 18:00:00,B2752,2.584,0.0,0.0,118.99,2.584,19038.399999999998,20942.239999999998,0.0
2011-02-07 19:00:00,B2752,3.208,0.0,0.0,118.99,3.208,19038.399999999998,20942.239999999998,0.0
2011-02-07 20:00:00,B2752,0.707,0.0,0.0,118.99,0.707,19038.399999999998,20942.239999999998,0.0
2011-02-07 21:00:00,B2752,0.704,0.0,0.0,118.99,0.704,19038.399999999998,20942.239999999998,0.0
2011-02-07 22:00:00,B2752,0.704,0.0,0.0,118.99,0.704,19038.399999999998,20942.239999999998,0.0
2011-02-07 23:00:00,B2752,0.391,0.0,0.0,118.99,0.391,19038.399999999998,20942.239999999998,0.0
2011-02-08 00:00:00,B2752,2.791,2.4,0.0,118.99,2.791,19038.399999999998,20942.239999999998,0.0
2011-02-08 01:00:00,B2752,2.791,2.4,0.0,118.99,2.791,19038.399999999998,20942.239999999998,0.0
2011-02-08 02:00:00,B2752,2.791,2.4,0.0,118.99,2.791,19038.399999999998,20942.239999999998,0.0
2011-02-08 03:00:00,B2752,2.791,2.4,0.0,118.99,2.791,19038.399999999998,20942.239999999998,0.0
2011-02-08 04:00:00,B2752,2.791,2.4,0.0,118.99,2.791,19038.399999999998,20942.239999999998,0.0
2011-02-08 05:00:00,B2752,0.704,0.0,0.0,118.99,0.704,19038.399999999998,20942.239999999998,0.0
2011-02-08 06:00:00,B2752,2.584,0.0,0.0,118.99,2.584,19038.399999999998,20942.239999999998,0.0
2011-02-08 07:00:00,B2752,0.707,0.0,0.0,118.99,0.707,19038.399999999998,20942.239999999998,0.0
2011-02-08 08:00:00,B2752,0.394,0.0,1.15,118.99,-1.036,19038.399999999998,20942.239999999998,1.43
2011-02-08 09:00:00,B2752,0.394,0.0,1.87,118.99,-1.916,19038.399999999998,20942.239999999998,2.31
2011-02-08 10:00:00,B2752,0.394,0.0,2.7,118.99,-2.806,19038.399999999998,20942.239999999998,3.2
2011-02-08 11:00:00,B2752,0.394,0.0,3.19,118.99,-3.306,19038.399999999998,20942.239999999998,3.7
2011-02-08 12:00:00,B2752,2.582,0.0,3.04,118.99,-0.9180000000000001,19038.399999999998,20942.239999999998,3.5
2011-02-08 13:00:00,B2752,0.707,0.0,2.79,118.99,-2.563,19038.399999999998,20942.239999999998,3.27
2011-02-08 14:00:00,B2752,0.394,0.0,2.34,118.99,-2.4259999999999997,19038.399999999998,20942.239999999998,2.82
2011-02-08 15:00:00,B2752,0.394,0.0,1.73,118.99,-1.7759999999999998,19038.399999999998,20942.239999999998,2.17
2011-02-08 16:00:00,B2752,0.394,0.0,0.97,118.99,-0.816,19038.399999999998,20942.239999999998,1.21
2011-02-08 17:00:00,B2752,0.707,0.0,0.0,118.99,0.6769999999999999,19038.399999999998,20942.239999999998,0.03
2011-02-08 18:00:00,B2752,2.582,0.0,0.0,118.99,2.582,19038.399999999998,20942.239999999998,0.0
2011-02-08 19:00:00,B2752,3.208,0.0,0.0,118.99,3.208,19038.399999999998,20942.239999999998,0.0
2011-02-08 20:00:00,B2752,0.707,0.0,0.0,118.99,0.707,19038.399999999998,20942.239999999998,0.0
2011-02-08 21:00:00,B2752,0.704,0.0,0.0,118.99,0.704,19038.399999999998,20942.239999999998,0.0
2011-02-08 22:00:00,B2752,0.704,0.0,0.0,118.99,0.704,19038.399999999998,20942.239999999998,0.0
2011-02-08 23:00:00,B2752,0.391,0.0,0.0,118.99,0.391,19038.399999999998,20942.239999999998,0.0
2011-02-09 00:00:00,B2752,2.791,2.4,0.0,118.99,2.791,19038.399999999998,20942.239999999998,0.0
2011-02-09 01:00:00,B2752,2.791,2.4,0.0,118.99,2.791,19038.399999999998,20942.239999999998,0.0
2011-02-09 02:00:00,B2752,2.791,2.4,0.0,118.99,2.791,19038.399999999998,20942.239999999998,0.0
2011-02-09 03:00:00,B2752,2.791,2.4,0.0,118.99,2.791,19038.399999999998,20942.239999999998,0.0
2011-02-09 04:00:00,B2752,2.791,2.4,0.0,118.99,2.791,19038.399999999998,20942.239999999998,0.0
2011-02-09 05:00:00,B2752,0.704,0.0,0.0,118.99,0.704,19038.399999999998,20942.239999999998,0.0
2011-02-09 06:00:00,B2752,2.582,0.0,0.0,118.99,2.582,19038.399999999998,20942.239999999998,0.0
2011-02-09 07:00:00,B2752,0.707,0.0,0.0,118.99,0.707,19038.399999999998,20942.239999999998,0.0
2011-02-09 08:00:00,B2752,0.394,0.0,0.88,118.99,-0.8059999999999999,19038.399999999998,20942.239999999998,1.2
2011-02-09 09:00:00,B2752,0.394,0.0,1.63,118.99,-1.6959999999999997,19038.399999999998,20942.239999999998,2.09
2011-02-09 10:00:00,B2752,0.394,0.0,2.13,118.99,-2.1959999999999997,19038.399999999998,20942.239999999998,2.59
2011-02-09 11:00:00,B2752,0.394,0.0,2.52,118.99,-2.546,19038.399999999998,20942.239999999998,2.94
2011-02-09 12:00:00,B2752,2.582,0.0,2.67,118.99,-0.508,19038.399999999998,20942.239999999998,3.09
2011-02-09 13:00:00,B2752,0.707,0.0,2.24,118.99,-1.8930000000000002,19038.399999999998,20942.239999999998,2.6
2011-02-09 14:00:00,B2752,0.394,0.0,1.66,118.99,-1.536,19038.399999999998,20942.239999999998,1.93
2011-02-09 15:00:00,B2752,0.394,0.0,1.12,118.99,-0.876,19038.399999999998,20942.239999999998,1.27
2011-02-09 16:00:00,B2752,0.394,0.0,0.0,118.99,0.35400000000000004,19038.399999999998,20942.239999999998,0.04
2011-02-09 17:00:00,B2752,0.707,0.0,0.0,118.99,0.707,19038.399999999998,20942.239999999998,0.0
2011-02-09 18:00:00,B2752,2.582,0.0,0.0,118.99,2.582,19038.399999999998,20942.239999999998,0.0
2011-02-09 19:00:00,B2752,3.208,0.0,0.0,118.99,3.208,19038.399999999998,20942.239999999998,0.0
2011-02-09 20:00:00,B2752,0.707,0.0,0.0,118.99,0.707,19038.399999999998,20942.239999999998,0.0
2011-02-09 21:00:00,B2752,0.704,0.0,0.0,118.99,0.704,19038.399999999998,20942.239999999998,0.0
2011-02-09 22:00:00,B2752,0.704,0.0,0.0,118.99,0.704,19038.399999999998,20942.239999999998,0.0
2011-02-09 23:00:00,B2752,0.391,0.0,0.0,118.99,0.391,19038.399999999998,20942.239999999998,0.0
2011-02-10 00:00:00,B2752,2.791,2.4,0.0,118.99,2.791,19038.399999999998,20942.239999999998,0.0
2011-02-10 01:00:00,B2752,2.791,2.4,0.0,118.99,2.791,19038.399999999998,20942.239999999998,0.0
2011-02-10 02:00:00,B2752,2.791,2.4,0.0,118.99,2.791,19038.399999999998,20942.239999999998,0.0
2011-02-10 03:00:00,B2752,2.791,2.4,0.0,118.99,2.791,19038.399999999998,20942.239999999998,0.0
2011-02-10 04:00:00,B2752,2.791,2.4,0.0,118.99,2.791,19038.399999999998,20942.239999999998,0.0
2011-02-10 05:00:00,B2752,0.704,0.0,0.0,118.99,0.704,19038.399999999998,20942.239999999998,0.0
2011-02-10 06:00:00,B2752,2.582,0.0,0.0,118.99,2.582,19038.399999999998,20942.239999999998,0.0
2011-02-10 07:00:00,B2752,0.707,0.0,0.0,118.99,0.707,19038.399999999998,20942.239999999998,0.0
2011-02-10 08:00:00,B2752,0.394,0.0,0.0,118.99,0.234,19038.399999999998,20942.239999999998,0.16
2011-02-10 09:00:00,B2752,0.394,0.0,1.42,118.99,-1.2959999999999998,19038.399999999998,20942.239999999998,1.69
2011-02-10 10:00:00,B2752,0.394,0.0,2.07,118.99,-2.066,19038.399999999998,20942.239999999998,2.46
2011-02-10 11:00:00,B2752,0.394,0.0,2.57,118.99,-2.596,19038.399999999998,20942.239999999998,2.99
2011-02-10 12:00:00,B2752,2.582,0.0,2.41,118.99,-0.21799999999999997,19038.399999999998,20942.239999999998,2.8
2011-02-10 13:00:00,B2752,0.707,0.0,2.06,118.99,-1.6830000000000003,19038.399999999998,20942.239999999998,2.39
2011-02-10 14:00:00,B2752,0.394,0.0,1.59,118.99,-1.3860000000000001,19038.399999999998,20942.239999999998,1.78
2011-02-10 15:00:00,B2752,0.394,0.0,1.19,118.99,-0.9560000000000001,19038.399999999998,20942.239999999998,1.35
2011-02-10 16:00:00,B2752,0.394,0.0,0.71,118.99,-0.41600000000000004,19038.399999999998,20942.239999999998,0.81
2011-02-10 17:00:00,B2752,0.707,0.0,0.0,118.99,0.707,19038.399999999998,20942.239999999998,0.0
2011-02-10 18:00:00,B2752,2.582,0.0,0.0,118.99,2.582,19038.399999999998,20942.239999999998,0.0
2011-02-10 19:00:00,B2752,3.208,0.0,0.0,118.99,3.208,19038.399999999998,20942.239999999998,0.0
2011-02-10 20:00:00,B2752,0.707,0.0,0.0,118.99,0.707,19038.399999999998,20942.239999999998,0.0
2011-02-10 21:00:00,B2752,0.704,0.0,0.0,118.99,0.704,19038.399999999998,20942.239999999998,0.0
2011-02-10 22:00:00,B2752,0.704,0.0,0.0,118.99,0.704,19038.399999999998,20942.239999999998,0.0
2011-02-10 23:00:00,B2752,0.391,0.0,0.0,118.99,0.391,19038.399999999998,20942.239999999998,0.0
2011-02-11 00:00:00,B2752,2.791,2.4,0.0,118.99,2.791,19038.399999999998,20942.239999999998,0.0
2011-02-11 01:00:00,B2752,2.791,2.4,0.0,118.99,2.791,19038.399999999998,20942.239999999998,0.0
2011-02-11 02:00:00,B2752,2.791,2.4,0.0,118.99,2.791,19038.399999999998,20942.239999999998,0.0
2011-02-11 03:00:00,B2752,2.791,2.4,0.0,118.99,2.791,19038.399999999998,20942.239999999998,0.0
2011-02-11 04:00:00,B2752,2.791,2.4,0.0,118.99,2.791,19038.399999999998,20942.239999999998,0.0
2011-02-11 05:00:00,B2752,0.704,0.0,0.0,118.99,0.704,19038.399999999998,20942.239999999998,0.0
2011-02-11 06:00:00,B2752,2.582,0.0,0.0,118.99,2.582,19038.399999999998,20942.239999999998,0.0
2011-02-11 07:00:00,B2752,0.707,0.0,0.0,118.99,0.707,19038.399999999998,20942.239999999998,0.0
2011-02-11 08:00:00,B2752,0.394,0.0,0.85,118.99,-0.7060000000000001,19038.399999999998,20942.239999999998,1.1
2011-02-11 09:00:00,B2752,0.394,0.0,1.46,118.99,-1.4859999999999998,19038.399999999998,20942.239999999998,1.88
2011-02-11 10:00:00,B2752,0.394,0.0,1.77,118.99,-1.786,19038.399999999998,20942.239999999998,2.18
2011-02-11 11:00:00,B2752,0.394,0.0,2.04,118.99,-2.026,19038.399999999998,20942.239999999998,2.42
2011-02-11 12:00:00,B2752,2.582,0.0,2.22,118.99,-0.008000000000000007,19038.399999999998,20942.239999999998,2.59
2011-02-11 13:00:00,B2752,0.707,0.0,2.3,118.99,-2.003,19038.399999999998,20942.239999999998,2.71
2011-02-11 14:00:00,B2752,0.394,0.0,2.32,118.99,-2.376,19038.399999999998,20942.239999999998,2.77
2011-02-11 15:00:00,B2752,0.394,0.0,1.83,118.99,-1.806,19038.399999999998,20942.239999999998,2.2
2011-02-11 16:00:00,B2752,0.394,0.0,0.98,118.99,-0.826,19038.399999999998,20942.239999999998,1.22
2011-02-11 17:00:00,B2752,0.707,0.0,0.0,118.99,0.6669999999999999,19038.399999999998,20942.239999999998,0.04
2011-02-11 18:00:00,B2752,2.582,0.0,0.0,118.99,2.582,19038.399999999998,20942.239999999998,0.0
2011-02-11 19:00:00,B2752,3.208,0.0,0.0,118.99,3.208,19038.399999999998,20942.239999999998,0.0
2011-02-11 20:00:00,B2752,0.707,0.0,0.0,118.99,0.707,19038.399999999998,20942.239999999998,0.0
2011-02-11 21:00:00,B2752,0.704,0.0,0.0,118.99,0.704,19038.399999999998,20942.239999999998,0.0
2011-02-11 22:00:00,B2752,0.704,0.0,0.0,118.99,0.704,19038.399999999998,20942.239999999998,0.0
2011-02-11 23:00:00,B2752,0.391,0.0,0.0,118.99,0.391,19038.399999999998,20942.239999999998,0.0
2011-02-12 00:00:00,B2752,0.391,0.0,0.0,118.99,0.391,19038.399999999998,20942.239999999998,0.0
2011-02-12 01:00:00,B2752,0.391,0.0,0.0,118.99,0.391,19038.399999999998,20942.239999999998,0.0
2011-02-12 02:00:00,B2752,0.391,0.0,0.0,118.99,0.391,19038.399999999998,20942.239999999998,0.0
2011-02-12 03:00:00,B2752,0.391,0.0,0.0,118.99,0.391,19038.399999999998,20942.239999999998,0.0
2011-02-12 04:00:00,B2752,0.391,0.0,0.0,118.99,0.391,19038.399999999998,20942.239999999998,0.0
2011-02-12 05:00:00,B2752,0.704,0.0,0.0,118.99,0.704,19038.399999999998,20942.239999999998,0.0
2011-02-12 06:00:00,B2752,2.581,0.0,0.0,118.99,2.581,19038.399999999998,20942.239999999998,0.0
2011-02-12 07:00:00,B2752,0.707,0.0,0.0,118.99,0.707,19038.399999999998,20942.239999999998,0.0
2011-02-12 08:00:00,B2752,2.794,2.4,0.0,118.99,2.794,19038.399999999998,20942.239999999998,0.0
2011-02-12 09:00:00,B2752,2.794,2.4,1.06,118.99,1.734,19038.399999999998,20942.239999999998,1.06
2011-02-12 10:00:00,B2752,2.794,2.4,1.08,118.99,1.714,19038.399999999998,20942.239999999998,1.08
2011-02-12 11:00:00,B2752,2.794,2.4,1.02,118.99,1.774,19038.399999999998,20942.239999999998,1.02
2011-02-12 12:00:00,B2752,4.982,2.4,1.29,118.99,3.692,19038.399999999998,20942.239999999998,1.29
2011-02-12 13:00:00,B2752,0.707,0.0,1.38,118.99,-0.8230000000000001,19038.399999999998,20942.239999999998,1.53
2011-02-12 14:00:00,B2752,0.394,0.0,0.96,118.99,-0.676,19038.399999999998,20942.239999999998,1.07
2011-02-12 15:00:00,B2752,0.394,0.0,0.0,118.99,0.394,19038.399999999998,20942.239999999998,0.0
2011-02-12 16:00:00,B2752,0.394,0.0,0.0,118.99,0.394,19038.399999999998,20942.239999999998,0.0
2011-02-12 17:00:00,B2752,0.707,0.0,0.0,118.99,0.707,19038.399999999998,20942.239999999998,0.0
2011-02-12 18:00:00,B2752,2.582,0.0,0.0,118.99,2.582,19038.399999999998,20942.239999999998,0.0
2011-02-12 19:00:00,B2752,3.208,0.0,0.0,118.99,3.208,19038.399999999998,20942.239999999998,0.0
2011-02-12 20:00:00,B2752,0.707,0.0,0.0,118.99,0.707,19038.399999999998,20942.239999999998,0.0
2011-02-12 21:00:00,B2752,0.704,0.0,0.0,118.99,0.704,19038.399999999998,20942.239999999998,0.0
2011-02-12 22:00:00,B2752,0.704,0.0,0.0,118.99,0.704,19038.399999999998,20942.239999999998,0.0
2011-02-12 23:00:00,B2752,0.391,0.0,0.0,118.99,0.391,19038.399999999998,20942.239999999998,0.0
2011-02-13 00:00:00,B2752,0.391,0.0,0.0,118.99,0.391,19038.399999999998,20942.239999999998,0.0
2011-02-13 01:00:00,B2752,0.391,0.0,0.0,118.99,0.391,19038.399999999998,20942.239999999998,0.0
2011-02-13 02:00:00,B2752,0.391,0.0,0.0,118.99,0.391,19038.399999999998,20942.239999999998,0.0
2011-02-13 03:00:00,B2752,0.391,0.0,0.0,118.99,0.391,19038.399999999998,20942.239999999998,0.0
2011-02-13 04:00:00,B2752,0.391,0.0,0.0,118.99,0.391,19038.399999999998,20942.239999999998,0.0
2011-02-13 05:00:00,B2752,0.704,0.0,0.0,118.99,0.704,19038.399999999998,20942.239999999998,0.0
2011-02-13 06:00:00,B2752,2.581,0.0,0.0,118.99,2.581,19038.399999999998,20942.239999999998,0.0
2011-02-13 07:00:00,B2752,0.707,0.0,0.0,118.99,0.707,19038.399999999998,20942.239999999998,0.0
2011-02-13 08:00:00,B2752,2.794,2.4,0.0,118.99,2.794,19038.399999999998,20942.239999999998,0.0
2011-02-13 09:00:00,B2752,2.794,2.4,0.0,118.99,2.794,19038.399999999998,20942.239999999998,0.0
2011-02-13 10:00:00,B2752,2.794,2.4,0.85,118.99,1.944,19038.399999999998,20942.239999999998,0.85
2011-02-13 11:00:00,B2752,2.794,2.4,1.14,118.99,1.6540000000000001,19038.399999999998,20942.239999999998,1.14
2011-02-13 12:00:00,B2752,4.982,2.4,1.31,118.99,3.632,19038.399999999998,20942.239999999998,1.35
2011-02-13 13:00:00,B2752,0.707,0.0,1.45,118.99,-0.8730000000000001,19038.399999999998,20942.239999999998,1.58
2011-02-13 14:00:00,B2752,0.394,0.0,1.34,118.99,-0.9859999999999999,19038.399999999998,20942.239999999998,1.38
2011-02-13 15:00:00,B2752,0.394,0.0,0.89,118.99,-0.496,19038.399999999998,20942.239999999998,0.89
2011-02-13 16:00:00,B2752,0.394,0.0,0.0,118.99,0.394,19038.399999999998,20942.239999999998,0.0
2011-02-13 17:00:00,B2752,0.707,0.0,0.0,118.99,0.707,19038.399999999998,20942.239999999998,0.0
2011-02-13 18:00:00,B2752,2.582,0.0,0.0,118.99,2.582,19038.399999999998,20942.239999999998,0.0
2011-02-13 19:00:00,B2752,3.208,0.0,0.0,118.99,3.208,19038.399999999998,20942.239999999998,0.0
2011-02-13 20:00:00,B2752,0.707,0.0,0.0,118.99,0.707,19038.399999999998,20942.239999999998,0.0
2011-02-13 21:00:00,B2752,0.704,0.0,0.0,118.99,0.704,19038.399999999998,20942.239999999998,0.0
2011-02-13 22:00:00,B2752,0.704,0.0,0.0,118.99,0.704,19038.399999999998,20942.239999999998,0.0
2011-02-13 23:00:00,B2752,0.391,0.0,0.0,118.99,0.391,19038.399999999998,20942.239999999998,0.0
2011-02-14 00:00:00,B2752,2.791,2.4,0.0,118.99,2.791,19038.399999999998,20942.239999999998,0.0
2011-02-14 01:00:00,B2752,2.791,2.4,0.0,118.99,2.791,19038.399999999998,20942.239999999998,0.0
2011-02-14 02:00:00,B2752,2.791,2.4,0.0,118.99,2.791,19038.399999999998,20942.239999999998,0.0
2011-02-14 03:00:00,B2752,2.791,2.4,0.0,118.99,2.791,19038.399999999998,20942.239999999998,0.0
2011-02-14 04:00:00,B2752,2.791,2.4,0.0,118.99,2.791,19038.399999999998,20942.239999999998,0.0
2011-02-14 05:00:00,B2752,0.704,0.0,0.0,118.99,0.704,19038.399999999998,20942.239999999998,0.0
2011-02-14 06:00:00,B2752,2.582,0.0,0.0,118.99,2.582,19038.399999999998,20942.239999999998,0.0
2011-02-14 07:00:00,B2752,0.707,0.0,0.0,118.99,0.707,19038.399999999998,20942.239999999998,0.0
2011-02-14 08:00:00,B2752,0.394,0.0,0.73,118.99,-0.666,19038.399999999998,20942.239999999998,1.06
2011-02-14 09:00:00,B2752,0.394,0.0,1.4,118.99,-1.4460000000000002,19038.399999999998,20942.239999999998,1.84
2011-02-14 10:00:00,B2752,0.394,0.0,2.0,118.99,-2.026,19038.399999999998,20942.239999999998,2.42
2011-02-14 11:00:00,B2752,0.394,0.0,1.92,118.99,-1.8559999999999999,19038.399999999998,20942.239999999998,2.25
2011-02-14 12:00:00,B2752,2.584,0.0,2.1,118.99,0.14400000000000013,19038.399999999998,20942.239999999998,2.44
2011-02-14 13:00:00,B2752,0.707,0.0,2.5,118.99,-2.213,19038.399999999998,20942.239999999998,2.92
2011-02-14 14:00:00,B2752,0.394,0.0,2.29,118.99,-2.356,19038.399999999998,20942.239999999998,2.75
2011-02-14 15:00:00,B2752,0.394,0.0,1.68,118.99,-1.6559999999999997,19038.399999999998,20942.239999999998,2.05
2011-02-14 16:00:00,B2752,0.394,0.0,1.13,118.99,-1.0059999999999998,19038.399999999998,20942.239999999998,1.4
2011-02-14 17:00:00,B2752,0.707,0.0,0.0,118.99,0.647,19038.399999999998,20942.239999999998,0.06
2011-02-14 18:00:00,B2752,2.584,0.0,0.0,118.99,2.584,19038.399999999998,20942.239999999998,0.0
2011-02-14 19:00:00,B2752,3.21,0.0,0.0,118.99,3.21,19038.399999999998,20942.239999999998,0.0
2011-02-14 20:00:00,B2752,0.707,0.0,0.0,118.99,0.707,19038.399999999998,20942.239999999998,0.0
2011-02-14 21:00:00,B2752,0.704,0.0,0.0,118.99,0.704,19038.399999999998,20942.239999999998,0.0
2011-02-14 22:00:00,B2752,0.704,0.0,0.0,118.99,0.704,19038.399999999998,20942.239999999998,0.0
2011-02-14 23:00:00,B2752,0.391,0.0,0.0,118.99,0.391,19038.399999999998,20942.239999999998,0.0
2011-02-15 00:00:00,B2752,2.791,2.4,0.0,118.99,2.791,19038.399999999998,20942.239999999998,0.0
2011-02-15 01:00:00,B2752,2.791,2.4,0.0,118.99,2.791,19038.399999999998,20942.239999999998,0.0
2011-02-15 02:00:00,B2752,2.791,2.4,0.0,118.99,2.791,19038.399999999998,20942.239999999998,0.0
2011-02-15 03:00:00,B2752,2.791,2.4,0.0,118.99,2.791,19038.399999999998,20942.239999999998,0.0
2011-02-15 04:00:00,B2752,2.791,2.4,0.0,118.99,2.791,19038.399999999998,20942.239999999998,0.0
2011-02-15 05:00:00,B2752,0.704,0.0,0.0,118.99,0.704,19038.399999999998,20942.239999999998,0.0
2011-02-15 06:00:00,B2752,2.584,0.0,0.0,118.99,2.584,19038.399999999998,20942.239999999998,0.0
2011-02-15 07:00:00,B2752,0.707,0.0,0.0,118.99,0.707,19038.399999999998,20942.239999999998,0.0
2011-02-15 08:00:00,B2752,0.394,0.0,0.84,118.99,-0.876,19038.399999999998,20942.239999999998,1.27
2011-02-15 09:00:00,B2752,0.394,0.0,1.59,118.99,-1.6959999999999997,19038.399999999998,20942.239999999998,2.09
2011-02-15 10:00:00,B2752,0.394,0.0,1.92,118.99,-1.956,19038.399999999998,20942.239999999998,2.35
2011-02-15 11:00:00,B2752,0.394,0.0,2.0,118.99,-1.976,19038.399999999998,20942.239999999998,2.37
2011-02-15 12:00:00,B2752,2.584,0.0,2.05,118.99,0.19399999999999995,19038.399999999998,20942.239999999998,2.39
2011-02-15 13:00:00,B2752,0.707,0.0,1.91,118.99,-1.5630000000000002,19038.399999999998,20942.239999999998,2.27
2011-02-15 14:00:00,B2752,0.394,0.0,1.71,118.99,-1.706,19038.399999999998,20942.239999999998,2.1
2011-02-15 15:00:00,B2752,0.394,0.0,1.38,118.99,-1.366,19038.399999999998,20942.239999999998,1.76
2011-02-15 16:00:00,B2752,0.394,0.0,0.95,118.99,-0.846,19038.399999999998,20942.239999999998,1.24
2011-02-15 17:00:00,B2752,0.707,0.0,0.0,118.99,0.637,19038.399999999998,20942.239999999998,0.07
2011-02-15 18:00:00,B2752,2.584,0.0,0.0,118.99,2.584,19038.399999999998,20942.239999999998,0.0
2011-02-15 19:00:00,B2752,3.21,0.0,0.0,118.99,3.21,19038.399999999998,20942.239999999998,0.0
2011-02-15 20:00:00,B2752,0.707,0.0,0.0,118.99,0.707,19038.399999999998,20942.239999999998,0.0
2011-02-15 21:00:00,B2752,0.704,0.0,0.0,118.99,0.704,19038.399999999998,20942.239999999998,0.0
2011-02-15 22:00:00,B2752,0.704,0.0,0.0,118.99,0.704,19038.399999999998,20942.239999999998,0.0
2011-02-15 23:00:00,B2752,0.391,0.0,0.0,118.99,0.391,19038.399999999998,20942.239999999998,0.0
2011-02-16 00:00:00,B2752,2.791,2.4,0.0,118.99,2.791,19038.399999999998,20942.239999999998,0.0
2011-02-16 01:00:00,B2752,2.791,2.4,0.0,118.99,2.791,19038.399999999998,20942.239999999998,0.0
2011-02-16 02:00:00,B2752,2.791,2.4,0.0,118.99,2.791,19038.399999999998,20942.239999999998,0.0
2011-02-16 03:00:00,B2752,2.791,2.4,0.0,118.99,2.791,19038.399999999998,20942.239999999998,0.0
2011-02-16 04:00:00,B2752,2.791,2.4,0.0,118.99,2.791,19038.399999999998,20942.239999999998,0.0
2011-02-16 05:00:00,B2752,0.704,0.0,0.0,118.99,0.704,19038.399999999998,20942.239999999998,0.0
2011-02-16 06:00:00,B2752,2.584,0.0,0.0,118.99,2.584,19038.399999999998,20942.239999999998,0.0
2011-02-16 07:00:00,B2752,0.707,0.0,0.0,118.99,0.707,19038.399999999998,20942.239999999998,0.0
2011-02-16 08:00:00,B2752,0.394,0.0,0.7,118.99,-0.7759999999999999,19038.399999999998,20942.239999999998,1.17
2011-02-16 09:00:00,B2752,0.394,0.0,1.08,118.99,-1.146,19038.399999999998,20942.239999999998,1.54
2011-02-16 10:00:00,B2752,0.394,0.0,1.35,118.99,-1.3559999999999999,19038.399999999998,20942.239999999998,1.75
2011-02-16 11:00:00,B2752,0.394,0.0,1.65,118.99,-1.5859999999999999,19038.399999999998,20942.239999999998,1.98
2011-02-16 12:00:00,B2752,2.584,0.0,1.92,118.99,0.3340000000000001,19038.399999999998,20942.239999999998,2.25
2011-02-16 13:00:00,B2752,0.707,0.0,1.95,118.99,-1.6030000000000002,19038.399999999998,20942.239999999998,2.31
2011-02-16 14:00:00,B2752,0.394,0.0,1.74,118.99,-1.746,19038.399999999998,20942.239999999998,2.14
2011-02-16 15:00:00,B2752,0.394,0.0,1.39,118.99,-1.3860000000000001,19038.399999999998,20942.239999999998,1.78
2011-02-16 16:00:00,B2752,0.394,0.0,0.94,118.99,-0.836,19038.399999999998,20942.239999999998,1.23
2011-02-16 17:00:00,B2752,0.707,0.0,0.0,118.99,0.637,19038.399999999998,20942.239999999998,0.07
2011-02-16 18:00:00,B2752,2.584,0.0,0.0,118.99,2.584,19038.399999999998,20942.239999999998,0.0
2011-02-16 19:00:00,B2752,3.21,0.0,0.0,118.99,3.21,19038.399999999998,20942.239999999998,0.0
2011-02-16 20:00:00,B2752,0.707,0.0,0.0,118.99,0.707,19038.399999999998,20942.239999999998,0.0
2011-02-16 21:00:00,B2752,0.704,0.0,0.0,118.99,0.704,19038.399999999998,20942.239999999998,0.0
2011-02-16 22:00:00,B2752,0.704,0.0,0.0,118.99,0.704,19038.399999999998,20942.239999999998,0.0
2011-02-16 23:00:00,B2752,0.391,0.0,0.0,118.99,0.391,19038.399999999998,20942.239999999998,0.0
2011-02-17 00:00:00,B2752,2.791,2.4,0.0,118.99,2.791,19038.399999999998,20942.239999999998,0.0
2011-02-17 01:00:00,B2752,2.791,2.4,0.0,118.99,2.791,19038.399999999998,20942.239999999998,0.0
2011-02-17 02:00:00,B2752,2.791,2.4,0.0,118.99,2.791,19038.399999999998,20942.239999999998,0.0
2011-02-17 03:00:00,B2752,2.791,2.4,0.0,118.99,2.791,19038.399999999998,20942.239999999998,0.0
2011-02-17 04:00:00,B2752,2.791,2.4,0.0,118.99,2.791,19038.399999999998,20942.239999999998,0.0
2011-02-17 05:00:00,B2752,0.704,0.0,0.0,118.99,0.704,19038.399999999998,20942.239999999998,0.0
2011-02-17 06:00:00,B2752,2.584,0.0,0.0,118.99,2.584,19038.399999999998,20942.239999999998,0.0
2011-02-17 07:00:00,B2752,0.707,0.0,0.0,118.99,0.707,19038.399999999998,20942.239999999998,0.0
2011-02-17 08:00:00,B2752,0.394,0.0,1.11,118.99,-1.056,19038.399999999998,20942.239999999998,1.45
2011-02-17 09:00:00,B2752,0.394,0.0,2.21,118.99,-2.306,19038.399999999998,20942.239999999998,2.7
2011-02-17 10:00:00,B2752,0.394,0.0,3.29,118.99,-3.4659999999999997,19038.399999999998,20942.239999999998,3.86
2011-02-17 11:00:00,B2752,0.394,0.0,3.42,118.99,-3.546,19038.399999999998,20942.239999999998,3.94
2011-02-17 12:00:00,B2752,2.584,0.0,3.3,118.99,-1.1959999999999997,19038.399999999998,20942.239999999998,3.78
2011-02-17 13:00:00,B2752,0.707,0.0,3.13,118.99,-2.8930000000000002,19038.399999999998,20942.239999999998,3.6
2011-02-17 14:00:00,B2752,0.394,0.0,2.23,118.99,-2.206,19038.399999999998,20942.239999999998,2.6
2011-02-17 15:00:00,B2752,0.394,0.0,1.26,118.99,-0.866,19038.399999999998,20942.239999999998,1.26
2011-02-17 16:00:00,B2752,0.394,0.0,0.0,118.99,0.394,19038.399999999998,20942.239999999998,0.0
2011-02-17 17:00:00,B2752,0.707,0.0,0.0,118.99,0.707,19038.399999999998,20942.239999999998,0.0
2011-02-17 18:00:00,B2752,2.584,0.0,0.0,118.99,2.584,19038.399999999998,20942.239999999998,0.0
2011-02-17 19:00:00,B2752,3.21,0.0,0.0,118.99,3.21,19038.399999999998,20942.239999999998,0.0
2011-02-17 20:00:00,B2752,0.707,0.0,0.0,118.99,0.707,19038.399999999998,20942.239999999998,0.0
2011-02-17 21:00:00,B2752,0.704,0.0,0.0,118.99,0.704,19038.399999999998,20942.239999999998,0.0
2011-02-17 22:00:00,B2752,0.704,0.0,0.0,118.99,0.704,19038.399999999998,20942.239999999998,0.0
2011-02-17 23:00:00,B2752,0.391,0.0,0.0,118.99,0.391,19038.399999999998,20942.239999999998,0.0
2011-02-18 00:00:00,B2752,2.791,2.4,0.0,118.99,2.791,19038.399999999998,20942.239999999998,0.0
2011-02-18 01:00:00,B2752,2.791,2.4,0.0,118.99,2.791,19038.399999999998,20942.239999999998,0.0
2011-02-18 02:00:00,B2752,2.791,2.4,0.0,118.99,2.791,19038.399999999998,20942.239999999998,0.0
2011-02-18 03:00:00,B2752,2.791,2.4,0.0,118.99,2.791,19038.399999999998,20942.239999999998,0.0
2011-02-18 04:00:00,B2752,2.791,2.4,0.0,118.99,2.791,19038.399999999998,20942.239999999998,0.0
2011-02-18 05:00:00,B2752,0.704,0.0,0.0,118.99,0.704,19038.399999999998,20942.239999999998,0.0
2011-02-18 06:00:00,B2752,2.584,0.0,0.0,118.99,2.584,19038.399999999998,20942.239999999998,0.0
2011-02-18 07:00:00,B2752,0.707,0.0,0.0,118.99,0.707,19038.399999999998,20942.239999999998,0.0
2011-02-18 08:00:00,B2752,0.394,0.0,1.07,118.99,-1.1360000000000001,19038.399999999998,20942.239999999998,1.53
2011-02-18 09:00:00,B2752,0.394,0.0,1.68,118.99,-1.8159999999999998,19038.399999999998,20942.239999999998,2.21
2011-02-18 10:00:00,B2752,0.394,0.0,1.84,118.99,-1.9059999999999997,19038.399999999998,20942.239999999998,2.3
2011-02-18 11:00:00,B2752,0.394,0.0,2.12,118.99,-2.096,19038.399999999998,20942.239999999998,2.49
2011-02-18 12:00:00,B2752,2.584,0.0,2.52,118.99,-0.30600000000000005,19038.399999999998,20942.239999999998,2.89
2011-02-18 13:00:00,B2752,0.707,0.0,2.59,118.99,-2.293,19038.399999999998,20942.239999999998,3.0
2011-02-18 14:00:00,B2752,0.394,0.0,2.37,118.99,-2.4259999999999997,19038.399999999998,20942.239999999998,2.82
2011-02-18 15:00:00,B2752,0.394,0.0,1.9,118.99,-1.9659999999999997,19038.399999999998,20942.239999999998,2.36
2011-02-18 16:00:00,B2752,0.394,0.0,1.2,118.99,-1.1059999999999999,19038.399999999998,20942.239999999998,1.5
2011-02-18 17:00:00,B2752,0.707,0.0,0.0,118.99,0.637,19038.399999999998,20942.239999999998,0.07
2011-02-18 18:00:00,B2752,2.584,0.0,0.0,118.99,2.584,19038.399999999998,20942.239999999998,0.0
2011-02-18 19:00:00,B2752,3.21,0.0,0.0,118.99,3.21,19038.399999999998,20942.239999999998,0.0
2011-02-18 20:00:00,B2752,0.707,0.0,0.0,118.99,0.707,19038.399999999998,20942.239999999998,0.0
2011-02-18 21:00:00,B2752,0.704,0.0,0.0,118.99,0.704,19038.399999999998,20942.239999999998,0.0
2011-02-18 22:00:00,B2752,0.704,0.0,0.0,118.99,0.704,19038.399999999998,20942.239999999998,0.0
2011-02-18 23:00:00,B2752,0.391,0.0,0.0,118.99,0.391,19038.399999999998,20942.239999999998,0.0
2011-02-19 00:00:00,B2752,0.391,0.0,0.0,118.99,0.391,19038.399999999998,20942.239999999998,0.0
2011-02-19 01:00:00,B2752,0.391,0.0,0.0,118.99,0.391,19038.399999999998,20942.239999999998,0.0
2011-02-19 02:00:00,B2752,0.391,0.0,0.0,118.99,0.391,19038.399999999998,20942.239999999998,0.0
2011-02-19 03:00:00,B2752,0.391,0.0,0.0,118.99,0.391,19038.399999999998,20942.239999999998,0.0
2011-02-19 04:00:00,B2752,0.391,0.0,0.0,118.99,0.391,19038.399999999998,20942.239999999998,0.0
2011-02-19 05:00:00,B2752,0.704,0.0,0.0,118.99,0.704,19038.399999999998,20942.239999999998,0.0
2011-02-19 06:00:00,B2752,2.584,0.0,0.0,118.99,2.584,19038.399999999998,20942.239999999998,0.0
2011-02-19 07:00:00,B2752,0.707,0.0,0.0,118.99,0.707,19038.399999999998,20942.239999999998,0.0
2011-02-19 08:00:00,B2752,2.794,2.4,0.72,118.99,1.604,19038.399999999998,20942.239999999998,1.19
2011-02-19 09:00:00,B2752,2.794,2.4,1.1,118.99,1.234,19038.399999999998,20942.239999999998,1.56
2011-02-19 10:00:00,B2752,2.794,2.4,1.4,118.99,0.994,19038.399999999998,20942.239999999998,1.8
2011-02-19 11:00:00,B2752,2.794,2.4,1.81,118.99,0.6539999999999999,19038.399999999998,20942.239999999998,2.14
2011-02-19 12:00:00,B2752,4.984,2.4,2.13,118.99,2.534,19038.399999999998,20942.239999999998,2.45
2011-02-19 13:00:00,B2752,0.707,0.0,2.17,118.99,-1.823,19038.399999999998,20942.239999999998,2.53
2011-02-19 14:00:00,B2752,0.394,0.0,1.93,118.99,-1.9259999999999997,19038.399999999998,20942.239999999998,2.32
2011-02-19 15:00:00,B2752,0.394,0.0,1.51,118.99,-1.496,19038.399999999998,20942.239999999998,1.89
2011-02-19 16:00:00,B2752,0.394,0.0,0.99,118.99,-0.886,19038.399999999998,20942.239999999998,1.28
2011-02-19 17:00:00,B2752,0.707,0.0,0.0,118.99,0.637,19038.399999999998,20942.239999999998,0.07
2011-02-19 18:00:00,B2752,2.584,0.0,0.0,118.99,2.584,19038.399999999998,20942.239999999998,0.0
2011-02-19 19:00:00,B2752,3.21,0.0,0.0,118.99,3.21,19038.399999999998,20942.239999999998,0.0
2011-02-19 20:00:00,B2752,0.707,0.0,0.0,118.99,0.707,19038.399999999998,20942.239999999998,0.0
2011-02-19 21:00:00,B2752,0.704,0.0,0.0,118.99,0.704,19038.399999999998,20942.239999999998,0.0
2011-02-19 22:00:00,B2752,0.704,0.0,0.0,118.99,0.704,19038.399999999998,20942.239999999998,0.0
2011-02-19 23:00:00,B2752,0.391,0.0,0.0,118.99,0.391,19038.399999999998,20942.239999999998,0.0
2011-02-20 00:00:00,B2752,0.391,0.0,0.0,118.99,0.391,19038.399999999998,20942.239999999998,0.0
2011-02-20 01:00:00,B2752,0.391,0.0,0.0,118.99,0.391,19038.399999999998,20942.239999999998,0.0
2011-02-20 02:00:00,B2752,0.391,0.0,0.0,118.99,0.391,19038.399999999998,20942.239999999998,0.0
2011-02-20 03:00:00,B2752,0.391,0.0,0.0,118.99,0.391,19038.399999999998,20942.239999999998,0.0
2011-02-20 04:00:00,B2752,0.391,0.0,0.0,118.99,0.391,19038.399999999998,20942.239999999998,0.0
2011-02-20 05:00:00,B2752,0.704,0.0,0.0,118.99,0.704,19038.399999999998,20942.239999999998,0.0
2011-02-20 06:00:00,B2752,2.584,0.0,0.0,118.99,2.584,19038.399999999998,20942.239999999998,0.0
2011-02-20 07:00:00,B2752,0.707,0.0,0.0,118.99,0.707,19038.399999999998,20942.239999999998,0.0
2011-02-20 08:00:00,B2752,2.794,2.4,0.74,118.99,1.584,19038.399999999998,20942.239999999998,1.21
2011-02-20 09:00:00,B2752,2.794,2.4,1.11,118.99,1.224,19038.399999999998,20942.239999999998,1.57
2011-02-20 10:00:00,B2752,2.794,2.4,1.43,118.99,0.964,19038.399999999998,20942.239999999998,1.83
2011-02-20 11:00:00,B2752,2.794,2.4,1.89,118.99,0.5739999999999998,19038.399999999998,20942.239999999998,2.22
2011-02-20 12:00:00,B2752,4.984,2.4,2.21,118.99,2.454,19038.399999999998,20942.239999999998,2.53
2011-02-20 13:00:00,B2752,0.707,0.0,2.23,118.99,-1.8730000000000002,19038.399999999998,20942.239999999998,2.58
2011-02-20 14:00:00,B2752,0.394,0.0,1.99,118.99,-1.9859999999999998,19038.399999999998,20942.239999999998,2.38
2011-02-20 15:00:00,B2752,0.394,0.0,1.54,118.99,-1.5259999999999998,19038.399999999998,20942.239999999998,1.92
2011-02-20 16:00:00,B2752,0.394,0.0,1.01,118.99,-0.916,19038.399999999998,20942.239999999998,1.31
2011-02-20 17:00:00,B2752,0.707,0.0,0.0,118.99,0.637,19038.399999999998,20942.239999999998,0.07
2011-02-20 18:00:00,B2752,2.584,0.0,0.0,118.99,2.584,19038.399999999998,20942.239999999998,0.0
2011-02-20 19:00:00,B2752,3.21,0.0,0.0,118.99,3.21,19038.399999999998,20942.239999999998,0.0
2011-02-20 20:00:00,B2752,0.707,0.0,0.0,118.99,0.707,19038.399999999998,20942.239999999998,0.0
2011-02-20 21:00:00,B2752,0.704,0.0,0.0,118.99,0.704,19038.399999999998,20942.239999999998,0.0
2011-02-20 22:00:00,B2752,0.704,0.0,0.0,118.99,0.704,19038.399999999998,20942.239999999998,0.0
2011-02-20 23:00:00,B2752,0.391,0.0,0.0,118.99,0.391,19038.399999999998,20942.239999999998,0.0
2011-02-21 00:00:00,B2752,2.791,2.4,0.0,118.99,2.791,19038.399999999998,20942.239999999998,0.0
2011-02-21 01:00:00,B2752,2.791,2.4,0.0,118.99,2.791,19038.399999999998,20942.239999999998,0.0
2011-02-21 02:00:00,B2752,2.791,2.4,0.0,118.99,2.791,19038.399999999998,20942.239999999998,0.0
2011-02-21 03:00:00,B2752,2.791,2.4,0.0,118.99,2.791,19038.399999999998,20942.239999999998,0.0
2011-02-21 04:00:00,B2752,2.791,2.4,0.0,118.99,2.791,19038.399999999998,20942.239999999998,0.0
2011-02-21 05:00:00,B2752,0.704,0.0,0.0,118.99,0.704,19038.399999999998,20942.239999999998,0.0
2011-02-21 06:00:00,B2752,2.584,0.0,0.0,118.99,2.584,19038.399999999998,20942.239999999998,0.0
2011-02-21 07:00:00,B2752,0.707,0.0,0.0,118.99,0.707,19038.399999999998,20942.239999999998,0.0
2011-02-21 08:00:00,B2752,0.394,0.0,0.73,118.99,-0.7959999999999999,19038.399999999998,20942.239999999998,1.19
2011-02-21 09:00:00,B2752,0.394,0.0,1.18,118.99,-1.2559999999999998,19038.399999999998,20942.239999999998,1.65
2011-02-21 10:00:00,B2752,0.394,0.0,1.62,118.99,-1.6359999999999997,19038.399999999998,20942.239999999998,2.03
2011-02-21 11:00:00,B2752,0.394,0.0,2.09,118.99,-2.036,19038.399999999998,20942.239999999998,2.43
2011-02-21 12:00:00,B2752,2.584,0.0,2.41,118.99,-0.1459999999999999,19038.399999999998,20942.239999999998,2.73
2011-02-21 13:00:00,B2752,0.707,0.0,2.43,118.99,-2.083,19038.399999999998,20942.239999999998,2.79
2011-02-21 14:00:00,B2752,0.394,0.0,2.12,118.99,-2.1159999999999997,19038.399999999998,20942.239999999998,2.51
2011-02-21 15:00:00,B2752,0.394,0.0,1.62,118.99,-1.596,19038.399999999998,20942.239999999998,1.99
2011-02-21 16:00:00,B2752,0.394,0.0,1.02,118.99,-0.916,19038.399999999998,20942.239999999998,1.31
2011-02-21 17:00:00,B2752,0.707,0.0,0.0,118.99,0.637,19038.399999999998,20942.239999999998,0.07
2011-02-21 18:00:00,B2752,2.584,0.0,0.0,118.99,2.584,19038.399999999998,20942.239999999998,0.0
2011-02-21 19:00:00,B2752,3.208,0.0,0.0,118.99,3.208,19038.399999999998,20942.239999999998,0.0
2011-02-21 20:00:00,B2752,0.707,0.0,0.0,118.99,0.707,19038.399999999998,20942.239999999998,0.0
2011-02-21 21:00:00,B2752,0.704,0.0,0.0,118.99,0.704,19038.399999999998,20942.239999999998,0.0
2011-02-21 22:00:00,B2752,0.704,0.0,0.0,118.99,0.704,19038.399999999998,20942.239999999998,0.0
2011-02-21 23:00:00,B2752,0.391,0.0,0.0,118.99,0.391,19038.399999999998,20942.239999999998,0.0
2011-02-22 00:00:00,B2752,2.791,2.4,0.0,118.99,2.791,19038.399999999998,20942.239999999998,0.0
2011-02-22 01:00:00,B2752,2.791,2.4,0.0,118.99,2.791,19038.399999999998,20942.239999999998,0.0
2011-02-22 02:00:00,B2752,2.791,2.4,0.0,118.99,2.791,19038.399999999998,20942.239999999998,0.0
2011-02-22 03:00:00,B2752,2.791,2.4,0.0,118.99,2.791,19038.399999999998,20942.239999999998,0.0
2011-02-22 04:00:00,B2752,2.791,2.4,0.0,118.99,2.791,19038.399999999998,20942.239999999998,0.0
2011-02-22 05:00:00,B2752,0.704,0.0,0.0,118.99,0.704,19038.399999999998,20942.239999999998,0.0
2011-02-22 06:00:00,B2752,2.584,0.0,0.0,118.99,2.584,19038.399999999998,20942.239999999998,0.0
2011-02-22 07:00:00,B2752,0.707,0.0,0.0,118.99,0.707,19038.399999999998,20942.239999999998,0.0
2011-02-22 08:00:00,B2752,0.394,0.0,0.73,118.99,-0.7959999999999999,19038.399999999998,20942.239999999998,1.19
2011-02-22 09:00:00,B2752,0.394,0.0,1.13,118.99,-1.1960000000000002,19038.399999999998,20942.239999999998,1.59
2011-02-22 10:00:00,B2752,0.394,0.0,1.52,118.99,-1.5259999999999998,19038.399999999998,20942.239999999998,1.92
2011-02-22 11:00:00,B2752,0.394,0.0,2.06,118.99,-1.996,19038.399999999998,20942.239999999998,2.39
2011-02-22 12:00:00,B2752,2.582,0.0,2.4,118.99,-0.1280000000000001,19038.399999999998,20942.239999999998,2.71
2011-02-22 13:00:00,B2752,0.707,0.0,2.38,118.99,-2.023,19038.399999999998,20942.239999999998,2.73
2011-02-22 14:00:00,B2752,0.394,0.0,2.11,118.99,-2.086,19038.399999999998,20942.239999999998,2.48
2011-02-22 15:00:00,B2752,0.394,0.0,1.66,118.99,-1.6359999999999997,19038.399999999998,20942.239999999998,2.03
2011-02-22 16:00:00,B2752,0.394,0.0,1.07,118.99,-0.9760000000000001,19038.399999999998,20942.239999999998,1.37
2011-02-22 17:00:00,B2752,0.707,0.0,0.0,118.99,0.637,19038.399999999998,20942.239999999998,0.07
2011-02-22 18:00:00,B2752,2.584,0.0,0.0,118.99,2.584,19038.399999999998,20942.239999999998,0.0
2011-02-22 19:00:00,B2752,3.21,0.0,0.0,118.99,3.21,19038.399999999998,20942.239999999998,0.0
2011-02-22 20:00:00,B2752,0.707,0.0,0.0,118.99,0.707,19038.399999999998,20942.239999999998,0.0
2011-02-22 21:00:00,B2752,0.704,0.0,0.0,118.99,0.704,19038.399999999998,20942.239999999998,0.0
2011-02-22 22:00:00,B2752,0.704,0.0,0.0,118.99,0.704,19038.399999999998,20942.239999999998,0.0
2011-02-22 23:00:00,B2752,0.391,0.0,0.0,118.99,0.391,19038.399999999998,20942.239999999998,0.0
2011-02-23 00:00:00,B2752,2.791,2.4,0.0,118.99,2.791,19038.399999999998,20942.239999999998,0.0
2011-02-23 01:00:00,B2752,2.791,2.4,0.0,118.99,2.791,19038.399999999998,20942.239999999998,0.0
2011-02-23 02:00:00,B2752,2.791,2.4,0.0,118.99,2.791,19038.399999999998,20942.239999999998,0.0
2011-02-23 03:00:00,B2752,2.791,2.4,0.0,118.99,2.791,19038.399999999998,20942.239999999998,0.0
2011-02-23 04:00:00,B2752,2.791,2.4,0.0,118.99,2.791,19038.399999999998,20942.239999999998,0.0
2011-02-23 05:00:00,B2752,0.704,0.0,0.0,118.99,0.704,19038.399999999998,20942.239999999998,0.0
2011-02-23 06:00:00,B2752,2.584,0.0,0.0,118.99,2.584,19038.399999999998,20942.239999999998,0.0
2011-02-23 07:00:00,B2752,0.707,0.0,0.0,118.99,0.707,19038.399999999998,20942.239999999998,0.0
2011-02-23 08:00:00,B2752,0.394,0.0,1.24,118.99,-1.3159999999999998,19038.399999999998,20942.239999999998,1.71
2011-02-23 09:00:00,B2752,0.394,0.0,2.07,118.99,-2.246,19038.399999999998,20942.239999999998,2.64
2011-02-23 10:00:00,B2752,0.394,0.0,3.24,118.99,-3.436,19038.399999999998,20942.239999999998,3.83
2011-02-23 11:00:00,B2752,0.394,0.0,4.44,118.99,-4.6659999999999995,19038.399999999998,20942.239999999998,5.06
2011-02-23 12:00:00,B2752,2.584,0.0,4.9,118.99,-2.9359999999999995,19038.399999999998,20942.239999999998,5.52
2011-02-23 13:00:00,B2752,0.707,0.0,4.43,118.99,-4.323,19038.399999999998,20942.239999999998,5.03
2011-02-23 14:00:00,B2752,0.394,0.0,3.8,118.99,-3.9959999999999996,19038.399999999998,20942.239999999998,4.39
2011-02-23 15:00:00,B2752,0.394,0.0,2.92,118.99,-3.056,19038.399999999998,20942.239999999998,3.45
2011-02-23 16:00:00,B2752,0.394,0.0,1.73,118.99,-1.6559999999999997,19038.399999999998,20942.239999999998,2.05
2011-02-23 17:00:00,B2752,0.707,0.0,0.0,118.99,0.6669999999999999,19038.399999999998,20942.239999999998,0.04
2011-02-23 18:00:00,B2752,2.584,0.0,0.0,118.99,2.584,19038.399999999998,20942.239999999998,0.0
2011-02-23 19:00:00,B2752,3.21,0.0,0.0,118.99,3.21,19038.399999999998,20942.239999999998,0.0
2011-02-23 20:00:00,B2752,0.707,0.0,0.0,118.99,0.707,19038.399999999998,20942.239999999998,0.0
2011-02-23 21:00:00,B2752,0.704,0.0,0.0,118.99,0.704,19038.399999999998,20942.239999999998,0.0
2011-02-23 22:00:00,B2752,0.704,0.0,0.0,118.99,0.704,19038.399999999998,20942.239999999998,0.0
2011-02-23 23:00:00,B2752,0.391,0.0,0.0,118.99,0.391,19038.399999999998,20942.239999999998,0.0
2011-02-24 00:00:00,B2752,2.791,2.4,0.0,118.99,2.791,19038.399999999998,20942.239999999998,0.0
2011-02-24 01:00:00,B2752,2.791,2.4,0.0,118.99,2.791,19038.399999999998,20942.239999999998,0.0
2011-02-24 02:00:00,B2752,2.791,2.4,0.0,118.99,2.791,19038.399999999998,20942.239999999998,0.0
2011-02-24 03:00:00,B2752,2.791,2.4,0.0,118.99,2.791,19038.399999999998,20942.239999999998,0.0
2011-02-24 04:00:00,B2752,2.791,2.4,0.0,118.99,2.791,19038.399999999998,20942.239999999998,0.0
2011-02-24 05:00:00,B2752,0.704,0.0,0.0,118.99,0.704,19038.399999999998,20942.239999999998,0.0
2011-02-24 06:00:00,B2752,2.584,0.0,0.0,118.99,2.584,19038.399999999998,20942.239999999998,0.0
2011-02-24 07:00:00,B2752,0.707,0.0,0.0,118.99,0.707,19038.399999999998,20942.239999999998,0.0
2011-02-24 08:00:00,B2752,0.394,0.0,1.15,118.99,-1.1360000000000001,19038.399999999998,20942.239999999998,1.53
2011-02-24 09:00:00,B2752,0.394,0.0,1.75,118.99,-1.746,19038.399999999998,20942.239999999998,2.14
2011-02-24 10:00:00,B2752,0.394,0.0,1.97,118.99,-1.9259999999999997,19038.399999999998,20942.239999999998,2.32
2011-02-24 11:00:00,B2752,0.394,0.0,2.12,118.99,-2.026,19038.399999999998,20942.239999999998,2.42
2011-02-24 12:00:00,B2752,2.584,0.0,2.51,118.99,-0.23599999999999977,19038.399999999998,20942.239999999998,2.82
2011-02-24 13:00:00,B2752,0.707,0.0,2.64,118.99,-2.293,19038.399999999998,20942.239999999998,3.0
2011-02-24 14:00:00,B2752,0.394,0.0,2.18,118.99,-2.1359999999999997,19038.399999999998,20942.239999999998,2.53
2011-02-24 15:00:00,B2752,0.394,0.0,1.76,118.99,-1.686,19038.399999999998,20942.239999999998,2.08
2011-02-24 16:00:00,B2752,0.394,0.0,1.09,118.99,-0.9460000000000001,19038.399999999998,20942.239999999998,1.34
2011-02-24 17:00:00,B2752,0.707,0.0,0.0,118.99,0.6769999999999999,19038.399999999998,20942.239999999998,0.03
2011-02-24 18:00:00,B2752,2.584,0.0,0.0,118.99,2.584,19038.399999999998,20942.239999999998,0.0
2011-02-24 19:00:00,B2752,3.208,0.0,0.0,118.99,3.208,19038.399999999998,20942.239999999998,0.0
2011-02-24 20:00:00,B2752,0.707,0.0,0.0,118.99,0.707,19038.399999999998,20942.239999999998,0.0
2011-02-24 21:00:00,B2752,0.704,0.0,0.0,118.99,0.704,19038.399999999998,20942.239999999998,0.0
2011-02-24 22:00:00,B2752,0.704,0.0,0.0,118.99,0.704,19038.399999999998,20942.239999999998,0.0
2011-02-24 23:00:00,B2752,0.391,0.0,0.0,118.99,0.391,19038.399999999998,20942.239999999998,0.0
2011-02-25 00:00:00,B2752,2.791,2.4,0.0,118.99,2.791,19038.399999999998,20942.239999999998,0.0
2011-02-25 01:00:00,B2752,2.791,2.4,0.0,118.99,2.791,19038.399999999998,20942.239999999998,0.0
2011-02-25 02:00:00,B2752,2.791,2.4,0.0,118.99,2.791,19038.399999999998,20942.239999999998,0.0
2011-02-25 03:00:00,B2752,2.791,2.4,0.0,118.99,2.791,19038.399999999998,20942.239999999998,0.0
2011-02-25 04:00:00,B2752,2.791,2.4,0.0,118.99,2.791,19038.399999999998,20942.239999999998,0.0
2011-02-25 05:00:00,B2752,0.704,0.0,0.0,118.99,0.704,19038.399999999998,20942.239999999998,0.0
2011-02-25 06:00:00,B2752,2.584,0.0,0.0,118.99,2.584,19038.399999999998,20942.239999999998,0.0
2011-02-25 07:00:00,B2752,0.707,0.0,0.0,118.99,0.707,19038.399999999998,20942.239999999998,0.0
2011-02-25 08:00:00,B2752,0.394,0.0,1.01,118.99,-1.0459999999999998,19038.399999999998,20942.239999999998,1.44
2011-02-25 09:00:00,B2752,0.394,0.0,1.77,118.99,-1.896,19038.399999999998,20942.239999999998,2.29
2011-02-25 10:00:00,B2752,0.394,0.0,2.66,118.99,-2.756,19038.399999999998,20942.239999999998,3.15
2011-02-25 11:00:00,B2752,0.394,0.0,3.05,118.99,-3.076,19038.399999999998,20942.239999999998,3.47
2011-02-25 12:00:00,B2752,2.584,0.0,3.42,118.99,-1.246,19038.399999999998,20942.239999999998,3.83
2011-02-25 13:00:00,B2752,0.707,0.0,3.74,118.99,-3.5230000000000006,19038.399999999998,20942.239999999998,4.23
2011-02-25 14:00:00,B2752,0.394,0.0,3.45,118.99,-3.586,19038.399999999998,20942.239999999998,3.98
2011-02-25 15:00:00,B2752,0.394,0.0,2.47,118.99,-2.536,19038.399999999998,20942.239999999998,2.93
2011-02-25 16:00:00,B2752,0.394,0.0,1.56,118.99,-1.476,19038.399999999998,20942.239999999998,1.87
2011-02-25 17:00:00,B2752,0.707,0.0,0.0,118.99,0.637,19038.399999999998,20942.239999999998,0.07
2011-02-25 18:00:00,B2752,2.584,0.0,0.0,118.99,2.584,19038.399999999998,20942.239999999998,0.0
2011-02-25 19:00:00,B2752,3.21,0.0,0.0,118.99,3.21,19038.399999999998,20942.239999999998,0.0
2011-02-25 20:00:00,B2752,0.707,0.0,0.0,118.99,0.707,19038.399999999998,20942.239999999998,0.0
2011-02-25 21:00:00,B2752,0.704,0.0,0.0,118.99,0.704,19038.399999999998,20942.239999999998,0.0
2011-02-25 22:00:00,B2752,0.704,0.0,0.0,118.99,0.704,19038.399999999998,20942.239999999998,0.0
2011-02-25 23:00:00,B2752,0.391,0.0,0.0,118.99,0.391,19038.399999999998,20942.239999999998,0.0
2011-02-26 00:00:00,B2752,0.391,0.0,0.0,118.99,0.391,19038.399999999998,20942.239999999998,0.0
2011-02-26 01:00:00,B2752,0.391,0.0,0.0,118.99,0.391,19038.399999999998,20942.239999999998,0.0
2011-02-26 02:00:00,B2752,0.391,0.0,0.0,118.99,0.391,19038.399999999998,20942.239999999998,0.0
2011-02-26 03:00:00,B2752,0.391,0.0,0.0,118.99,0.391,19038.399999999998,20942.239999999998,0.0
2011-02-26 04:00:00,B2752,0.391,0.0,0.0,118.99,0.391,19038.399999999998,20942.239999999998,0.0
2011-02-26 05:00:00,B2752,0.704,0.0,0.0,118.99,0.704,19038.399999999998,20942.239999999998,0.0
2011-02-26 06:00:00,B2752,2.584,0.0,0.0,118.99,2.584,19038.399999999998,20942.239999999998,0.0
2011-02-26 07:00:00,B2752,0.707,0.0,0.0,118.99,0.707,19038.399999999998,20942.239999999998,0.0
2011-02-26 08:00:00,B2752,2.794,2.4,1.47,118.99,1.044,19038.399999999998,20942.239999999998,1.75
2011-02-26 09:00:00,B2752,2.794,2.4,2.11,118.99,0.26400000000000023,19038.399999999998,20942.239999999998,2.53
2011-02-26 10:00:00,B2752,2.794,2.4,1.83,118.99,0.734,19038.399999999998,20942.239999999998,2.06
2011-02-26 11:00:00,B2752,2.794,2.4,2.1,118.99,0.43400000000000016,19038.399999999998,20942.239999999998,2.36
2011-02-26 12:00:00,B2752,4.984,2.4,3.47,118.99,1.064,19038.399999999998,20942.239999999998,3.92
2011-02-26 13:00:00,B2752,0.707,0.0,3.88,118.99,-3.673,19038.399999999998,20942.239999999998,4.38
2011-02-26 14:00:00,B2752,0.394,0.0,3.04,118.99,-3.1159999999999997,19038.399999999998,20942.239999999998,3.51
2011-02-26 15:00:00,B2752,0.394,0.0,2.3,118.99,-2.346,19038.399999999998,20942.239999999998,2.74
2011-02-26 16:00:00,B2752,0.394,0.0,1.46,118.99,-1.366,19038.399999999998,20942.239999999998,1.76
2011-02-26 17:00:00,B2752,0.707,0.0,0.0,118.99,0.6669999999999999,19038.399999999998,20942.239999999998,0.04
2011-02-26 18:00:00,B2752,2.584,0.0,0.0,118.99,2.584,19038.399999999998,20942.239999999998,0.0
2011-02-26 19:00:00,B2752,3.21,0.0,0.0,118.99,3.21,19038.399999999998,20942.239999999998,0.0
2011-02-26 20:00:00,B2752,0.707,0.0,0.0,118.99,0.707,19038.399999999998,20942.239999999998,0.0
2011-02-26 21:00:00,B2752,0.704,0.0,0.0,118.99,0.704,19038.399999999998,20942.239999999998,0.0
2011-02-26 22:00:00,B2752,0.704,0.0,0.0,118.99,0.704,19038.399999999998,20942.239999999998,0.0
2011-02-26 23:00:00,B2752,0.391,0.0,0.0,118.99,0.391,19038.399999999998,20942.239999999998,0.0
2011-02-27 00:00:00,B2752,0.391,0.0,0.0,118.99,0.391,19038.399999999998,20942.239999999998,0.0
2011-02-27 01:00:00,B2752,0.391,0.0,0.0,118.99,0.391,19038.399999999998,20942.239999999998,0.0
2011-02-27 02:00:00,B2752,0.391,0.0,0.0,118.99,0.391,19038.399999999998,20942.239999999998,0.0
2011-02-27 03:00:00,B2752,0.391,0.0,0.0,118.99,0.391,19038.399999999998,20942.239999999998,0.0
2011-02-27 04:00:00,B2752,0.391,0.0,0.0,118.99,0.391,19038.399999999998,20942.239999999998,0.0
2011-02-27 05:00:00,B2752,0.704,0.0,0.0,118.99,0.704,19038.399999999998,20942.239999999998,0.0
2011-02-27 06:00:00,B2752,2.584,0.0,0.0,118.99,2.584,19038.399999999998,20942.239999999998,0.0
2011-02-27 07:00:00,B2752,0.707,0.0,0.0,118.99,0.707,19038.399999999998,20942.239999999998,0.0
2011-02-27 08:00:00,B2752,2.794,2.4,1.39,118.99,0.9339999999999999,19038.399999999998,20942.239999999998,1.86
2011-02-27 09:00:00,B2752,2.794,2.4,2.16,118.99,0.06400000000000006,19038.399999999998,20942.239999999998,2.73
2011-02-27 10:00:00,B2752,2.794,2.4,2.91,118.99,-0.6459999999999999,19038.399999999998,20942.239999999998,3.44
2011-02-27 11:00:00,B2752,2.794,2.4,3.47,118.99,-1.126,19038.399999999998,20942.239999999998,3.92
2011-02-27 12:00:00,B2752,4.984,2.4,3.59,118.99,0.9740000000000002,19038.399999999998,20942.239999999998,4.01
2011-02-27 13:00:00,B2752,0.707,0.0,3.24,118.99,-2.9330000000000003,19038.399999999998,20942.239999999998,3.64
2011-02-27 14:00:00,B2752,0.394,0.0,2.97,118.99,-3.016,19038.399999999998,20942.239999999998,3.41
2011-02-27 15:00:00,B2752,0.394,0.0,2.4,118.99,-2.456,19038.399999999998,20942.239999999998,2.85
2011-02-27 16:00:00,B2752,0.394,0.0,1.39,118.99,-1.306,19038.399999999998,20942.239999999998,1.7
2011-02-27 17:00:00,B2752,0.707,0.0,0.38,118.99,0.25699999999999995,19038.399999999998,20942.239999999998,0.45
2011-02-27 18:00:00,B2752,2.584,0.0,0.0,118.99,2.584,19038.399999999998,20942.239999999998,0.0
2011-02-27 19:00:00,B2752,3.21,0.0,0.0,118.99,3.21,19038.399999999998,20942.239999999998,0.0
2011-02-27 20:00:00,B2752,0.707,0.0,0.0,118.99,0.707,19038.399999999998,20942.239999999998,0.0
2011-02-27 21:00:00,B2752,0.704,0.0,0.0,118.99,0.704,19038.399999999998,20942.239999999998,0.0
2011-02-27 22:00:00,B2752,0.704,0.0,0.0,118.99,0.704,19038.399999999998,20942.239999999998,0.0
2011-02-27 23:00:00,B2752,0.391,0.0,0.0,118.99,0.391,19038.399999999998,20942.239999999998,0.0
2011-02-28 00:00:00,B2752,2.791,2.4,0.0,118.99,2.791,19038.399999999998,20942.239999999998,0.0
2011-02-28 01:00:00,B2752,2.791,2.4,0.0,118.99,2.791,19038.399999999998,20942.239999999998,0.0
2011-02-28 02:00:00,B2752,2.791,2.4,0.0,118.99,2.791,19038.399999999998,20942.239999999998,0.0
2011-02-28 03:00:00,B2752,2.791,2.4,0.0,118.99,2.791,19038.399999999998,20942.239999999998,0.0
2011-02-28 04:00:00,B2752,2.791,2.4,0.0,118.99,2.791,19038.399999999998,20942.239999999998,0.0
2011-02-28 05:00:00,B2752,0.704,0.0,0.0,118.99,0.704,19038.399999999998,20942.239999999998,0.0
2011-02-28 06:00:00,B2752,2.584,0.0,0.0,118.99,2.584,19038.399999999998,20942.239999999998,0.0
2011-02-28 07:00:00,B2752,0.707,0.0,0.0,118.99,0.707,19038.399999999998,20942.239999999998,0.0
2011-02-28 08:00:00,B2752,0.394,0.0,1.02,118.99,-1.116,19038.399999999998,20942.239999999998,1.51
2011-02-28 09:00:00,B2752,0.394,0.0,1.49,118.99,-1.596,19038.399999999998,20942.239999999998,1.99
2011-02-28 10:00:00,B2752,0.394,0.0,2.51,118.99,-2.586,19038.399999999998,20942.239999999998,2.98
2011-02-28 11:00:00,B2752,0.394,0.0,3.3,118.99,-3.336,19038.399999999998,20942.239999999998,3.73
2011-02-28 12:00:00,B2752,2.584,0.0,3.53,118.99,-1.3359999999999999,19038.399999999998,20942.239999999998,3.92
2011-02-28 13:00:00,B2752,0.707,0.0,3.44,118.99,-3.153,19038.399999999998,20942.239999999998,3.86
2011-02-28 14:00:00,B2752,0.394,0.0,3.09,118.99,-3.146,19038.399999999998,20942.239999999998,3.54
2011-02-28 15:00:00,B2752,0.394,0.0,2.39,118.99,-2.436,19038.399999999998,20942.239999999998,2.83
2011-02-28 16:00:00,B2752,0.394,0.0,1.52,118.99,-1.416,19038.399999999998,20942.239999999998,1.81
2011-02-28 17:00:00,B2752,0.707,0.0,0.0,118.99,0.6669999999999999,19038.399999999998,20942.239999999998,0.04
2011-02-28 18:00:00,B2752,2.584,0.0,0.0,118.99,2.584,19038.399999999998,20942.239999999998,0.0
2011-02-28 19:00:00,B2752,3.21,0.0,0.0,118.99,3.21,19038.399999999998,20942.239999999998,0.0
2011-02-28 20:00:00,B2752,0.707,0.0,0.0,118.99,0.707,19038.399999999998,20942.239999999998,0.0
2011-02-28 21:00:00,B2752,0.704,0.0,0.0,118.99,0.704,19038.399999999998,20942.239999999998,0.0
2011-02-28 22:00:00,B2752,0.704,0.0,0.0,118.99,0.704,19038.399999999998,20942.239999999998,0.0
2011-02-28 23:00:00,B2752,0.391,0.0,0.0,118.99,0.391,19038.399999999998,20942.239999999998,0.0
2011-03-01 00:00:00,B2752,2.791,2.4,0.0,118.99,2.791,19038.399999999998,20942.239999999998,0.0
2011-03-01 01:00:00,B2752,2.791,2.4,0.0,118.99,2.791,19038.399999999998,20942.239999999998,0.0
2011-03-01 02:00:00,B2752,2.791,2.4,0.0,118.99,2.791,19038.399999999998,20942.239999999998,0.0
2011-03-01 03:00:00,B2752,2.791,2.4,0.0,118.99,2.791,19038.399999999998,20942.239999999998,0.0
2011-03-01 04:00:00,B2752,2.791,2.4,0.0,118.99,2.791,19038.399999999998,20942.239999999998,0.0
2011-03-01 05:00:00,B2752,0.704,0.0,0.0,118.99,0.704,19038.399999999998,20942.239999999998,0.0
2011-03-01 06:00:00,B2752,2.584,0.0,0.0,118.99,2.584,19038.399999999998,20942.239999999998,0.0
2011-03-01 07:00:00,B2752,0.707,0.0,0.0,118.99,0.707,19038.399999999998,20942.239999999998,0.0
2011-03-01 08:00:00,B2752,0.394,0.0,0.85,118.99,-0.9460000000000001,19038.399999999998,20942.239999999998,1.34
2011-03-01 09:00:00,B2752,0.394,0.0,1.29,118.99,-1.376,19038.399999999998,20942.239999999998,1.77
2011-03-01 10:00:00,B2752,0.394,0.0,2.05,118.99,-2.056,19038.399999999998,20942.239999999998,2.45
2011-03-01 11:00:00,B2752,0.394,0.0,2.68,118.99,-2.606,19038.399999999998,20942.239999999998,3.0
2011-03-01 12:00:00,B2752,2.584,0.0,3.06,118.99,-0.786,19038.399999999998,20942.239999999998,3.37
2011-03-01 13:00:00,B2752,0.707,0.0,3.06,118.99,-2.693,19038.399999999998,20942.239999999998,3.4
2011-03-01 14:00:00,B2752,0.394,0.0,2.82,118.99,-2.826,19038.399999999998,20942.239999999998,3.22
2011-03-01 15:00:00,B2752,0.394,0.0,2.24,118.99,-2.266,19038.399999999998,20942.239999999998,2.66
2011-03-01 16:00:00,B2752,0.394,0.0,1.34,118.99,-1.2759999999999998,19038.399999999998,20942.239999999998,1.67
2011-03-01 17:00:00,B2752,0.707,0.0,0.36,118.99,0.27699999999999997,19038.399999999998,20942.239999999998,0.43
2011-03-01 18:00:00,B2752,2.584,0.0,0.0,118.99,2.584,19038.399999999998,20942.239999999998,0.0
2011-03-01 19:00:00,B2752,3.21,0.0,0.0,118.99,3.21,19038.399999999998,20942.239999999998,0.0
2011-03-01 20:00:00,B2752,0.707,0.0,0.0,118.99,0.707,19038.399999999998,20942.239999999998,0.0
2011-03-01 21:00:00,B2752,0.704,0.0,0.0,118.99,0.704,19038.399999999998,20942.239999999998,0.0
2011-03-01 22:00:00,B2752,0.704,0.0,0.0,118.99,0.704,19038.399999999998,20942.239999999998,0.0
2011-03-01 23:00:00,B2752,0.391,0.0,0.0,118.99,0.391,19038.399999999998,20942.239999999998,0.0
2011-03-02 00:00:00,B2752,2.791,2.4,0.0,118.99,2.791,19038.399999999998,20942.239999999998,0.0
2011-03-02 01:00:00,B2752,2.791,2.4,0.0,118.99,2.791,19038.399999999998,20942.239999999998,0.0
2011-03-02 02:00:00,B2752,2.791,2.4,0.0,118.99,2.791,19038.399999999998,20942.239999999998,0.0
2011-03-02 03:00:00,B2752,2.791,2.4,0.0,118.99,2.791,19038.399999999998,20942.239999999998,0.0
2011-03-02 04:00:00,B2752,2.791,2.4,0.0,118.99,2.791,19038.399999999998,20942.239999999998,0.0
2011-03-02 05:00:00,B2752,0.704,0.0,0.0,118.99,0.704,19038.399999999998,20942.239999999998,0.0
2011-03-02 06:00:00,B2752,2.584,0.0,0.0,118.99,2.584,19038.399999999998,20942.239999999998,0.0
2011-03-02 07:00:00,B2752,0.707,0.0,0.0,118.99,0.707,19038.399999999998,20942.239999999998,0.0
2011-03-02 08:00:00,B2752,0.394,0.0,0.88,118.99,-0.9859999999999999,19038.399999999998,20942.239999999998,1.38
2011-03-02 09:00:00,B2752,0.394,0.0,1.38,118.99,-1.4660000000000002,19038.399999999998,20942.239999999998,1.86
2011-03-02 10:00:00,B2752,0.394,0.0,2.17,118.99,-2.186,19038.399999999998,20942.239999999998,2.58
2011-03-02 11:00:00,B2752,0.394,0.0,2.79,118.99,-2.7159999999999997,19038.399999999998,20942.239999999998,3.11
2011-03-02 12:00:00,B2752,2.584,0.0,3.14,118.99,-0.8660000000000001,19038.399999999998,20942.239999999998,3.45
2011-03-02 13:00:00,B2752,0.707,0.0,3.18,118.99,-2.823,19038.399999999998,20942.239999999998,3.53
2011-03-02 14:00:00,B2752,0.394,0.0,3.01,118.99,-3.026,19038.399999999998,20942.239999999998,3.42
2011-03-02 15:00:00,B2752,0.394,0.0,2.68,118.99,-2.756,19038.399999999998,20942.239999999998,3.15
2011-03-02 16:00:00,B2752,0.394,0.0,1.69,118.99,-1.646,19038.399999999998,20942.239999999998,2.04
2011-03-02 17:00:00,B2752,0.707,0.0,0.38,118.99,0.25699999999999995,19038.399999999998,20942.239999999998,0.45
2011-03-02 18:00:00,B2752,2.584,0.0,0.0,118.99,2.584,19038.399999999998,20942.239999999998,0.0
2011-03-02 19:00:00,B2752,3.21,0.0,0.0,118.99,3.21,19038.399999999998,20942.239999999998,0.0
2011-03-02 20:00:00,B2752,0.707,0.0,0.0,118.99,0.707,19038.399999999998,20942.239999999998,0.0
2011-03-02 21:00:00,B2752,0.704,0.0,0.0,118.99,0.704,19038.399999999998,20942.239999999998,0.0
2011-03-02 22:00:00,B2752,0.704,0.0,0.0,118.99,0.704,19038.399999999998,20942.239999999998,0.0
2011-03-02 23:00:00,B2752,0.391,0.0,0.0,118.99,0.391,19038.399999999998,20942.239999999998,0.0
2011-03-03 00:00:00,B2752,2.791,2.4,0.0,118.99,2.791,19038.399999999998,20942.239999999998,0.0
2011-03-03 01:00:00,B2752,2.791,2.4,0.0,118.99,2.791,19038.399999999998,20942.239999999998,0.0
2011-03-03 02:00:00,B2752,2.791,2.4,0.0,118.99,2.791,19038.399999999998,20942.239999999998,0.0
2011-03-03 03:00:00,B2752,2.791,2.4,0.0,118.99,2.791,19038.399999999998,20942.239999999998,0.0
2011-03-03 04:00:00,B2752,2.791,2.4,0.0,118.99,2.791,19038.399999999998,20942.239999999998,0.0
2011-03-03 05:00:00,B2752,0.704,0.0,0.0,118.99,0.704,19038.399999999998,20942.239999999998,0.0
2011-03-03 06:00:00,B2752,2.584,0.0,0.0,118.99,2.584,19038.399999999998,20942.239999999998,0.0
2011-03-03 07:00:00,B2752,0.707,0.0,0.0,118.99,0.707,19038.399999999998,20942.239999999998,0.0
2011-03-03 08:00:00,B2752,0.394,0.0,0.89,118.99,-0.9859999999999999,19038.399999999998,20942.239999999998,1.38
2011-03-03 09:00:00,B2752,0.394,0.0,1.4,118.99,-1.4859999999999998,19038.399999999998,20942.239999999998,1.88
2011-03-03 10:00:00,B2752,0.394,0.0,2.23,118.99,-2.2359999999999998,19038.399999999998,20942.239999999998,2.63
2011-03-03 11:00:00,B2752,0.394,0.0,2.9,118.99,-2.826,19038.399999999998,20942.239999999998,3.22
2011-03-03 12:00:00,B2752,2.584,0.0,3.28,118.99,-0.996,19038.399999999998,20942.239999999998,3.58
2011-03-03 13:00:00,B2752,0.707,0.0,3.26,118.99,-2.8930000000000002,19038.399999999998,20942.239999999998,3.6
2011-03-03 14:00:00,B2752,0.394,0.0,2.9,118.99,-2.876,19038.399999999998,20942.239999999998,3.27
2011-03-03 15:00:00,B2752,0.394,0.0,2.25,118.99,-2.226,19038.399999999998,20942.239999999998,2.62
2011-03-03 16:00:00,B2752,0.394,0.0,1.42,118.99,-1.3359999999999999,19038.399999999998,20942.239999999998,1.73
2011-03-03 17:00:00,B2752,0.707,0.0,0.43,118.99,0.20699999999999996,19038.399999999998,20942.239999999998,0.5
2011-03-03 18:00:00,B2752,2.584,0.0,0.0,118.99,2.584,19038.399999999998,20942.239999999998,0.0
2011-03-03 19:00:00,B2752,3.21,0.0,0.0,118.99,3.21,19038.399999999998,20942.239999999998,0.0
2011-03-03 20:00:00,B2752,0.707,0.0,0.0,118.99,0.707,19038.399999999998,20942.239999999998,0.0
2011-03-03 21:00:00,B2752,0.704,0.0,0.0,118.99,0.704,19038.399999999998,20942.239999999998,0.0
2011-03-03 22:00:00,B2752,0.704,0.0,0.0,118.99,0.704,19038.399999999998,20942.239999999998,0.0
2011-03-03 23:00:00,B2752,0.391,0.0,0.0,118.99,0.391,19038.399999999998,20942.239999999998,0.0
2011-03-04 00:00:00,B2752,2.791,2.4,0.0,118.99,2.791,19038.399999999998,20942.239999999998,0.0
2011-03-04 01:00:00,B2752,2.791,2.4,0.0,118.99,2.791,19038.399999999998,20942.239999999998,0.0
2011-03-04 02:00:00,B2752,2.791,2.4,0.0,118.99,2.791,19038.399999999998,20942.239999999998,0.0
2011-03-04 03:00:00,B2752,2.791,2.4,0.0,118.99,2.791,19038.399999999998,20942.239999999998,0.0
2011-03-04 04:00:00,B2752,2.791,2.4,0.0,118.99,2.791,19038.399999999998,20942.239999999998,0.0
2011-03-04 05:00:00,B2752,0.704,0.0,0.0,118.99,0.704,19038.399999999998,20942.239999999998,0.0
2011-03-04 06:00:00,B2752,2.584,0.0,0.0,118.99,2.584,19038.399999999998,20942.239999999998,0.0
2011-03-04 07:00:00,B2752,0.707,0.0,0.0,118.99,0.707,19038.399999999998,20942.239999999998,0.0
2011-03-04 08:00:00,B2752,0.394,0.0,0.91,118.99,-1.0059999999999998,19038.399999999998,20942.239999999998,1.4
2011-03-04 09:00:00,B2752,0.394,0.0,1.55,118.99,-1.646,19038.399999999998,20942.239999999998,2.04
2011-03-04 10:00:00,B2752,0.394,0.0,2.5,118.99,-2.536,19038.399999999998,20942.239999999998,2.93
2011-03-04 11:00:00,B2752,0.394,0.0,3.13,118.99,-3.066,19038.399999999998,20942.239999999998,3.46
2011-03-04 12:00:00,B2752,2.584,0.0,3.7,118.99,-1.4759999999999995,19038.399999999998,20942.239999999998,4.06
2011-03-04 13:00:00,B2752,0.707,0.0,3.88,118.99,-3.6029999999999998,19038.399999999998,20942.239999999998,4.31
2011-03-04 14:00:00,B2752,0.394,0.0,3.23,118.99,-3.256,19038.399999999998,20942.239999999998,3.65
2011-03-04 15:00:00,B2752,0.394,0.0,2.47,118.99,-2.496,19038.399999999998,20942.239999999998,2.89
2011-03-04 16:00:00,B2752,0.394,0.0,1.64,118.99,-1.5859999999999999,19038.399999999998,20942.239999999998,1.98
2011-03-04 17:00:00,B2752,0.707,0.0,0.4,118.99,0.22699999999999998,19038.399999999998,20942.239999999998,0.48
2011-03-04 18:00:00,B2752,2.584,0.0,0.0,118.99,2.584,19038.399999999998,20942.239999999998,0.0
2011-03-04 19:00:00,B2752,3.21,0.0,0.0,118.99,3.21,19038.399999999998,20942.239999999998,0.0
2011-03-04 20:00:00,B2752,0.707,0.0,0.0,118.99,0.707,19038.399999999998,20942.239999999998,0.0
2011-03-04 21:00:00,B2752,0.704,0.0,0.0,118.99,0.704,19038.399999999998,20942.239999999998,0.0
2011-03-04 22:00:00,B2752,0.704,0.0,0.0,118.99,0.704,19038.399999999998,20942.239999999998,0.0
2011-03-04 23:00:00,B2752,0.391,0.0,0.0,118.99,0.391,19038.399999999998,20942.239999999998,0.0
2011-03-05 00:00:00,B2752,0.391,0.0,0.0,118.99,0.391,19038.399999999998,20942.239999999998,0.0
2011-03-05 01:00:00,B2752,0.391,0.0,0.0,118.99,0.391,19038.399999999998,20942.239999999998,0.0
2011-03-05 02:00:00,B2752,0.391,0.0,0.0,118.99,0.391,19038.399999999998,20942.239999999998,0.0
2011-03-05 03:00:00,B2752,0.391,0.0,0.0,118.99,0.391,19038.399999999998,20942.239999999998,0.0
2011-03-05 04:00:00,B2752,0.391,0.0,0.0,118.99,0.391,19038.399999999998,20942.239999999998,0.0
2011-03-05 05:00:00,B2752,0.704,0.0,0.0,118.99,0.704,19038.399999999998,20942.239999999998,0.0
2011-03-05 06:00:00,B2752,2.584,0.0,0.0,118.99,2.584,19038.399999999998,20942.239999999998,0.0
2011-03-05 07:00:00,B2752,0.707,0.0,0.0,118.99,0.707,19038.399999999998,20942.239999999998,0.0
2011-03-05 08:00:00,B2752,2.794,2.4,1.54,118.99,0.7040000000000002,19038.399999999998,20942.239999999998,2.09
2011-03-05 09:00:00,B2752,2.794,2.4,2.74,118.99,-0.556,19038.399999999998,20942.239999999998,3.35
2011-03-05 10:00:00,B2752,2.794,2.4,3.49,118.99,-1.2559999999999998,19038.399999999998,20942.239999999998,4.05
2011-03-05 11:00:00,B2752,2.794,2.4,4.07,118.99,-1.7559999999999998,19038.399999999998,20942.239999999998,4.55
2011-03-05 12:00:00,B2752,4.984,2.4,4.35,118.99,0.14400000000000013,19038.399999999998,20942.239999999998,4.84
2011-03-05 13:00:00,B2752,0.707,0.0,3.9,118.99,-3.6630000000000003,19038.399999999998,20942.239999999998,4.37
2011-03-05 14:00:00,B2752,0.394,0.0,3.51,118.99,-3.586,19038.399999999998,20942.239999999998,3.98
2011-03-05 15:00:00,B2752,0.394,0.0,2.83,118.99,-2.896,19038.399999999998,20942.239999999998,3.29
2011-03-05 16:00:00,B2752,0.394,0.0,1.77,118.99,-1.6959999999999997,19038.399999999998,20942.239999999998,2.09
2011-03-05 17:00:00,B2752,0.707,0.0,0.42,118.99,0.21699999999999997,19038.399999999998,20942.239999999998,0.49
2011-03-05 18:00:00,B2752,2.584,0.0,0.0,118.99,2.584,19038.399999999998,20942.239999999998,0.0
2011-03-05 19:00:00,B2752,3.21,0.0,0.0,118.99,3.21,19038.399999999998,20942.239999999998,0.0
2011-03-05 20:00:00,B2752,0.707,0.0,0.0,118.99,0.707,19038.399999999998,20942.239999999998,0.0
2011-03-05 21:00:00,B2752,0.704,0.0,0.0,118.99,0.704,19038.399999999998,20942.239999999998,0.0
2011-03-05 22:00:00,B2752,0.704,0.0,0.0,118.99,0.704,19038.399999999998,20942.239999999998,0.0
2011-03-05 23:00:00,B2752,0.391,0.0,0.0,118.99,0.391,19038.399999999998,20942.239999999998,0.0
2011-03-06 00:00:00,B2752,0.391,0.0,0.0,118.99,0.391,19038.399999999998,20942.239999999998,0.0
2011-03-06 01:00:00,B2752,0.391,0.0,0.0,118.99,0.391,19038.399999999998,20942.239999999998,0.0
2011-03-06 02:00:00,B2752,0.391,0.0,0.0,118.99,0.391,19038.399999999998,20942.239999999998,0.0
2011-03-06 03:00:00,B2752,0.391,0.0,0.0,118.99,0.391,19038.399999999998,20942.239999999998,0.0
2011-03-06 04:00:00,B2752,0.391,0.0,0.0,118.99,0.391,19038.399999999998,20942.239999999998,0.0
2011-03-06 05:00:00,B2752,0.704,0.0,0.0,118.99,0.704,19038.399999999998,20942.239999999998,0.0
2011-03-06 06:00:00,B2752,2.584,0.0,0.0,118.99,2.584,19038.399999999998,20942.239999999998,0.0
2011-03-06 07:00:00,B2752,0.707,0.0,0.0,118.99,0.707,19038.399999999998,20942.239999999998,0.0
2011-03-06 08:00:00,B2752,2.794,2.4,1.64,118.99,0.7040000000000002,19038.399999999998,20942.239999999998,2.09
2011-03-06 09:00:00,B2752,2.794,2.4,2.62,118.99,-0.40600000000000014,19038.399999999998,20942.239999999998,3.2
2011-03-06 10:00:00,B2752,2.794,2.4,3.54,118.99,-1.2959999999999998,19038.399999999998,20942.239999999998,4.09
2011-03-06 11:00:00,B2752,2.794,2.4,3.62,118.99,-1.246,19038.399999999998,20942.239999999998,4.04
2011-03-06 12:00:00,B2752,4.984,2.4,3.46,118.99,1.194,19038.399999999998,20942.239999999998,3.79
2011-03-06 13:00:00,B2752,0.707,0.0,3.62,118.99,-3.303,19038.399999999998,20942.239999999998,4.01
2011-03-06 14:00:00,B2752,0.394,0.0,3.36,118.99,-3.396,19038.399999999998,20942.239999999998,3.79
2011-03-06 15:00:00,B2752,0.394,0.0,2.48,118.99,-2.4859999999999998,19038.399999999998,20942.239999999998,2.88
2011-03-06 16:00:00,B2752,0.394,0.0,1.64,118.99,-1.5459999999999998,19038.399999999998,20942.239999999998,1.94
2011-03-06 17:00:00,B2752,0.707,0.0,0.49,118.99,0.1469999999999999,19038.399999999998,20942.239999999998,0.56
2011-03-06 18:00:00,B2752,2.584,0.0,0.0,118.99,2.584,19038.399999999998,20942.239999999998,0.0
2011-03-06 19:00:00,B2752,3.21,0.0,0.0,118.99,3.21,19038.399999999998,20942.239999999998,0.0
2011-03-06 20:00:00,B2752,0.707,0.0,0.0,118.99,0.707,19038.399999999998,20942.239999999998,0.0
2011-03-06 21:00:00,B2752,0.704,0.0,0.0,118.99,0.704,19038.399999999998,20942.239999999998,0.0
2011-03-06 22:00:00,B2752,0.704,0.0,0.0,118.99,0.704,19038.399999999998,20942.239999999998,0.0
2011-03-06 23:00:00,B2752,0.391,0.0,0.0,118.99,0.391,19038.399999999998,20942.239999999998,0.0
2011-03-07 00:00:00,B2752,2.791,2.4,0.0,118.99,2.791,19038.399999999998,20942.239999999998,0.0
2011-03-07 01:00:00,B2752,2.791,2.4,0.0,118.99,2.791,19038.399999999998,20942.239999999998,0.0
2011-03-07 02:00:00,B2752,2.791,2.4,0.0,118.99,2.791,19038.399999999998,20942.239999999998,0.0
2011-03-07 03:00:00,B2752,2.791,2.4,0.0,118.99,2.791,19038.399999999998,20942.239999999998,0.0
2011-03-07 04:00:00,B2752,2.791,2.4,0.0,118.99,2.791,19038.399999999998,20942.239999999998,0.0
2011-03-07 05:00:00,B2752,0.704,0.0,0.0,118.99,0.704,19038.399999999998,20942.239999999998,0.0
2011-03-07 06:00:00,B2752,2.584,0.0,0.0,118.99,2.584,19038.399999999998,20942.239999999998,0.0
2011-03-07 07:00:00,B2752,0.707,0.0,0.0,118.99,0.707,19038.399999999998,20942.239999999998,0.0
2011-03-07 08:00:00,B2752,0.394,0.0,1.41,118.99,-1.536,19038.399999999998,20942.239999999998,1.93
2011-03-07 09:00:00,B2752,0.394,0.0,1.91,118.99,-1.996,19038.399999999998,20942.239999999998,2.39
2011-03-07 10:00:00,B2752,0.394,0.0,2.72,118.99,-2.7359999999999998,19038.399999999998,20942.239999999998,3.13
2011-03-07 11:00:00,B2752,0.394,0.0,3.49,118.99,-3.456,19038.399999999998,20942.239999999998,3.85
2011-03-07 12:00:00,B2752,2.584,0.0,3.93,118.99,-1.7259999999999995,19038.399999999998,20942.239999999998,4.31
2011-03-07 13:00:00,B2752,0.707,0.0,4.29,118.99,-4.043,19038.399999999998,20942.239999999998,4.75
2011-03-07 14:00:00,B2752,0.394,0.0,3.89,118.99,-4.006,19038.399999999998,20942.239999999998,4.4
2011-03-07 15:00:00,B2752,0.394,0.0,2.98,118.99,-3.056,19038.399999999998,20942.239999999998,3.45
2011-03-07 16:00:00,B2752,0.394,0.0,1.7,118.99,-1.556,19038.399999999998,20942.239999999998,1.95
2011-03-07 17:00:00,B2752,0.707,0.0,0.0,118.99,0.707,19038.399999999998,20942.239999999998,0.0
2011-03-07 18:00:00,B2752,2.584,0.0,0.0,118.99,2.584,19038.399999999998,20942.239999999998,0.0
2011-03-07 19:00:00,B2752,3.21,0.0,0.0,118.99,3.21,19038.399999999998,20942.239999999998,0.0
2011-03-07 20:00:00,B2752,0.707,0.0,0.0,118.99,0.707,19038.399999999998,20942.239999999998,0.0
2011-03-07 21:00:00,B2752,0.704,0.0,0.0,118.99,0.704,19038.399999999998,20942.239999999998,0.0
2011-03-07 22:00:00,B2752,0.704,0.0,0.0,118.99,0.704,19038.399999999998,20942.239999999998,0.0
2011-03-07 23:00:00,B2752,0.391,0.0,0.0,118.99,0.391,19038.399999999998,20942.239999999998,0.0
2011-03-08 00:00:00,B2752,2.791,2.4,0.0,118.99,2.791,19038.399999999998,20942.239999999998,0.0
2011-03-08 01:00:00,B2752,2.791,2.4,0.0,118.99,2.791,19038.399999999998,20942.239999999998,0.0
2011-03-08 02:00:00,B2752,2.791,2.4,0.0,118.99,2.791,19038.399999999998,20942.239999999998,0.0
2011-03-08 03:00:00,B2752,2.791,2.4,0.0,118.99,2.791,19038.399999999998,20942.239999999998,0.0
2011-03-08 04:00:00,B2752,2.791,2.4,0.0,118.99,2.791,19038.399999999998,20942.239999999998,0.0
2011-03-08 05:00:00,B2752,0.704,0.0,0.0,118.99,0.704,19038.399999999998,20942.239999999998,0.0
2011-03-08 06:00:00,B2752,2.584,0.0,0.0,118.99,2.584,19038.399999999998,20942.239999999998,0.0
2011-03-08 07:00:00,B2752,0.707,0.0,0.0,118.99,0.707,19038.399999999998,20942.239999999998,0.0
2011-03-08 08:00:00,B2752,0.394,0.0,1.76,118.99,-1.846,19038.399999999998,20942.239999999998,2.24
2011-03-08 09:00:00,B2752,0.394,0.0,3.02,118.99,-3.226,19038.399999999998,20942.239999999998,3.62
2011-03-08 10:00:00,B2752,0.394,0.0,3.63,118.99,-3.7859999999999996,19038.399999999998,20942.239999999998,4.18
2011-03-08 11:00:00,B2752,0.394,0.0,3.83,118.99,-3.9159999999999995,19038.399999999998,20942.239999999998,4.31
2011-03-08 12:00:00,B2752,2.584,0.0,4.07,118.99,-1.9460000000000002,19038.399999999998,20942.239999999998,4.53
2011-03-08 13:00:00,B2752,0.707,0.0,4.22,118.99,-4.013,19038.399999999998,20942.239999999998,4.72
2011-03-08 14:00:00,B2752,0.394,0.0,3.61,118.99,-3.7059999999999995,19038.399999999998,20942.239999999998,4.1
2011-03-08 15:00:00,B2752,0.394,0.0,2.67,118.99,-2.6959999999999997,19038.399999999998,20942.239999999998,3.09
2011-03-08 16:00:00,B2752,0.394,0.0,1.73,118.99,-1.596,19038.399999999998,20942.239999999998,1.99
2011-03-08 17:00:00,B2752,0.707,0.0,0.0,118.99,0.6769999999999999,19038.399999999998,20942.239999999998,0.03
2011-03-08 18:00:00,B2752,2.584,0.0,0.0,118.99,2.584,19038.399999999998,20942.239999999998,0.0
2011-03-08 19:00:00,B2752,3.21,0.0,0.0,118.99,3.21,19038.399999999998,20942.239999999998,0.0
2011-03-08 20:00:00,B2752,0.707,0.0,0.0,118.99,0.707,19038.399999999998,20942.239999999998,0.0
2011-03-08 21:00:00,B2752,0.704,0.0,0.0,118.99,0.704,19038.399999999998,20942.239999999998,0.0
2011-03-08 22:00:00,B2752,0.704,0.0,0.0,118.99,0.704,19038.399999999998,20942.239999999998,0.0
2011-03-08 23:00:00,B2752,0.391,0.0,0.0,118.99,0.391,19038.399999999998,20942.239999999998,0.0
2011-03-09 00:00:00,B2752,2.791,2.4,0.0,118.99,2.791,19038.399999999998,20942.239999999998,0.0
2011-03-09 01:00:00,B2752,2.791,2.4,0.0,118.99,2.791,19038.399999999998,20942.239999999998,0.0
2011-03-09 02:00:00,B2752,2.791,2.4,0.0,118.99,2.791,19038.399999999998,20942.239999999998,0.0
2011-03-09 03:00:00,B2752,2.791,2.4,0.0,118.99,2.791,19038.399999999998,20942.239999999998,0.0
2011-03-09 04:00:00,B2752,2.791,2.4,0.0,118.99,2.791,19038.399999999998,20942.239999999998,0.0
2011-03-09 05:00:00,B2752,0.704,0.0,0.0,118.99,0.704,19038.399999999998,20942.239999999998,0.0
2011-03-09 06:00:00,B2752,2.584,0.0,0.0,118.99,2.584,19038.399999999998,20942.239999999998,0.0
2011-03-09 07:00:00,B2752,0.707,0.0,0.0,118.99,0.707,19038.399999999998,20942.239999999998,0.0
2011-03-09 08:00:00,B2752,0.394,0.0,1.03,118.99,-1.1360000000000001,19038.399999999998,20942.239999999998,1.53
2011-03-09 09:00:00,B2752,0.394,0.0,1.94,118.99,-2.026,19038.399999999998,20942.239999999998,2.42
2011-03-09 10:00:00,B2752,0.394,0.0,2.85,118.99,-2.846,19038.399999999998,20942.239999999998,3.24
2011-03-09 11:00:00,B2752,0.394,0.0,3.54,118.99,-3.4659999999999997,19038.399999999998,20942.239999999998,3.86
2011-03-09 12:00:00,B2752,2.584,0.0,3.81,118.99,-1.5159999999999996,19038.399999999998,20942.239999999998,4.1
2011-03-09 13:00:00,B2752,0.707,0.0,3.72,118.99,-3.343,19038.399999999998,20942.239999999998,4.05
2011-03-09 14:00:00,B2752,0.394,0.0,3.4,118.99,-3.396,19038.399999999998,20942.239999999998,3.79
2011-03-09 15:00:00,B2752,0.394,0.0,2.64,118.99,-2.6359999999999997,19038.399999999998,20942.239999999998,3.03
2011-03-09 16:00:00,B2752,0.394,0.0,1.63,118.99,-1.5259999999999998,19038.399999999998,20942.239999999998,1.92
2011-03-09 17:00:00,B2752,0.707,0.0,0.47,118.99,0.18699999999999994,19038.399999999998,20942.239999999998,0.52
2011-03-09 18:00:00,B2752,2.584,0.0,0.0,118.99,2.584,19038.399999999998,20942.239999999998,0.0
2011-03-09 19:00:00,B2752,3.208,0.0,0.0,118.99,3.208,19038.399999999998,20942.239999999998,0.0
2011-03-09 20:00:00,B2752,0.707,0.0,0.0,118.99,0.707,19038.399999999998,20942.239999999998,0.0
2011-03-09 21:00:00,B2752,0.704,0.0,0.0,118.99,0.704,19038.399999999998,20942.239999999998,0.0
2011-03-09 22:00:00,B2752,0.704,0.0,0.0,118.99,0.704,19038.399999999998,20942.239999999998,0.0
2011-03-09 23:00:00,B2752,0.391,0.0,0.0,118.99,0.391,19038.399999999998,20942.239999999998,0.0
2011-03-10 00:00:00,B2752,2.791,2.4,0.0,118.99,2.791,19038.399999999998,20942.239999999998,0.0
2011-03-10 01:00:00,B2752,2.791,2.4,0.0,118.99,2.791,19038.399999999998,20942.239999999998,0.0
2011-03-10 02:00:00,B2752,2.791,2.4,0.0,118.99,2.791,19038.399999999998,20942.239999999998,0.0
2011-03-10 03:00:00,B2752,2.791,2.4,0.0,118.99,2.791,19038.399999999998,20942.239999999998,0.0
2011-03-10 04:00:00,B2752,2.791,2.4,0.0,118.99,2.791,19038.399999999998,20942.239999999998,0.0
2011-03-10 05:00:00,B2752,0.704,0.0,0.0,118.99,0.704,19038.399999999998,20942.239999999998,0.0
2011-03-10 06:00:00,B2752,2.584,0.0,0.0,118.99,2.584,19038.399999999998,20942.239999999998,0.0
2011-03-10 07:00:00,B2752,0.707,0.0,0.0,118.99,0.707,19038.399999999998,20942.239999999998,0.0
2011-03-10 08:00:00,B2752,0.394,0.0,1.7,118.99,-1.8659999999999997,19038.399999999998,20942.239999999998,2.26
2011-03-10 09:00:00,B2752,0.394,0.0,2.46,118.99,-2.6159999999999997,19038.399999999998,20942.239999999998,3.01
2011-03-10 10:00:00,B2752,0.394,0.0,3.44,118.99,-3.526,19038.399999999998,20942.239999999998,3.92
2011-03-10 11:00:00,B2752,0.394,0.0,4.23,118.99,-4.256,19038.399999999998,20942.239999999998,4.65
2011-03-10 12:00:00,B2752,2.582,0.0,4.31,118.99,-2.098,19038.399999999998,20942.239999999998,4.68
2011-03-10 13:00:00,B2752,0.707,0.0,4.06,118.99,-3.7330000000000005,19038.399999999998,20942.239999999998,4.44
2011-03-10 14:00:00,B2752,0.394,0.0,3.74,118.99,-3.776,19038.399999999998,20942.239999999998,4.17
2011-03-10 15:00:00,B2752,0.394,0.0,2.94,118.99,-2.976,19038.399999999998,20942.239999999998,3.37
2011-03-10 16:00:00,B2752,0.394,0.0,1.86,118.99,-1.786,19038.399999999998,20942.239999999998,2.18
2011-03-10 17:00:00,B2752,0.707,0.0,0.54,118.99,0.08699999999999997,19038.399999999998,20942.239999999998,0.62
2011-03-10 18:00:00,B2752,2.582,0.0,0.0,118.99,2.582,19038.399999999998,20942.239999999998,0.0
2011-03-10 19:00:00,B2752,3.208,0.0,0.0,118.99,3.208,19038.399999999998,20942.239999999998,0.0
2011-03-10 20:00:00,B2752,0.707,0.0,0.0,118.99,0.707,19038.399999999998,20942.239999999998,0.0
2011-03-10 21:00:00,B2752,0.704,0.0,0.0,118.99,0.704,19038.399999999998,20942.239999999998,0.0
2011-03-10 22:00:00,B2752,0.704,0.0,0.0,118.99,0.704,19038.399999999998,20942.239999999998,0.0
2011-03-10 23:00:00,B2752,0.391,0.0,0.0,118.99,0.391,19038.399999999998,20942.239999999998,0.0
2011-03-11 00:00:00,B2752,2.791,2.4,0.0,118.99,2.791,19038.399999999998,20942.239999999998,0.0
2011-03-11 01:00:00,B2752,2.791,2.4,0.0,118.99,2.791,19038.399999999998,20942.239999999998,0.0
2011-03-11 02:00:00,B2752,2.791,2.4,0.0,118.99,2.791,19038.399999999998,20942.239999999998,0.0
2011-03-11 03:00:00,B2752,2.791,2.4,0.0,118.99,2.791,19038.399999999998,20942.239999999998,0.0
2011-03-11 04:00:00,B2752,2.791,2.4,0.0,118.99,2.791,19038.399999999998,20942.239999999998,0.0
2011-03-11 05:00:00,B2752,0.704,0.0,0.0,118.99,0.704,19038.399999999998,20942.239999999998,0.0
2011-03-11 06:00:00,B2752,2.584,0.0,0.0,118.99,2.584,19038.399999999998,20942.239999999998,0.0
2011-03-11 07:00:00,B2752,0.707,0.0,0.0,118.99,0.707,19038.399999999998,20942.239999999998,0.0
2011-03-11 08:00:00,B2752,0.394,0.0,1.45,118.99,-1.4260000000000002,19038.399999999998,20942.239999999998,1.82
2011-03-11 09:00:00,B2752,0.394,0.0,2.48,118.99,-2.596,19038.399999999998,20942.239999999998,2.99
2011-03-11 10:00:00,B2752,0.394,0.0,3.73,118.99,-3.8759999999999994,19038.399999999998,20942.239999999998,4.27
2011-03-11 11:00:00,B2752,0.394,0.0,3.83,118.99,-3.856,19038.399999999998,20942.239999999998,4.25
2011-03-11 12:00:00,B2752,2.582,0.0,3.75,118.99,-1.5179999999999998,19038.399999999998,20942.239999999998,4.1
2011-03-11 13:00:00,B2752,0.707,0.0,3.68,118.99,-3.3630000000000004,19038.399999999998,20942.239999999998,4.07
2011-03-11 14:00:00,B2752,0.394,0.0,2.97,118.99,-2.956,19038.399999999998,20942.239999999998,3.35
2011-03-11 15:00:00,B2752,0.394,0.0,2.36,118.99,-2.336,19038.399999999998,20942.239999999998,2.73
2011-03-11 16:00:00,B2752,0.394,0.0,1.62,118.99,-1.456,19038.399999999998,20942.239999999998,1.85
2011-03-11 17:00:00,B2752,0.707,0.0,0.0,118.99,0.697,19038.399999999998,20942.239999999998,0.01
2011-03-11 18:00:00,B2752,2.584,0.0,0.0,118.99,2.584,19038.399999999998,20942.239999999998,0.0
2011-03-11 19:00:00,B2752,3.208,0.0,0.0,118.99,3.208,19038.399999999998,20942.239999999998,0.0
2011-03-11 20:00:00,B2752,0.707,0.0,0.0,118.99,0.707,19038.399999999998,20942.239999999998,0.0
2011-03-11 21:00:00,B2752,0.704,0.0,0.0,118.99,0.704,19038.399999999998,20942.239999999998,0.0
2011-03-11 22:00:00,B2752,0.704,0.0,0.0,118.99,0.704,19038.399999999998,20942.239999999998,0.0
2011-03-11 23:00:00,B2752,0.391,0.0,0.0,118.99,0.391,19038.399999999998,20942.239999999998,0.0
2011-03-12 00:00:00,B2752,0.391,0.0,0.0,118.99,0.391,19038.399999999998,20942.239999999998,0.0
2011-03-12 01:00:00,B2752,0.391,0.0,0.0,118.99,0.391,19038.399999999998,20942.239999999998,0.0
2011-03-12 02:00:00,B2752,0.391,0.0,0.0,118.99,0.391,19038.399999999998,20942.239999999998,0.0
2011-03-12 03:00:00,B2752,0.391,0.0,0.0,118.99,0.391,19038.399999999998,20942.239999999998,0.0
2011-03-12 04:00:00,B2752,0.391,0.0,0.0,118.99,0.391,19038.399999999998,20942.239999999998,0.0
2011-03-12 05:00:00,B2752,0.704,0.0,0.0,118.99,0.704,19038.399999999998,20942.239999999998,0.0
2011-03-12 06:00:00,B2752,2.584,0.0,0.0,118.99,2.584,19038.399999999998,20942.239999999998,0.0
2011-03-12 07:00:00,B2752,0.707,0.0,0.0,118.99,0.707,19038.399999999998,20942.239999999998,0.0
2011-03-12 08:00:00,B2752,2.794,2.4,1.32,118.99,1.044,19038.399999999998,20942.239999999998,1.75
2011-03-12 09:00:00,B2752,2.794,2.4,2.48,118.99,-0.19600000000000017,19038.399999999998,20942.239999999998,2.99
2011-03-12 10:00:00,B2752,2.794,2.4,3.74,118.99,-1.4460000000000002,19038.399999999998,20942.239999999998,4.24
2011-03-12 11:00:00,B2752,2.794,2.4,4.36,118.99,-1.996,19038.399999999998,20942.239999999998,4.79
2011-03-12 12:00:00,B2752,4.984,2.4,4.53,118.99,0.043999999999999595,19038.399999999998,20942.239999999998,4.94
2011-03-12 13:00:00,B2752,0.707,0.0,4.31,118.99,-4.023000000000001,19038.399999999998,20942.239999999998,4.73
2011-03-12 14:00:00,B2752,0.394,0.0,3.6,118.99,-3.606,19038.399999999998,20942.239999999998,4.0
2011-03-12 15:00:00,B2752,0.394,0.0,2.75,118.99,-2.726,19038.399999999998,20942.239999999998,3.12
2011-03-12 16:00:00,B2752,0.394,0.0,1.88,118.99,-1.806,19038.399999999998,20942.239999999998,2.2
2011-03-12 17:00:00,B2752,0.707,0.0,0.55,118.99,0.06699999999999995,19038.399999999998,20942.239999999998,0.64
2011-03-12 18:00:00,B2752,2.584,0.0,0.0,118.99,2.584,19038.399999999998,20942.239999999998,0.0
2011-03-12 19:00:00,B2752,3.21,0.0,0.0,118.99,3.21,19038.399999999998,20942.239999999998,0.0
2011-03-12 20:00:00,B2752,0.707,0.0,0.0,118.99,0.707,19038.399999999998,20942.239999999998,0.0
2011-03-12 21:00:00,B2752,0.704,0.0,0.0,118.99,0.704,19038.399999999998,20942.239999999998,0.0
2011-03-12 22:00:00,B2752,0.704,0.0,0.0,118.99,0.704,19038.399999999998,20942.239999999998,0.0
2011-03-12 23:00:00,B2752,0.391,0.0,0.0,118.99,0.391,19038.399999999998,20942.239999999998,0.0
2011-03-13 00:00:00,B2752,0.391,0.0,0.0,118.99,0.391,19038.399999999998,20942.239999999998,0.0
2011-03-13 01:00:00,B2752,0.391,0.0,0.0,118.99,0.391,19038.399999999998,20942.239999999998,0.0
2011-03-13 02:00:00,B2752,0.391,0.0,0.0,118.99,0.391,19038.399999999998,20942.239999999998,0.0
2011-03-13 03:00:00,B2752,0.391,0.0,0.0,118.99,0.391,19038.399999999998,20942.239999999998,0.0
2011-03-13 04:00:00,B2752,0.391,0.0,0.0,118.99,0.391,19038.399999999998,20942.239999999998,0.0
2011-03-13 05:00:00,B2752,0.704,0.0,0.0,118.99,0.704,19038.399999999998,20942.239999999998,0.0
2011-03-13 06:00:00,B2752,2.584,0.0,0.0,118.99,2.584,19038.399999999998,20942.239999999998,0.0
2011-03-13 07:00:00,B2752,0.707,0.0,0.0,118.99,0.707,19038.399999999998,20942.239999999998,0.0
2011-03-13 08:00:00,B2752,2.794,2.4,1.44,118.99,1.044,19038.399999999998,20942.239999999998,1.75
2011-03-13 09:00:00,B2752,2.794,2.4,2.57,118.99,-0.2559999999999998,19038.399999999998,20942.239999999998,3.05
2011-03-13 10:00:00,B2752,2.794,2.4,3.13,118.99,-0.806,19038.399999999998,20942.239999999998,3.6
2011-03-13 11:00:00,B2752,2.794,2.4,3.76,118.99,-1.4060000000000001,19038.399999999998,20942.239999999998,4.2
2011-03-13 12:00:00,B2752,4.984,2.4,4.32,118.99,0.19399999999999995,19038.399999999998,20942.239999999998,4.79
2011-03-13 13:00:00,B2752,0.707,0.0,4.4,118.99,-4.173,19038.399999999998,20942.239999999998,4.88
2011-03-13 14:00:00,B2752,0.394,0.0,4.23,118.99,-4.346,19038.399999999998,20942.239999999998,4.74
2011-03-13 15:00:00,B2752,0.394,0.0,3.36,118.99,-3.456,19038.399999999998,20942.239999999998,3.85
2011-03-13 16:00:00,B2752,0.394,0.0,2.18,118.99,-2.1159999999999997,19038.399999999998,20942.239999999998,2.51
2011-03-13 17:00:00,B2752,0.707,0.0,0.7,118.99,-0.09300000000000008,19038.399999999998,20942.239999999998,0.8
2011-03-13 18:00:00,B2752,2.584,0.0,0.0,118.99,2.584,19038.399999999998,20942.239999999998,0.0
2011-03-13 19:00:00,B2752,3.21,0.0,0.0,118.99,3.21,19038.399999999998,20942.239999999998,0.0
2011-03-13 20:00:00,B2752,0.707,0.0,0.0,118.99,0.707,19038.399999999998,20942.239999999998,0.0
2011-03-13 21:00:00,B2752,0.704,0.0,0.0,118.99,0.704,19038.399999999998,20942.239999999998,0.0
2011-03-13 22:00:00,B2752,0.704,0.0,0.0,118.99,0.704,19038.399999999998,20942.239999999998,0.0
2011-03-13 23:00:00,B2752,0.391,0.0,0.0,118.99,0.391,19038.399999999998,20942.239999999998,0.0
2011-03-14 00:00:00,B2752,2.791,2.4,0.0,118.99,2.791,19038.399999999998,20942.239999999998,0.0
2011-03-14 01:00:00,B2752,2.791,2.4,0.0,118.99,2.791,19038.399999999998,20942.239999999998,0.0
2011-03-14 02:00:00,B2752,2.791,2.4,0.0,118.99,2.791,19038.399999999998,20942.239999999998,0.0
2011-03-14 03:00:00,B2752,2.791,2.4,0.0,118.99,2.791,19038.399999999998,20942.239999999998,0.0
2011-03-14 04:00:00,B2752,2.791,2.4,0.0,118.99,2.791,19038.399999999998,20942.239999999998,0.0
2011-03-14 05:00:00,B2752,0.704,0.0,0.0,118.99,0.704,19038.399999999998,20942.239999999998,0.0
2011-03-14 06:00:00,B2752,2.584,0.0,0.0,118.99,2.584,19038.399999999998,20942.239999999998,0.0
2011-03-14 07:00:00,B2752,0.707,0.0,0.86,118.99,-0.15300000000000002,19038.399999999998,20942.239999999998,0.86
2011-03-14 08:00:00,B2752,0.394,0.0,1.79,118.99,-1.7559999999999998,19038.399999999998,20942.239999999998,2.15
2011-03-14 09:00:00,B2752,0.394,0.0,2.89,118.99,-3.036,19038.399999999998,20942.239999999998,3.43
2011-03-14 10:00:00,B2752,0.394,0.0,3.79,118.99,-3.9559999999999995,19038.399999999998,20942.239999999998,4.35
2011-03-14 11:00:00,B2752,0.394,0.0,4.26,118.99,-4.406,19038.399999999998,20942.239999999998,4.8
2011-03-14 12:00:00,B2752,2.584,0.0,4.89,118.99,-2.866,19038.399999999998,20942.239999999998,5.45
2011-03-14 13:00:00,B2752,0.707,0.0,4.61,118.99,-4.463,19038.399999999998,20942.239999999998,5.17
2011-03-14 14:00:00,B2752,0.394,0.0,3.64,118.99,-3.726,19038.399999999998,20942.239999999998,4.12
2011-03-14 15:00:00,B2752,0.394,0.0,2.84,118.99,-2.876,19038.399999999998,20942.239999999998,3.27
2011-03-14 16:00:00,B2752,0.394,0.0,1.69,118.99,-1.516,19038.399999999998,20942.239999999998,1.91
2011-03-14 17:00:00,B2752,0.707,0.0,0.0,118.99,0.707,19038.399999999998,20942.239999999998,0.0
2011-03-14 18:00:00,B2752,2.584,0.0,0.0,118.99,2.584,19038.399999999998,20942.239999999998,0.0
2011-03-14 19:00:00,B2752,3.21,0.0,0.0,118.99,3.21,19038.399999999998,20942.239999999998,0.0
2011-03-14 20:00:00,B2752,0.707,0.0,0.0,118.99,0.707,19038.399999999998,20942.239999999998,0.0
2011-03-14 21:00:00,B2752,0.704,0.0,0.0,118.99,0.704,19038.399999999998,20942.239999999998,0.0
2011-03-14 22:00:00,B2752,0.704,0.0,0.0,118.99,0.704,19038.399999999998,20942.239999999998,0.0
2011-03-14 23:00:00,B2752,0.391,0.0,0.0,118.99,0.391,19038.399999999998,20942.239999999998,0.0
2011-03-15 00:00:00,B2752,2.791,2.4,0.0,118.99,2.791,19038.399999999998,20942.239999999998,0.0
2011-03-15 01:00:00,B2752,2.791,2.4,0.0,118.99,2.791,19038.399999999998,20942.239999999998,0.0
2011-03-15 02:00:00,B2752,2.791,2.4,0.0,118.99,2.791,19038.399999999998,20942.239999999998,0.0
2011-03-15 03:00:00,B2752,2.791,2.4,0.0,118.99,2.791,19038.399999999998,20942.239999999998,0.0
2011-03-15 04:00:00,B2752,2.791,2.4,0.0,118.99,2.791,19038.399999999998,20942.239999999998,0.0
2011-03-15 05:00:00,B2752,0.704,0.0,0.0,118.99,0.704,19038.399999999998,20942.239999999998,0.0
2011-03-15 06:00:00,B2752,2.584,0.0,0.0,118.99,2.584,19038.399999999998,20942.239999999998,0.0
2011-03-15 07:00:00,B2752,0.707,0.0,0.85,118.99,-0.543,19038.399999999998,20942.239999999998,1.25
2011-03-15 08:00:00,B2752,0.394,0.0,1.85,118.99,-2.006,19038.399999999998,20942.239999999998,2.4
2011-03-15 09:00:00,B2752,0.394,0.0,2.95,118.99,-3.1159999999999997,19038.399999999998,20942.239999999998,3.51
2011-03-15 10:00:00,B2752,0.394,0.0,3.75,118.99,-3.846,19038.399999999998,20942.239999999998,4.24
2011-03-15 11:00:00,B2752,0.394,0.0,4.28,118.99,-4.256,19038.399999999998,20942.239999999998,4.65
2011-03-15 12:00:00,B2752,2.584,0.0,4.7,118.99,-2.456,19038.399999999998,20942.239999999998,5.04
2011-03-15 13:00:00,B2752,0.707,0.0,4.43,118.99,-4.083,19038.399999999998,20942.239999999998,4.79
2011-03-15 14:00:00,B2752,0.394,0.0,3.83,118.99,-3.816,19038.399999999998,20942.239999999998,4.21
2011-03-15 15:00:00,B2752,0.394,0.0,3.11,118.99,-3.106,19038.399999999998,20942.239999999998,3.5
2011-03-15 16:00:00,B2752,0.394,0.0,2.21,118.99,-2.1559999999999997,19038.399999999998,20942.239999999998,2.55
2011-03-15 17:00:00,B2752,0.707,0.0,0.67,118.99,-0.05300000000000005,19038.399999999998,20942.239999999998,0.76
2011-03-15 18:00:00,B2752,2.584,0.0,0.0,118.99,2.584,19038.399999999998,20942.239999999998,0.0
2011-03-15 19:00:00,B2752,3.21,0.0,0.0,118.99,3.21,19038.399999999998,20942.239999999998,0.0
2011-03-15 20:00:00,B2752,0.707,0.0,0.0,118.99,0.707,19038.399999999998,20942.239999999998,0.0
2011-03-15 21:00:00,B2752,0.704,0.0,0.0,118.99,0.704,19038.399999999998,20942.239999999998,0.0
2011-03-15 22:00:00,B2752,0.704,0.0,0.0,118.99,0.704,19038.399999999998,20942.239999999998,0.0
2011-03-15 23:00:00,B2752,0.391,0.0,0.0,118.99,0.391,19038.399999999998,20942.239999999998,0.0
2011-03-16 00:00:00,B2752,2.791,2.4,0.0,118.99,2.791,19038.399999999998,20942.239999999998,0.0
2011-03-16 01:00:00,B2752,2.791,2.4,0.0,118.99,2.791,19038.399999999998,20942.239999999998,0.0
2011-03-16 02:00:00,B2752,2.791,2.4,0.0,118.99,2.791,19038.399999999998,20942.239999999998,0.0
2011-03-16 03:00:00,B2752,2.791,2.4,0.0,118.99,2.791,19038.399999999998,20942.239999999998,0.0
2011-03-16 04:00:00,B2752,2.791,2.4,0.0,118.99,2.791,19038.399999999998,20942.239999999998,0.0
2011-03-16 05:00:00,B2752,0.704,0.0,0.0,118.99,0.704,19038.399999999998,20942.239999999998,0.0
2011-03-16 06:00:00,B2752,2.584,0.0,0.0,118.99,2.584,19038.399999999998,20942.239999999998,0.0
2011-03-16 07:00:00,B2752,0.707,0.0,0.55,118.99,-0.29300000000000004,19038.399999999998,20942.239999999998,1.0
2011-03-16 08:00:00,B2752,0.394,0.0,1.43,118.99,-1.556,19038.399999999998,20942.239999999998,1.95
2011-03-16 09:00:00,B2752,0.394,0.0,2.67,118.99,-2.756,19038.399999999998,20942.239999999998,3.15
2011-03-16 10:00:00,B2752,0.394,0.0,3.97,118.99,-4.016,19038.399999999998,20942.239999999998,4.41
2011-03-16 11:00:00,B2752,0.394,0.0,4.78,118.99,-4.766,19038.399999999998,20942.239999999998,5.16
2011-03-16 12:00:00,B2752,2.584,0.0,4.78,118.99,-2.5260000000000002,19038.399999999998,20942.239999999998,5.11
2011-03-16 13:00:00,B2752,0.707,0.0,4.48,118.99,-4.123,19038.399999999998,20942.239999999998,4.83
2011-03-16 14:00:00,B2752,0.394,0.0,4.23,118.99,-4.266,19038.399999999998,20942.239999999998,4.66
2011-03-16 15:00:00,B2752,0.394,0.0,3.19,118.99,-3.2159999999999997,19038.399999999998,20942.239999999998,3.61
2011-03-16 16:00:00,B2752,0.394,0.0,1.82,118.99,-1.6759999999999997,19038.399999999998,20942.239999999998,2.07
2011-03-16 17:00:00,B2752,0.707,0.0,0.0,118.99,0.697,19038.399999999998,20942.239999999998,0.01
2011-03-16 18:00:00,B2752,2.584,0.0,0.0,118.99,2.584,19038.399999999998,20942.239999999998,0.0
2011-03-16 19:00:00,B2752,3.21,0.0,0.0,118.99,3.21,19038.399999999998,20942.239999999998,0.0
2011-03-16 20:00:00,B2752,0.707,0.0,0.0,118.99,0.707,19038.399999999998,20942.239999999998,0.0
2011-03-16 21:00:00,B2752,0.704,0.0,0.0,118.99,0.704,19038.399999999998,20942.239999999998,0.0
2011-03-16 22:00:00,B2752,0.704,0.0,0.0,118.99,0.704,19038.399999999998,20942.239999999998,0.0
2011-03-16 23:00:00,B2752,0.391,0.0,0.0,118.99,0.391,19038.399999999998,20942.239999999998,0.0
2011-03-17 00:00:00,B2752,2.791,2.4,0.0,118.99,2.791,19038.399999999998,20942.239999999998,0.0
2011-03-17 01:00:00,B2752,2.791,2.4,0.0,118.99,2.791,19038.399999999998,20942.239999999998,0.0
2011-03-17 02:00:00,B2752,2.791,2.4,0.0,118.99,2.791,19038.399999999998,20942.239999999998,0.0
2011-03-17 03:00:00,B2752,2.791,2.4,0.0,118.99,2.791,19038.399999999998,20942.239999999998,0.0
2011-03-17 04:00:00,B2752,2.791,2.4,0.0,118.99,2.791,19038.399999999998,20942.239999999998,0.0
2011-03-17 05:00:00,B2752,0.704,0.0,0.0,118.99,0.704,19038.399999999998,20942.239999999998,0.0
2011-03-17 06:00:00,B2752,2.584,0.0,0.0,118.99,2.584,19038.399999999998,20942.239999999998,0.0
2011-03-17 07:00:00,B2752,0.707,0.0,0.84,118.99,-0.543,19038.399999999998,20942.239999999998,1.25
2011-03-17 08:00:00,B2752,0.394,0.0,1.91,118.99,-2.096,19038.399999999998,20942.239999999998,2.49
2011-03-17 09:00:00,B2752,0.394,0.0,2.98,118.99,-3.106,19038.399999999998,20942.239999999998,3.5
2011-03-17 10:00:00,B2752,0.394,0.0,3.98,118.99,-4.016,19038.399999999998,20942.239999999998,4.41
2011-03-17 11:00:00,B2752,0.394,0.0,4.91,118.99,-4.9159999999999995,19038.399999999998,20942.239999999998,5.31
2011-03-17 12:00:00,B2752,2.584,0.0,5.25,118.99,-3.046,19038.399999999998,20942.239999999998,5.63
2011-03-17 13:00:00,B2752,0.707,0.0,5.09,118.99,-4.773000000000001,19038.399999999998,20942.239999999998,5.48
2011-03-17 14:00:00,B2752,0.394,0.0,4.56,118.99,-4.596,19038.399999999998,20942.239999999998,4.99
2011-03-17 15:00:00,B2752,0.394,0.0,3.52,118.99,-3.516,19038.399999999998,20942.239999999998,3.91
2011-03-17 16:00:00,B2752,0.394,0.0,2.36,118.99,-2.306,19038.399999999998,20942.239999999998,2.7
2011-03-17 17:00:00,B2752,0.707,0.0,0.75,118.99,-0.14300000000000002,19038.399999999998,20942.239999999998,0.85
2011-03-17 18:00:00,B2752,2.584,0.0,0.0,118.99,2.584,19038.399999999998,20942.239999999998,0.0
2011-03-17 19:00:00,B2752,3.21,0.0,0.0,118.99,3.21,19038.399999999998,20942.239999999998,0.0
2011-03-17 20:00:00,B2752,0.707,0.0,0.0,118.99,0.707,19038.399999999998,20942.239999999998,0.0
2011-03-17 21:00:00,B2752,0.704,0.0,0.0,118.99,0.704,19038.399999999998,20942.239999999998,0.0
2011-03-17 22:00:00,B2752,0.704,0.0,0.0,118.99,0.704,19038.399999999998,20942.239999999998,0.0
2011-03-17 23:00:00,B2752,0.391,0.0,0.0,118.99,0.391,19038.399999999998,20942.239999999998,0.0
2011-03-18 00:00:00,B2752,2.791,2.4,0.0,118.99,2.791,19038.399999999998,20942.239999999998,0.0
2011-03-18 01:00:00,B2752,2.791,2.4,0.0,118.99,2.791,19038.399999999998,20942.239999999998,0.0
2011-03-18 02:00:00,B2752,2.791,2.4,0.0,118.99,2.791,19038.399999999998,20942.239999999998,0.0
2011-03-18 03:00:00,B2752,2.791,2.4,0.0,118.99,2.791,19038.399999999998,20942.239999999998,0.0
2011-03-18 04:00:00,B2752,2.791,2.4,0.0,118.99,2.791,19038.399999999998,20942.239999999998,0.0
2011-03-18 05:00:00,B2752,0.704,0.0,0.0,118.99,0.704,19038.399999999998,20942.239999999998,0.0
2011-03-18 06:00:00,B2752,2.584,0.0,0.0,118.99,2.584,19038.399999999998,20942.239999999998,0.0
2011-03-18 07:00:00,B2752,0.707,0.0,0.62,118.99,-0.3730000000000001,19038.399999999998,20942.239999999998,1.08
2011-03-18 08:00:00,B2752,0.394,0.0,1.69,118.99,-1.826,19038.399999999998,20942.239999999998,2.22
2011-03-18 09:00:00,B2752,0.394,0.0,2.9,118.99,-2.9859999999999998,19038.399999999998,20942.239999999998,3.38
2011-03-18 10:00:00,B2752,0.394,0.0,3.9,118.99,-3.886,19038.399999999998,20942.239999999998,4.28
2011-03-18 11:00:00,B2752,0.394,0.0,4.57,118.99,-4.476,19038.399999999998,20942.239999999998,4.87
2011-03-18 12:00:00,B2752,2.582,0.0,4.9,118.99,-2.598,19038.399999999998,20942.239999999998,5.18
2011-03-18 13:00:00,B2752,0.707,0.0,4.82,118.99,-4.433,19038.399999999998,20942.239999999998,5.14
2011-03-18 14:00:00,B2752,0.394,0.0,4.33,118.99,-4.286,19038.399999999998,20942.239999999998,4.68
2011-03-18 15:00:00,B2752,0.394,0.0,3.49,118.99,-3.4659999999999997,19038.399999999998,20942.239999999998,3.86
2011-03-18 16:00:00,B2752,0.394,0.0,2.37,118.99,-2.296,19038.399999999998,20942.239999999998,2.69
2011-03-18 17:00:00,B2752,0.707,0.0,0.72,118.99,-0.10300000000000009,19038.399999999998,20942.239999999998,0.81
2011-03-18 18:00:00,B2752,2.584,0.0,0.0,118.99,2.584,19038.399999999998,20942.239999999998,0.0
2011-03-18 19:00:00,B2752,3.208,0.0,0.0,118.99,3.208,19038.399999999998,20942.239999999998,0.0
2011-03-18 20:00:00,B2752,0.707,0.0,0.0,118.99,0.707,19038.399999999998,20942.239999999998,0.0
2011-03-18 21:00:00,B2752,0.704,0.0,0.0,118.99,0.704,19038.399999999998,20942.239999999998,0.0
2011-03-18 22:00:00,B2752,0.704,0.0,0.0,118.99,0.704,19038.399999999998,20942.239999999998,0.0
2011-03-18 23:00:00,B2752,0.391,0.0,0.0,118.99,0.391,19038.399999999998,20942.239999999998,0.0
2011-03-19 00:00:00,B2752,0.391,0.0,0.0,118.99,0.391,19038.399999999998,20942.239999999998,0.0
2011-03-19 01:00:00,B2752,0.391,0.0,0.0,118.99,0.391,19038.399999999998,20942.239999999998,0.0
2011-03-19 02:00:00,B2752,0.391,0.0,0.0,118.99,0.391,19038.399999999998,20942.239999999998,0.0
2011-03-19 03:00:00,B2752,0.391,0.0,0.0,118.99,0.391,19038.399999999998,20942.239999999998,0.0
2011-03-19 04:00:00,B2752,0.391,0.0,0.0,118.99,0.391,19038.399999999998,20942.239999999998,0.0
2011-03-19 05:00:00,B2752,0.704,0.0,0.0,118.99,0.704,19038.399999999998,20942.239999999998,0.0
2011-03-19 06:00:00,B2752,2.584,0.0,0.0,118.99,2.584,19038.399999999998,20942.239999999998,0.0
2011-03-19 07:00:00,B2752,0.707,0.0,0.76,118.99,-0.553,19038.399999999998,20942.239999999998,1.26
2011-03-19 08:00:00,B2752,2.794,2.4,1.82,118.99,0.43400000000000016,19038.399999999998,20942.239999999998,2.36
2011-03-19 09:00:00,B2752,2.794,2.4,3.02,118.99,-0.706,19038.399999999998,20942.239999999998,3.5
2011-03-19 10:00:00,B2752,2.794,2.4,4.03,118.99,-1.616,19038.399999999998,20942.239999999998,4.41
2011-03-19 11:00:00,B2752,2.794,2.4,4.7,118.99,-2.206,19038.399999999998,20942.239999999998,5.0
2011-03-19 12:00:00,B2752,4.982,2.4,5.02,118.99,-0.3179999999999996,19038.399999999998,20942.239999999998,5.3
2011-03-19 13:00:00,B2752,0.704,0.0,4.92,118.99,-4.5360000000000005,19038.399999999998,20942.239999999998,5.24
2011-03-19 14:00:00,B2752,0.394,0.0,4.43,118.99,-4.3759999999999994,19038.399999999998,20942.239999999998,4.77
2011-03-19 15:00:00,B2752,0.394,0.0,3.57,118.99,-3.546,19038.399999999998,20942.239999999998,3.94
2011-03-19 16:00:00,B2752,0.394,0.0,2.42,118.99,-2.356,19038.399999999998,20942.239999999998,2.75
2011-03-19 17:00:00,B2752,0.707,0.0,0.76,118.99,-0.14300000000000002,19038.399999999998,20942.239999999998,0.85
2011-03-19 18:00:00,B2752,2.582,0.0,0.0,118.99,2.582,19038.399999999998,20942.239999999998,0.0
2011-03-19 19:00:00,B2752,3.208,0.0,0.0,118.99,3.208,19038.399999999998,20942.239999999998,0.0
2011-03-19 20:00:00,B2752,0.707,0.0,0.0,118.99,0.707,19038.399999999998,20942.239999999998,0.0
2011-03-19 21:00:00,B2752,0.704,0.0,0.0,118.99,0.704,19038.399999999998,20942.239999999998,0.0
2011-03-19 22:00:00,B2752,0.704,0.0,0.0,118.99,0.704,19038.399999999998,20942.239999999998,0.0
2011-03-19 23:00:00,B2752,0.391,0.0,0.0,118.99,0.391,19038.399999999998,20942.239999999998,0.0
2011-03-20 00:00:00,B2752,0.391,0.0,0.0,118.99,0.391,19038.399999999998,20942.239999999998,0.0
2011-03-20 01:00:00,B2752,0.391,0.0,0.0,118.99,0.391,19038.399999999998,20942.239999999998,0.0
2011-03-20 02:00:00,B2752,0.391,0.0,0.0,118.99,0.391,19038.399999999998,20942.239999999998,0.0
2011-03-20 03:00:00,B2752,0.391,0.0,0.0,118.99,0.391,19038.399999999998,20942.239999999998,0.0
2011-03-20 04:00:00,B2752,0.391,0.0,0.0,118.99,0.391,19038.399999999998,20942.239999999998,0.0
2011-03-20 05:00:00,B2752,0.704,0.0,0.0,118.99,0.704,19038.399999999998,20942.239999999998,0.0
2011-03-20 06:00:00,B2752,2.584,0.0,0.0,118.99,2.584,19038.399999999998,20942.239999999998,0.0
2011-03-20 07:00:00,B2752,0.707,0.0,0.58,118.99,-0.3330000000000001,19038.399999999998,20942.239999999998,1.04
2011-03-20 08:00:00,B2752,2.794,2.4,1.82,118.99,0.46399999999999997,19038.399999999998,20942.239999999998,2.33
2011-03-20 09:00:00,B2752,2.794,2.4,3.13,118.99,-0.8159999999999998,19038.399999999998,20942.239999999998,3.61
2011-03-20 10:00:00,B2752,2.794,2.4,4.12,118.99,-1.706,19038.399999999998,20942.239999999998,4.5
2011-03-20 11:00:00,B2752,2.794,2.4,4.79,118.99,-2.296,19038.399999999998,20942.239999999998,5.09
2011-03-20 12:00:00,B2752,4.982,2.4,5.1,118.99,-0.3879999999999999,19038.399999999998,20942.239999999998,5.37
2011-03-20 13:00:00,B2752,0.704,0.0,5.0,118.99,-4.6160000000000005,19038.399999999998,20942.239999999998,5.32
2011-03-20 14:00:00,B2752,0.391,0.0,4.49,118.99,-4.439,19038.399999999998,20942.239999999998,4.83
2011-03-20 15:00:00,B2752,0.391,0.0,3.64,118.99,-3.609,19038.399999999998,20942.239999999998,4.0
2011-03-20 16:00:00,B2752,0.391,0.0,2.48,118.99,-2.409,19038.399999999998,20942.239999999998,2.8
2011-03-20 17:00:00,B2752,0.704,0.0,0.78,118.99,-0.15600000000000003,19038.399999999998,20942.239999999998,0.86
2011-03-20 18:00:00,B2752,2.582,0.0,0.0,118.99,2.582,19038.399999999998,20942.239999999998,0.0
2011-03-20 19:00:00,B2752,3.208,0.0,0.0,118.99,3.208,19038.399999999998,20942.239999999998,0.0
2011-03-20 20:00:00,B2752,0.704,0.0,0.0,118.99,0.704,19038.399999999998,20942.239999999998,0.0
2011-03-20 21:00:00,B2752,0.704,0.0,0.0,118.99,0.704,19038.399999999998,20942.239999999998,0.0
2011-03-20 22:00:00,B2752,0.704,0.0,0.0,118.99,0.704,19038.399999999998,20942.239999999998,0.0
2011-03-20 23:00:00,B2752,0.391,0.0,0.0,118.99,0.391,19038.399999999998,20942.239999999998,0.0
2011-03-21 00:00:00,B2752,2.791,2.4,0.0,118.99,2.791,19038.399999999998,20942.239999999998,0.0
2011-03-21 01:00:00,B2752,2.791,2.4,0.0,118.99,2.791,19038.399999999998,20942.239999999998,0.0
2011-03-21 02:00:00,B2752,2.791,2.4,0.0,118.99,2.791,19038.399999999998,20942.239999999998,0.0
2011-03-21 03:00:00,B2752,2.791,2.4,0.0,118.99,2.791,19038.399999999998,20942.239999999998,0.0
2011-03-21 04:00:00,B2752,2.791,2.4,0.0,118.99,2.791,19038.399999999998,20942.239999999998,0.0
2011-03-21 05:00:00,B2752,0.704,0.0,0.0,118.99,0.704,19038.399999999998,20942.239999999998,0.0
2011-03-21 06:00:00,B2752,2.582,0.0,0.0,118.99,2.582,19038.399999999998,20942.239999999998,0.0
2011-03-21 07:00:00,B2752,0.707,0.0,0.59,118.99,-0.3530000000000001,19038.399999999998,20942.239999999998,1.06
2011-03-21 08:00:00,B2752,0.394,0.0,1.88,118.99,-1.9859999999999998,19038.399999999998,20942.239999999998,2.38
2011-03-21 09:00:00,B2752,0.394,0.0,3.19,118.99,-3.266,19038.399999999998,20942.239999999998,3.66
2011-03-21 10:00:00,B2752,0.394,0.0,4.19,118.99,-4.176,19038.399999999998,20942.239999999998,4.57
2011-03-21 11:00:00,B2752,0.391,0.0,4.89,118.99,-4.799,19038.399999999998,20942.239999999998,5.19
2011-03-21 12:00:00,B2752,2.582,0.0,5.21,118.99,-2.9080000000000004,19038.399999999998,20942.239999999998,5.49
2011-03-21 13:00:00,B2752,0.704,0.0,5.09,118.99,-4.696000000000001,19038.399999999998,20942.239999999998,5.4
2011-03-21 14:00:00,B2752,0.391,0.0,4.56,118.99,-4.519,19038.399999999998,20942.239999999998,4.91
2011-03-21 15:00:00,B2752,0.391,0.0,3.7,118.99,-3.6689999999999996,19038.399999999998,20942.239999999998,4.06
2011-03-21 16:00:00,B2752,0.391,0.0,2.54,118.99,-2.479,19038.399999999998,20942.239999999998,2.87
2011-03-21 17:00:00,B2752,0.704,0.0,1.17,118.99,-0.5960000000000001,19038.399999999998,20942.239999999998,1.3
2011-03-21 18:00:00,B2752,2.582,0.0,0.0,118.99,2.582,19038.399999999998,20942.239999999998,0.0
2011-03-21 19:00:00,B2752,3.208,0.0,0.0,118.99,3.208,19038.399999999998,20942.239999999998,0.0
2011-03-21 20:00:00,B2752,0.707,0.0,0.0,118.99,0.707,19038.399999999998,20942.239999999998,0.0
2011-03-21 21:00:00,B2752,0.704,0.0,0.0,118.99,0.704,19038.399999999998,20942.239999999998,0.0
2011-03-21 22:00:00,B2752,0.704,0.0,0.0,118.99,0.704,19038.399999999998,20942.239999999998,0.0
2011-03-21 23:00:00,B2752,0.391,0.0,0.0,118.99,0.391,19038.399999999998,20942.239999999998,0.0
2011-03-22 00:00:00,B2752,2.791,2.4,0.0,118.99,2.791,19038.399999999998,20942.239999999998,0.0
2011-03-22 01:00:00,B2752,2.791,2.4,0.0,118.99,2.791,19038.399999999998,20942.239999999998,0.0
2011-03-22 02:00:00,B2752,2.791,2.4,0.0,118.99,2.791,19038.399999999998,20942.239999999998,0.0
2011-03-22 03:00:00,B2752,2.791,2.4,0.0,118.99,2.791,19038.399999999998,20942.239999999998,0.0
2011-03-22 04:00:00,B2752,2.791,2.4,0.0,118.99,2.791,19038.399999999998,20942.239999999998,0.0
2011-03-22 05:00:00,B2752,0.704,0.0,0.0,118.99,0.704,19038.399999999998,20942.239999999998,0.0
2011-03-22 06:00:00,B2752,2.584,0.0,0.0,118.99,2.584,19038.399999999998,20942.239999999998,0.0
2011-03-22 07:00:00,B2752,0.707,0.0,0.69,118.99,-0.44299999999999995,19038.399999999998,20942.239999999998,1.15
2011-03-22 08:00:00,B2752,0.394,0.0,2.12,118.99,-2.266,19038.399999999998,20942.239999999998,2.66
2011-03-22 09:00:00,B2752,0.394,0.0,3.47,118.99,-3.586,19038.399999999998,20942.239999999998,3.98
2011-03-22 10:00:00,B2752,0.394,0.0,4.44,118.99,-4.4559999999999995,19038.399999999998,20942.239999999998,4.85
2011-03-22 11:00:00,B2752,0.394,0.0,5.11,118.99,-5.046,19038.399999999998,20942.239999999998,5.44
2011-03-22 12:00:00,B2752,2.582,0.0,5.22,118.99,-2.9480000000000004,19038.399999999998,20942.239999999998,5.53
2011-03-22 13:00:00,B2752,0.704,0.0,4.93,118.99,-4.566,19038.399999999998,20942.239999999998,5.27
2011-03-22 14:00:00,B2752,0.394,0.0,4.24,118.99,-4.236,19038.399999999998,20942.239999999998,4.63
2011-03-22 15:00:00,B2752,0.394,0.0,3.13,118.99,-3.096,19038.399999999998,20942.239999999998,3.49
2011-03-22 16:00:00,B2752,0.394,0.0,2.13,118.99,-2.016,19038.399999999998,20942.239999999998,2.41
2011-03-22 17:00:00,B2752,0.707,0.0,1.03,118.99,-0.43299999999999994,19038.399999999998,20942.239999999998,1.14
2011-03-22 18:00:00,B2752,2.582,0.0,0.0,118.99,2.582,19038.399999999998,20942.239999999998,0.0
2011-03-22 19:00:00,B2752,3.208,0.0,0.0,118.99,3.208,19038.399999999998,20942.239999999998,0.0
2011-03-22 20:00:00,B2752,0.707,0.0,0.0,118.99,0.707,19038.399999999998,20942.239999999998,0.0
2011-03-22 21:00:00,B2752,0.704,0.0,0.0,118.99,0.704,19038.399999999998,20942.239999999998,0.0
2011-03-22 22:00:00,B2752,0.704,0.0,0.0,118.99,0.704,19038.399999999998,20942.239999999998,0.0
2011-03-22 23:00:00,B2752,0.391,0.0,0.0,118.99,0.391,19038.399999999998,20942.239999999998,0.0
2011-03-23 00:00:00,B2752,2.791,2.4,0.0,118.99,2.791,19038.399999999998,20942.239999999998,0.0
2011-03-23 01:00:00,B2752,2.791,2.4,0.0,118.99,2.791,19038.399999999998,20942.239999999998,0.0
2011-03-23 02:00:00,B2752,2.791,2.4,0.0,118.99,2.791,19038.399999999998,20942.239999999998,0.0
2011-03-23 03:00:00,B2752,2.791,2.4,0.0,118.99,2.791,19038.399999999998,20942.239999999998,0.0
2011-03-23 04:00:00,B2752,2.791,2.4,0.0,118.99,2.791,19038.399999999998,20942.239999999998,0.0
2011-03-23 05:00:00,B2752,0.704,0.0,0.0,118.99,0.704,19038.399999999998,20942.239999999998,0.0
2011-03-23 06:00:00,B2752,2.584,0.0,0.0,118.99,2.584,19038.399999999998,20942.239999999998,0.0
2011-03-23 07:00:00,B2752,0.707,0.0,0.64,118.99,-0.40300000000000014,19038.399999999998,20942.239999999998,1.11
2011-03-23 08:00:00,B2752,0.394,0.0,2.14,118.99,-2.266,19038.399999999998,20942.239999999998,2.66
2011-03-23 09:00:00,B2752,0.394,0.0,3.55,118.99,-3.636,19038.399999999998,20942.239999999998,4.03
2011-03-23 10:00:00,B2752,0.394,0.0,4.56,118.99,-4.556,19038.399999999998,20942.239999999998,4.95
2011-03-23 11:00:00,B2752,0.394,0.0,5.26,118.99,-5.1659999999999995,19038.399999999998,20942.239999999998,5.56
2011-03-23 12:00:00,B2752,2.582,0.0,5.53,118.99,-3.2279999999999998,19038.399999999998,20942.239999999998,5.81
2011-03-23 13:00:00,B2752,0.707,0.0,5.4,118.99,-5.013,19038.399999999998,20942.239999999998,5.72
2011-03-23 14:00:00,B2752,0.394,0.0,4.83,118.99,-4.776,19038.399999999998,20942.239999999998,5.17
2011-03-23 15:00:00,B2752,0.394,0.0,3.84,118.99,-3.806,19038.399999999998,20942.239999999998,4.2
2011-03-23 16:00:00,B2752,0.394,0.0,2.61,118.99,-2.526,19038.399999999998,20942.239999999998,2.92
2011-03-23 17:00:00,B2752,0.707,0.0,1.21,118.99,-0.6330000000000001,19038.399999999998,20942.239999999998,1.34
2011-03-23 18:00:00,B2752,2.582,0.0,0.0,118.99,2.582,19038.399999999998,20942.239999999998,0.0
2011-03-23 19:00:00,B2752,3.208,0.0,0.0,118.99,3.208,19038.399999999998,20942.239999999998,0.0
2011-03-23 20:00:00,B2752,0.707,0.0,0.0,118.99,0.707,19038.399999999998,20942.239999999998,0.0
2011-03-23 21:00:00,B2752,0.704,0.0,0.0,118.99,0.704,19038.399999999998,20942.239999999998,0.0
2011-03-23 22:00:00,B2752,0.704,0.0,0.0,118.99,0.704,19038.399999999998,20942.239999999998,0.0
2011-03-23 23:00:00,B2752,0.391,0.0,0.0,118.99,0.391,19038.399999999998,20942.239999999998,0.0
2011-03-24 00:00:00,B2752,2.791,2.4,0.0,118.99,2.791,19038.399999999998,20942.239999999998,0.0
2011-03-24 01:00:00,B2752,2.791,2.4,0.0,118.99,2.791,19038.399999999998,20942.239999999998,0.0
2011-03-24 02:00:00,B2752,2.791,2.4,0.0,118.99,2.791,19038.399999999998,20942.239999999998,0.0
2011-03-24 03:00:00,B2752,2.791,2.4,0.0,118.99,2.791,19038.399999999998,20942.239999999998,0.0
2011-03-24 04:00:00,B2752,2.791,2.4,0.0,118.99,2.791,19038.399999999998,20942.239999999998,0.0
2011-03-24 05:00:00,B2752,0.704,0.0,0.0,118.99,0.704,19038.399999999998,20942.239999999998,0.0
2011-03-24 06:00:00,B2752,2.584,0.0,0.0,118.99,2.584,19038.399999999998,20942.239999999998,0.0
2011-03-24 07:00:00,B2752,0.707,0.0,0.69,118.99,-0.42299999999999993,19038.399999999998,20942.239999999998,1.13
2011-03-24 08:00:00,B2752,0.394,0.0,2.26,118.99,-2.376,19038.399999999998,20942.239999999998,2.77
2011-03-24 09:00:00,B2752,0.394,0.0,3.58,118.99,-3.686,19038.399999999998,20942.239999999998,4.08
2011-03-24 10:00:00,B2752,0.394,0.0,4.5,118.99,-4.536,19038.399999999998,20942.239999999998,4.93
2011-03-24 11:00:00,B2752,0.394,0.0,4.8,118.99,-4.756,19038.399999999998,20942.239999999998,5.15
2011-03-24 12:00:00,B2752,2.582,0.0,5.06,118.99,-2.848,19038.399999999998,20942.239999999998,5.43
2011-03-24 13:00:00,B2752,0.704,0.0,5.04,118.99,-4.796,19038.399999999998,20942.239999999998,5.5
2011-03-24 14:00:00,B2752,0.394,0.0,4.67,118.99,-4.826,19038.399999999998,20942.239999999998,5.22
2011-03-24 15:00:00,B2752,0.394,0.0,3.79,118.99,-3.9159999999999995,19038.399999999998,20942.239999999998,4.31
2011-03-24 16:00:00,B2752,0.394,0.0,2.21,118.99,-2.166,19038.399999999998,20942.239999999998,2.56
2011-03-24 17:00:00,B2752,0.707,0.0,1.14,118.99,-0.553,19038.399999999998,20942.239999999998,1.26
2011-03-24 18:00:00,B2752,2.582,0.0,0.0,118.99,2.582,19038.399999999998,20942.239999999998,0.0
2011-03-24 19:00:00,B2752,3.208,0.0,0.0,118.99,3.208,19038.399999999998,20942.239999999998,0.0
2011-03-24 20:00:00,B2752,0.707,0.0,0.0,118.99,0.707,19038.399999999998,20942.239999999998,0.0
2011-03-24 21:00:00,B2752,0.704,0.0,0.0,118.99,0.704,19038.399999999998,20942.239999999998,0.0
2011-03-24 22:00:00,B2752,0.704,0.0,0.0,118.99,0.704,19038.399999999998,20942.239999999998,0.0
2011-03-24 23:00:00,B2752,0.391,0.0,0.0,118.99,0.391,19038.399999999998,20942.239999999998,0.0
2011-03-25 00:00:00,B2752,2.791,2.4,0.0,118.99,2.791,19038.399999999998,20942.239999999998,0.0
2011-03-25 01:00:00,B2752,2.791,2.4,0.0,118.99,2.791,19038.399999999998,20942.239999999998,0.0
2011-03-25 02:00:00,B2752,2.791,2.4,0.0,118.99,2.791,19038.399999999998,20942.239999999998,0.0
2011-03-25 03:00:00,B2752,2.791,2.4,0.0,118.99,2.791,19038.399999999998,20942.239999999998,0.0
2011-03-25 04:00:00,B2752,2.791,2.4,0.0,118.99,2.791,19038.399999999998,20942.239999999998,0.0
2011-03-25 05:00:00,B2752,0.704,0.0,0.0,118.99,0.704,19038.399999999998,20942.239999999998,0.0
2011-03-25 06:00:00,B2752,2.584,0.0,0.0,118.99,2.584,19038.399999999998,20942.239999999998,0.0
2011-03-25 07:00:00,B2752,0.707,0.0,0.77,118.99,-0.533,19038.399999999998,20942.239999999998,1.24
2011-03-25 08:00:00,B2752,0.394,0.0,2.44,118.99,-2.596,19038.399999999998,20942.239999999998,2.99
2011-03-25 09:00:00,B2752,0.394,0.0,3.83,118.99,-3.966,19038.399999999998,20942.239999999998,4.36
2011-03-25 10:00:00,B2752,0.394,0.0,4.76,118.99,-4.856,19038.399999999998,20942.239999999998,5.25
2011-03-25 11:00:00,B2752,0.394,0.0,5.4,118.99,-5.426,19038.399999999998,20942.239999999998,5.82
2011-03-25 12:00:00,B2752,2.582,0.0,5.47,118.99,-3.2780000000000005,19038.399999999998,20942.239999999998,5.86
2011-03-25 13:00:00,B2752,0.707,0.0,4.98,118.99,-4.683,19038.399999999998,20942.239999999998,5.39
2011-03-25 14:00:00,B2752,0.394,0.0,4.5,118.99,-4.506,19038.399999999998,20942.239999999998,4.9
2011-03-25 15:00:00,B2752,0.394,0.0,3.53,118.99,-3.506,19038.399999999998,20942.239999999998,3.9
2011-03-25 16:00:00,B2752,0.394,0.0,2.29,118.99,-2.1759999999999997,19038.399999999998,20942.239999999998,2.57
2011-03-25 17:00:00,B2752,0.707,0.0,1.11,118.99,-0.523,19038.399999999998,20942.239999999998,1.23
2011-03-25 18:00:00,B2752,2.582,0.0,0.0,118.99,2.582,19038.399999999998,20942.239999999998,0.0
2011-03-25 19:00:00,B2752,3.208,0.0,0.0,118.99,3.208,19038.399999999998,20942.239999999998,0.0
2011-03-25 20:00:00,B2752,0.707,0.0,0.0,118.99,0.707,19038.399999999998,20942.239999999998,0.0
2011-03-25 21:00:00,B2752,0.704,0.0,0.0,118.99,0.704,19038.399999999998,20942.239999999998,0.0
2011-03-25 22:00:00,B2752,0.704,0.0,0.0,118.99,0.704,19038.399999999998,20942.239999999998,0.0
2011-03-25 23:00:00,B2752,0.391,0.0,0.0,118.99,0.391,19038.399999999998,20942.239999999998,0.0
2011-03-26 00:00:00,B2752,0.391,0.0,0.0,118.99,0.391,19038.399999999998,20942.239999999998,0.0
2011-03-26 01:00:00,B2752,0.391,0.0,0.0,118.99,0.391,19038.399999999998,20942.239999999998,0.0
2011-03-26 02:00:00,B2752,0.391,0.0,0.0,118.99,0.391,19038.399999999998,20942.239999999998,0.0
2011-03-26 03:00:00,B2752,0.391,0.0,0.0,118.99,0.391,19038.399999999998,20942.239999999998,0.0
2011-03-26 04:00:00,B2752,0.391,0.0,0.0,118.99,0.391,19038.399999999998,20942.239999999998,0.0
2011-03-26 05:00:00,B2752,0.704,0.0,0.0,118.99,0.704,19038.399999999998,20942.239999999998,0.0
2011-03-26 06:00:00,B2752,2.584,0.0,0.0,118.99,2.584,19038.399999999998,20942.239999999998,0.0
2011-03-26 07:00:00,B2752,0.707,0.0,0.96,118.99,-0.6530000000000001,19038.399999999998,20942.239999999998,1.36
2011-03-26 08:00:00,B2752,2.794,2.4,2.46,118.99,-0.20599999999999996,19038.399999999998,20942.239999999998,3.0
2011-03-26 09:00:00,B2752,2.794,2.4,3.74,118.99,-1.4659999999999997,19038.399999999998,20942.239999999998,4.26
2011-03-26 10:00:00,B2752,2.794,2.4,4.69,118.99,-2.326,19038.399999999998,20942.239999999998,5.12
2011-03-26 11:00:00,B2752,2.794,2.4,5.36,118.99,-2.996,19038.399999999998,20942.239999999998,5.79
2011-03-26 12:00:00,B2752,4.982,2.4,5.13,118.99,-0.5880000000000001,19038.399999999998,20942.239999999998,5.57
2011-03-26 13:00:00,B2752,0.707,0.0,3.74,118.99,-3.393,19038.399999999998,20942.239999999998,4.1
2011-03-26 14:00:00,B2752,0.394,0.0,2.2,118.99,-2.086,19038.399999999998,20942.239999999998,2.48
2011-03-26 15:00:00,B2752,0.394,0.0,1.32,118.99,-1.0659999999999998,19038.399999999998,20942.239999999998,1.46
2011-03-26 16:00:00,B2752,0.394,0.0,1.27,118.99,-1.036,19038.399999999998,20942.239999999998,1.43
2011-03-26 17:00:00,B2752,0.707,0.0,1.12,118.99,-0.533,19038.399999999998,20942.239999999998,1.24
2011-03-26 18:00:00,B2752,2.582,0.0,0.0,118.99,2.582,19038.399999999998,20942.239999999998,0.0
2011-03-26 19:00:00,B2752,3.208,0.0,0.0,118.99,3.208,19038.399999999998,20942.239999999998,0.0
2011-03-26 20:00:00,B2752,0.707,0.0,0.0,118.99,0.707,19038.399999999998,20942.239999999998,0.0
2011-03-26 21:00:00,B2752,0.704,0.0,0.0,118.99,0.704,19038.399999999998,20942.239999999998,0.0
2011-03-26 22:00:00,B2752,0.704,0.0,0.0,118.99,0.704,19038.399999999998,20942.239999999998,0.0
2011-03-26 23:00:00,B2752,0.391,0.0,0.0,118.99,0.391,19038.399999999998,20942.239999999998,0.0
2011-03-27 00:00:00,B2752,0.391,0.0,0.0,118.99,0.391,19038.399999999998,20942.239999999998,0.0
2011-03-27 01:00:00,B2752,0.391,0.0,0.0,118.99,0.391,19038.399999999998,20942.239999999998,0.0
2011-03-27 02:00:00,B2752,0.391,0.0,0.0,118.99,0.391,19038.399999999998,20942.239999999998,0.0
2011-03-27 03:00:00,B2752,0.391,0.0,0.0,118.99,0.391,19038.399999999998,20942.239999999998,0.0
2011-03-27 04:00:00,B2752,0.391,0.0,0.0,118.99,0.391,19038.399999999998,20942.239999999998,0.0
2011-03-27 05:00:00,B2752,0.704,0.0,0.0,118.99,0.704,19038.399999999998,20942.239999999998,0.0
2011-03-27 06:00:00,B2752,2.581,0.0,0.0,118.99,2.581,19038.399999999998,20942.239999999998,0.0
2011-03-27 07:00:00,B2752,0.707,0.0,1.28,118.99,-0.973,19038.399999999998,20942.239999999998,1.68
2011-03-27 08:00:00,B2752,2.794,2.4,2.77,118.99,-0.556,19038.399999999998,20942.239999999998,3.35
2011-03-27 09:00:00,B2752,2.794,2.4,3.98,118.99,-1.746,19038.399999999998,20942.239999999998,4.54
2011-03-27 10:00:00,B2752,2.794,2.4,4.96,118.99,-2.6460000000000004,19038.399999999998,20942.239999999998,5.44
2011-03-27 11:00:00,B2752,2.794,2.4,5.84,118.99,-3.456,19038.399999999998,20942.239999999998,6.25
2011-03-27 12:00:00,B2752,4.982,2.4,6.02,118.99,-1.4379999999999997,19038.399999999998,20942.239999999998,6.42
2011-03-27 13:00:00,B2752,0.707,0.0,5.61,118.99,-5.353,19038.399999999998,20942.239999999998,6.06
2011-03-27 14:00:00,B2752,0.394,0.0,5.01,118.99,-5.116,19038.399999999998,20942.239999999998,5.51
2011-03-27 15:00:00,B2752,0.394,0.0,3.66,118.99,-3.716,19038.399999999998,20942.239999999998,4.11
2011-03-27 16:00:00,B2752,0.394,0.0,2.14,118.99,-2.076,19038.399999999998,20942.239999999998,2.47
2011-03-27 17:00:00,B2752,0.707,0.0,0.92,118.99,-0.28300000000000003,19038.399999999998,20942.239999999998,0.99
2011-03-27 18:00:00,B2752,2.582,0.0,0.0,118.99,2.582,19038.399999999998,20942.239999999998,0.0
2011-03-27 19:00:00,B2752,3.208,0.0,0.0,118.99,3.208,19038.399999999998,20942.239999999998,0.0
2011-03-27 20:00:00,B2752,0.707,0.0,0.0,118.99,0.707,19038.399999999998,20942.239999999998,0.0
2011-03-27 21:00:00,B2752,0.704,0.0,0.0,118.99,0.704,19038.399999999998,20942.239999999998,0.0
2011-03-27 22:00:00,B2752,0.704,0.0,0.0,118.99,0.704,19038.399999999998,20942.239999999998,0.0
2011-03-27 23:00:00,B2752,0.391,0.0,0.0,118.99,0.391,19038.399999999998,20942.239999999998,0.0
2011-03-28 00:00:00,B2752,2.791,2.4,0.0,118.99,2.791,19038.399999999998,20942.239999999998,0.0
2011-03-28 01:00:00,B2752,2.791,2.4,0.0,118.99,2.791,19038.399999999998,20942.239999999998,0.0
2011-03-28 02:00:00,B2752,2.791,2.4,0.0,118.99,2.791,19038.399999999998,20942.239999999998,0.0
2011-03-28 03:00:00,B2752,2.791,2.4,0.0,118.99,2.791,19038.399999999998,20942.239999999998,0.0
2011-03-28 04:00:00,B2752,2.791,2.4,0.0,118.99,2.791,19038.399999999998,20942.239999999998,0.0
2011-03-28 05:00:00,B2752,0.704,0.0,0.0,118.99,0.704,19038.399999999998,20942.239999999998,0.0
2011-03-28 06:00:00,B2752,2.584,0.0,0.0,118.99,2.584,19038.399999999998,20942.239999999998,0.0
2011-03-28 07:00:00,B2752,0.707,0.0,1.35,118.99,-0.993,19038.399999999998,20942.239999999998,1.7
2011-03-28 08:00:00,B2752,0.394,0.0,2.78,118.99,-2.9659999999999997,19038.399999999998,20942.239999999998,3.36
2011-03-28 09:00:00,B2752,0.394,0.0,4.01,118.99,-4.2059999999999995,19038.399999999998,20942.239999999998,4.6
2011-03-28 10:00:00,B2752,0.394,0.0,4.86,118.99,-4.986,19038.399999999998,20942.239999999998,5.38
2011-03-28 11:00:00,B2752,0.394,0.0,5.31,118.99,-5.386,19038.399999999998,20942.239999999998,5.78
2011-03-28 12:00:00,B2752,2.582,0.0,5.39,118.99,-3.2380000000000004,19038.399999999998,20942.239999999998,5.82
2011-03-28 13:00:00,B2752,0.707,0.0,5.0,118.99,-4.713,19038.399999999998,20942.239999999998,5.42
2011-03-28 14:00:00,B2752,0.394,0.0,3.93,118.99,-3.9159999999999995,19038.399999999998,20942.239999999998,4.31
2011-03-28 15:00:00,B2752,0.394,0.0,2.88,118.99,-2.826,19038.399999999998,20942.239999999998,3.22
2011-03-28 16:00:00,B2752,0.394,0.0,1.55,118.99,-1.326,19038.399999999998,20942.239999999998,1.72
2011-03-28 17:00:00,B2752,0.707,0.0,0.0,118.99,0.707,19038.399999999998,20942.239999999998,0.0
2011-03-28 18:00:00,B2752,2.582,0.0,0.0,118.99,2.582,19038.399999999998,20942.239999999998,0.0
2011-03-28 19:00:00,B2752,3.208,0.0,0.0,118.99,3.208,19038.399999999998,20942.239999999998,0.0
2011-03-28 20:00:00,B2752,0.707,0.0,0.0,118.99,0.707,19038.399999999998,20942.239999999998,0.0
2011-03-28 21:00:00,B2752,0.704,0.0,0.0,118.99,0.704,19038.399999999998,20942.239999999998,0.0
2011-03-28 22:00:00,B2752,0.704,0.0,0.0,118.99,0.704,19038.399999999998,20942.239999999998,0.0
2011-03-28 23:00:00,B2752,0.391,0.0,0.0,118.99,0.391,19038.399999999998,20942.239999999998,0.0
2011-03-29 00:00:00,B2752,2.791,2.4,0.0,118.99,2.791,19038.399999999998,20942.239999999998,0.0
2011-03-29 01:00:00,B2752,2.791,2.4,0.0,118.99,2.791,19038.399999999998,20942.239999999998,0.0
2011-03-29 02:00:00,B2752,2.791,2.4,0.0,118.99,2.791,19038.399999999998,20942.239999999998,0.0
2011-03-29 03:00:00,B2752,2.791,2.4,0.0,118.99,2.791,19038.399999999998,20942.239999999998,0.0
2011-03-29 04:00:00,B2752,2.791,2.4,0.0,118.99,2.791,19038.399999999998,20942.239999999998,0.0
2011-03-29 05:00:00,B2752,0.704,0.0,0.0,118.99,0.704,19038.399999999998,20942.239999999998,0.0
2011-03-29 06:00:00,B2752,2.584,0.0,0.0,118.99,2.584,19038.399999999998,20942.239999999998,0.0
2011-03-29 07:00:00,B2752,0.707,0.0,1.63,118.99,-1.323,19038.399999999998,20942.239999999998,2.03
2011-03-29 08:00:00,B2752,0.394,0.0,2.91,118.99,-3.096,19038.399999999998,20942.239999999998,3.49
2011-03-29 09:00:00,B2752,0.394,0.0,4.54,118.99,-4.796,19038.399999999998,20942.239999999998,5.19
2011-03-29 10:00:00,B2752,0.394,0.0,5.84,118.99,-6.026,19038.399999999998,20942.239999999998,6.42
2011-03-29 11:00:00,B2752,0.394,0.0,6.29,118.99,-6.296,19038.399999999998,20942.239999999998,6.69
2011-03-29 12:00:00,B2752,2.582,0.0,6.31,118.99,-4.058,19038.399999999998,20942.239999999998,6.64
2011-03-29 13:00:00,B2752,0.707,0.0,6.09,118.99,-5.723,19038.399999999998,20942.239999999998,6.43
2011-03-29 14:00:00,B2752,0.394,0.0,5.51,118.99,-5.486,19038.399999999998,20942.239999999998,5.88
2011-03-29 15:00:00,B2752,0.394,0.0,4.49,118.99,-4.476,19038.399999999998,20942.239999999998,4.87
2011-03-29 16:00:00,B2752,0.394,0.0,3.16,118.99,-3.096,19038.399999999998,20942.239999999998,3.49
2011-03-29 17:00:00,B2752,0.707,0.0,1.55,118.99,-1.0030000000000001,19038.399999999998,20942.239999999998,1.71
2011-03-29 18:00:00,B2752,2.582,0.0,0.0,118.99,2.582,19038.399999999998,20942.239999999998,0.0
2011-03-29 19:00:00,B2752,3.208,0.0,0.0,118.99,3.208,19038.399999999998,20942.239999999998,0.0
2011-03-29 20:00:00,B2752,0.707,0.0,0.0,118.99,0.707,19038.399999999998,20942.239999999998,0.0
2011-03-29 21:00:00,B2752,0.704,0.0,0.0,118.99,0.704,19038.399999999998,20942.239999999998,0.0
2011-03-29 22:00:00,B2752,0.704,0.0,0.0,118.99,0.704,19038.399999999998,20942.239999999998,0.0
2011-03-29 23:00:00,B2752,0.391,0.0,0.0,118.99,0.391,19038.399999999998,20942.239999999998,0.0
2011-03-30 00:00:00,B2752,2.791,2.4,0.0,118.99,2.791,19038.399999999998,20942.239999999998,0.0
2011-03-30 01:00:00,B2752,2.791,2.4,0.0,118.99,2.791,19038.399999999998,20942.239999999998,0.0
2011-03-30 02:00:00,B2752,2.791,2.4,0.0,118.99,2.791,19038.399999999998,20942.239999999998,0.0
2011-03-30 03:00:00,B2752,2.791,2.4,0.0,118.99,2.791,19038.399999999998,20942.239999999998,0.0
2011-03-30 04:00:00,B2752,2.791,2.4,0.0,118.99,2.791,19038.399999999998,20942.239999999998,0.0
2011-03-30 05:00:00,B2752,0.704,0.0,0.0,118.99,0.704,19038.399999999998,20942.239999999998,0.0
2011-03-30 06:00:00,B2752,2.584,0.0,0.0,118.99,2.584,19038.399999999998,20942.239999999998,0.0
2011-03-30 07:00:00,B2752,0.707,0.0,1.67,118.99,-1.483,19038.399999999998,20942.239999999998,2.19
2011-03-30 08:00:00,B2752,0.394,0.0,3.27,118.99,-3.516,19038.399999999998,20942.239999999998,3.91
2011-03-30 09:00:00,B2752,0.394,0.0,4.67,118.99,-4.966,19038.399999999998,20942.239999999998,5.36
2011-03-30 10:00:00,B2752,0.394,0.0,5.8,118.99,-6.056,19038.399999999998,20942.239999999998,6.45
2011-03-30 11:00:00,B2752,0.394,0.0,6.46,118.99,-6.526,19038.399999999998,20942.239999999998,6.92
2011-03-30 12:00:00,B2752,2.582,0.0,6.56,118.99,-4.378,19038.399999999998,20942.239999999998,6.96
2011-03-30 13:00:00,B2752,0.704,0.0,6.3,118.99,-5.996,19038.399999999998,20942.239999999998,6.7
2011-03-30 14:00:00,B2752,0.394,0.0,5.48,118.99,-5.446,19038.399999999998,20942.239999999998,5.84
2011-03-30 15:00:00,B2752,0.394,0.0,4.46,118.99,-4.406,19038.399999999998,20942.239999999998,4.8
2011-03-30 16:00:00,B2752,0.394,0.0,3.17,118.99,-3.086,19038.399999999998,20942.239999999998,3.48
2011-03-30 17:00:00,B2752,0.707,0.0,1.59,118.99,-1.0430000000000001,19038.399999999998,20942.239999999998,1.75
2011-03-30 18:00:00,B2752,2.582,0.0,0.0,118.99,2.582,19038.399999999998,20942.239999999998,0.0
2011-03-30 19:00:00,B2752,3.208,0.0,0.0,118.99,3.208,19038.399999999998,20942.239999999998,0.0
2011-03-30 20:00:00,B2752,0.707,0.0,0.0,118.99,0.707,19038.399999999998,20942.239999999998,0.0
2011-03-30 21:00:00,B2752,0.704,0.0,0.0,118.99,0.704,19038.399999999998,20942.239999999998,0.0
2011-03-30 22:00:00,B2752,0.704,0.0,0.0,118.99,0.704,19038.399999999998,20942.239999999998,0.0
2011-03-30 23:00:00,B2752,0.391,0.0,0.0,118.99,0.391,19038.399999999998,20942.239999999998,0.0
2011-03-31 00:00:00,B2752,2.791,2.4,0.0,118.99,2.791,19038.399999999998,20942.239999999998,0.0
2011-03-31 01:00:00,B2752,2.791,2.4,0.0,118.99,2.791,19038.399999999998,20942.239999999998,0.0
2011-03-31 02:00:00,B2752,2.791,2.4,0.0,118.99,2.791,19038.399999999998,20942.239999999998,0.0
2011-03-31 03:00:00,B2752,2.791,2.4,0.0,118.99,2.791,19038.399999999998,20942.239999999998,0.0
2011-03-31 04:00:00,B2752,2.791,2.4,0.0,118.99,2.791,19038.399999999998,20942.239999999998,0.0
2011-03-31 05:00:00,B2752,0.704,0.0,0.0,118.99,0.704,19038.399999999998,20942.239999999998,0.0
2011-03-31 06:00:00,B2752,2.584,0.0,0.0,118.99,2.584,19038.399999999998,20942.239999999998,0.0
2011-03-31 07:00:00,B2752,0.707,0.0,1.66,118.99,-1.5130000000000003,19038.399999999998,20942.239999999998,2.22
2011-03-31 08:00:00,B2752,0.394,0.0,3.05,118.99,-3.146,19038.399999999998,20942.239999999998,3.54
2011-03-31 09:00:00,B2752,0.394,0.0,4.45,118.99,-4.516,19038.399999999998,20942.239999999998,4.91
2011-03-31 10:00:00,B2752,0.394,0.0,5.37,118.99,-5.346,19038.399999999998,20942.239999999998,5.74
2011-03-31 11:00:00,B2752,0.394,0.0,6.0,118.99,-5.886,19038.399999999998,20942.239999999998,6.28
2011-03-31 12:00:00,B2752,2.582,0.0,6.23,118.99,-3.9080000000000004,19038.399999999998,20942.239999999998,6.49
2011-03-31 13:00:00,B2752,0.704,0.0,6.09,118.99,-5.686,19038.399999999998,20942.239999999998,6.39
2011-03-31 14:00:00,B2752,0.391,0.0,5.52,118.99,-5.459,19038.399999999998,20942.239999999998,5.85
2011-03-31 15:00:00,B2752,0.391,0.0,4.55,118.99,-4.509,19038.399999999998,20942.239999999998,4.9
2011-03-31 16:00:00,B2752,0.391,0.0,3.27,118.99,-3.179,19038.399999999998,20942.239999999998,3.57
2011-03-31 17:00:00,B2752,0.704,0.0,1.67,118.99,-1.1260000000000001,19038.399999999998,20942.239999999998,1.83
2011-03-31 18:00:00,B2752,2.582,0.0,0.0,118.99,2.582,19038.399999999998,20942.239999999998,0.0
2011-03-31 19:00:00,B2752,3.208,0.0,0.0,118.99,3.208,19038.399999999998,20942.239999999998,0.0
2011-03-31 20:00:00,B2752,0.704,0.0,0.0,118.99,0.704,19038.399999999998,20942.239999999998,0.0
2011-03-31 21:00:00,B2752,0.704,0.0,0.0,118.99,0.704,19038.399999999998,20942.239999999998,0.0
2011-03-31 22:00:00,B2752,0.704,0.0,0.0,118.99,0.704,19038.399999999998,20942.239999999998,0.0
2011-03-31 23:00:00,B2752,0.391,0.0,0.0,118.99,0.391,19038.399999999998,20942.239999999998,0.0
2011-04-01 00:00:00,B2752,2.791,2.4,0.0,118.99,2.791,19038.399999999998,20942.239999999998,0.0
2011-04-01 01:00:00,B2752,2.791,2.4,0.0,118.99,2.791,19038.399999999998,20942.239999999998,0.0
2011-04-01 02:00:00,B2752,2.791,2.4,0.0,118.99,2.791,19038.399999999998,20942.239999999998,0.0
2011-04-01 03:00:00,B2752,2.791,2.4,0.0,118.99,2.791,19038.399999999998,20942.239999999998,0.0
2011-04-01 04:00:00,B2752,2.791,2.4,0.0,118.99,2.791,19038.399999999998,20942.239999999998,0.0
2011-04-01 05:00:00,B2752,0.704,0.0,0.0,118.99,0.704,19038.399999999998,20942.239999999998,0.0
2011-04-01 06:00:00,B2752,2.584,0.0,0.0,118.99,2.584,19038.399999999998,20942.239999999998,0.0
2011-04-01 07:00:00,B2752,0.707,0.0,1.71,118.99,-1.403,19038.399999999998,20942.239999999998,2.11
2011-04-01 08:00:00,B2752,0.394,0.0,3.45,118.99,-3.716,19038.399999999998,20942.239999999998,4.11
2011-04-01 09:00:00,B2752,0.394,0.0,4.79,118.99,-5.056,19038.399999999998,20942.239999999998,5.45
2011-04-01 10:00:00,B2752,0.394,0.0,5.73,118.99,-5.9559999999999995,19038.399999999998,20942.239999999998,6.35
2011-04-01 11:00:00,B2752,0.394,0.0,6.0,118.99,-6.176,19038.399999999998,20942.239999999998,6.57
2011-04-01 12:00:00,B2752,2.582,0.0,5.8,118.99,-3.7279999999999998,19038.399999999998,20942.239999999998,6.31
2011-04-01 13:00:00,B2752,0.707,0.0,5.07,118.99,-4.823,19038.399999999998,20942.239999999998,5.53
2011-04-01 14:00:00,B2752,0.394,0.0,4.56,118.99,-4.606,19038.399999999998,20942.239999999998,5.0
2011-04-01 15:00:00,B2752,0.394,0.0,4.42,118.99,-4.486,19038.399999999998,20942.239999999998,4.88
2011-04-01 16:00:00,B2752,0.394,0.0,3.49,118.99,-3.506,19038.399999999998,20942.239999999998,3.9
2011-04-01 17:00:00,B2752,0.707,0.0,1.8,118.99,-1.283,19038.399999999998,20942.239999999998,1.99
2011-04-01 18:00:00,B2752,2.582,0.0,0.0,118.99,2.582,19038.399999999998,20942.239999999998,0.0
2011-04-01 19:00:00,B2752,3.208,0.0,0.0,118.99,3.208,19038.399999999998,20942.239999999998,0.0
2011-04-01 20:00:00,B2752,0.707,0.0,0.0,118.99,0.707,19038.399999999998,20942.239999999998,0.0
2011-04-01 21:00:00,B2752,0.704,0.0,0.0,118.99,0.704,19038.399999999998,20942.239999999998,0.0
2011-04-01 22:00:00,B2752,0.704,0.0,0.0,118.99,0.704,19038.399999999998,20942.239999999998,0.0
2011-04-01 23:00:00,B2752,0.391,0.0,0.0,118.99,0.391,19038.399999999998,20942.239999999998,0.0
2011-04-02 00:00:00,B2752,0.391,0.0,0.0,118.99,0.391,19038.399999999998,20942.239999999998,0.0
2011-04-02 01:00:00,B2752,0.391,0.0,0.0,118.99,0.391,19038.399999999998,20942.239999999998,0.0
2011-04-02 02:00:00,B2752,0.391,0.0,0.0,118.99,0.391,19038.399999999998,20942.239999999998,0.0
2011-04-02 03:00:00,B2752,0.391,0.0,0.0,118.99,0.391,19038.399999999998,20942.239999999998,0.0
2011-04-02 04:00:00,B2752,0.391,0.0,0.0,118.99,0.391,19038.399999999998,20942.239999999998,0.0
2011-04-02 05:00:00,B2752,0.704,0.0,0.0,118.99,0.704,19038.399999999998,20942.239999999998,0.0
2011-04-02 06:00:00,B2752,2.584,0.0,0.0,118.99,2.584,19038.399999999998,20942.239999999998,0.0
2011-04-02 07:00:00,B2752,0.707,0.0,1.91,118.99,-1.823,19038.399999999998,20942.239999999998,2.53
2011-04-02 08:00:00,B2752,2.794,2.4,3.36,118.99,-1.076,19038.399999999998,20942.239999999998,3.87
2011-04-02 09:00:00,B2752,2.794,2.4,4.76,118.99,-2.4259999999999997,19038.399999999998,20942.239999999998,5.22
2011-04-02 10:00:00,B2752,2.794,2.4,5.66,118.99,-3.236,19038.399999999998,20942.239999999998,6.03
2011-04-02 11:00:00,B2752,2.794,2.4,6.26,118.99,-3.746,19038.399999999998,20942.239999999998,6.54
2011-04-02 12:00:00,B2752,4.982,2.4,6.45,118.99,-1.7279999999999998,19038.399999999998,20942.239999999998,6.71
2011-04-02 13:00:00,B2752,0.704,0.0,6.23,118.99,-5.8260000000000005,19038.399999999998,20942.239999999998,6.53
2011-04-02 14:00:00,B2752,0.394,0.0,5.66,118.99,-5.586,19038.399999999998,20942.239999999998,5.98
2011-04-02 15:00:00,B2752,0.394,0.0,4.7,118.99,-4.646,19038.399999999998,20942.239999999998,5.04
2011-04-02 16:00:00,B2752,0.394,0.0,3.4,118.99,-3.316,19038.399999999998,20942.239999999998,3.71
2011-04-02 17:00:00,B2752,0.704,0.0,1.76,118.99,-1.226,19038.399999999998,20942.239999999998,1.93
2011-04-02 18:00:00,B2752,2.582,0.0,0.0,118.99,2.582,19038.399999999998,20942.239999999998,0.0
2011-04-02 19:00:00,B2752,3.208,0.0,0.0,118.99,3.208,19038.399999999998,20942.239999999998,0.0
2011-04-02 20:00:00,B2752,0.707,0.0,0.0,118.99,0.707,19038.399999999998,20942.239999999998,0.0
2011-04-02 21:00:00,B2752,0.704,0.0,0.0,118.99,0.704,19038.399999999998,20942.239999999998,0.0
2011-04-02 22:00:00,B2752,0.704,0.0,0.0,118.99,0.704,19038.399999999998,20942.239999999998,0.0
2011-04-02 23:00:00,B2752,0.391,0.0,0.0,118.99,0.391,19038.399999999998,20942.239999999998,0.0
2011-04-03 00:00:00,B2752,0.391,0.0,0.0,118.99,0.391,19038.399999999998,20942.239999999998,0.0
2011-04-03 01:00:00,B2752,0.391,0.0,0.0,118.99,0.391,19038.399999999998,20942.239999999998,0.0
2011-04-03 02:00:00,B2752,0.391,0.0,0.0,118.99,0.391,19038.399999999998,20942.239999999998,0.0
2011-04-03 03:00:00,B2752,0.391,0.0,0.0,118.99,0.391,19038.399999999998,20942.239999999998,0.0
2011-04-03 04:00:00,B2752,0.391,0.0,0.0,118.99,0.391,19038.399999999998,20942.239999999998,0.0
2011-04-03 05:00:00,B2752,0.704,0.0,0.0,118.99,0.704,19038.399999999998,20942.239999999998,0.0
2011-04-03 06:00:00,B2752,2.584,0.0,0.0,118.99,2.584,19038.399999999998,20942.239999999998,0.0
2011-04-03 07:00:00,B2752,0.707,0.0,2.04,118.99,-1.9730000000000003,19038.399999999998,20942.239999999998,2.68
2011-04-03 08:00:00,B2752,2.794,2.4,3.47,118.99,-1.186,19038.399999999998,20942.239999999998,3.98
2011-04-03 09:00:00,B2752,2.794,2.4,4.85,118.99,-2.5159999999999996,19038.399999999998,20942.239999999998,5.31
2011-04-03 10:00:00,B2752,2.794,2.4,5.76,118.99,-3.336,19038.399999999998,20942.239999999998,6.13
2011-04-03 11:00:00,B2752,2.794,2.4,6.33,118.99,-3.8160000000000003,19038.399999999998,20942.239999999998,6.61
2011-04-03 12:00:00,B2752,4.982,2.4,6.54,118.99,-1.8179999999999996,19038.399999999998,20942.239999999998,6.8
2011-04-03 13:00:00,B2752,0.704,0.0,6.34,118.99,-5.926,19038.399999999998,20942.239999999998,6.63
2011-04-03 14:00:00,B2752,0.391,0.0,5.74,118.99,-5.669,19038.399999999998,20942.239999999998,6.06
2011-04-03 15:00:00,B2752,0.391,0.0,4.76,118.99,-4.699,19038.399999999998,20942.239999999998,5.09
2011-04-03 16:00:00,B2752,0.391,0.0,3.44,118.99,-3.349,19038.399999999998,20942.239999999998,3.74
2011-04-03 17:00:00,B2752,0.704,0.0,1.8,118.99,-1.266,19038.399999999998,20942.239999999998,1.97
2011-04-03 18:00:00,B2752,2.582,0.0,0.0,118.99,2.582,19038.399999999998,20942.239999999998,0.0
2011-04-03 19:00:00,B2752,3.208,0.0,0.0,118.99,3.208,19038.399999999998,20942.239999999998,0.0
2011-04-03 20:00:00,B2752,0.704,0.0,0.0,118.99,0.704,19038.399999999998,20942.239999999998,0.0
2011-04-03 21:00:00,B2752,0.704,0.0,0.0,118.99,0.704,19038.399999999998,20942.239999999998,0.0
2011-04-03 22:00:00,B2752,0.704,0.0,0.0,118.99,0.704,19038.399999999998,20942.239999999998,0.0
2011-04-03 23:00:00,B2752,0.391,0.0,0.0,118.99,0.391,19038.399999999998,20942.239999999998,0.0
2011-04-04 00:00:00,B2752,2.791,2.4,0.0,118.99,2.791,19038.399999999998,20942.239999999998,0.0
2011-04-04 01:00:00,B2752,2.791,2.4,0.0,118.99,2.791,19038.399999999998,20942.239999999998,0.0
2011-04-04 02:00:00,B2752,2.791,2.4,0.0,118.99,2.791,19038.399999999998,20942.239999999998,0.0
2011-04-04 03:00:00,B2752,2.791,2.4,0.0,118.99,2.791,19038.399999999998,20942.239999999998,0.0
2011-04-04 04:00:00,B2752,2.791,2.4,0.0,118.99,2.791,19038.399999999998,20942.239999999998,0.0
2011-04-04 05:00:00,B2752,0.704,0.0,0.0,118.99,0.704,19038.399999999998,20942.239999999998,0.0
2011-04-04 06:00:00,B2752,2.582,0.0,0.0,118.99,2.582,19038.399999999998,20942.239999999998,0.0
2011-04-04 07:00:00,B2752,0.707,0.0,2.18,118.99,-2.1430000000000002,19038.399999999998,20942.239999999998,2.85
2011-04-04 08:00:00,B2752,0.394,0.0,3.6,118.99,-3.716,19038.399999999998,20942.239999999998,4.11
2011-04-04 09:00:00,B2752,0.394,0.0,4.98,118.99,-5.036,19038.399999999998,20942.239999999998,5.43
2011-04-04 10:00:00,B2752,0.391,0.0,5.89,118.99,-5.859,19038.399999999998,20942.239999999998,6.25
2011-04-04 11:00:00,B2752,0.391,0.0,6.5,118.99,-6.389,19038.399999999998,20942.239999999998,6.78
2011-04-04 12:00:00,B2752,2.582,0.0,6.7,118.99,-4.378,19038.399999999998,20942.239999999998,6.96
2011-04-04 13:00:00,B2752,0.704,0.0,6.48,118.99,-6.056,19038.399999999998,20942.239999999998,6.76
2011-04-04 14:00:00,B2752,0.391,0.0,5.86,118.99,-5.779,19038.399999999998,20942.239999999998,6.17
2011-04-04 15:00:00,B2752,0.391,0.0,4.88,118.99,-4.819,19038.399999999998,20942.239999999998,5.21
2011-04-04 16:00:00,B2752,0.391,0.0,3.61,118.99,-3.519,19038.399999999998,20942.239999999998,3.91
2011-04-04 17:00:00,B2752,0.704,0.0,1.94,118.99,-1.406,19038.399999999998,20942.239999999998,2.11
2011-04-04 18:00:00,B2752,2.582,0.0,0.0,118.99,2.582,19038.399999999998,20942.239999999998,0.0
2011-04-04 19:00:00,B2752,3.208,0.0,0.0,118.99,3.208,19038.399999999998,20942.239999999998,0.0
2011-04-04 20:00:00,B2752,0.704,0.0,0.0,118.99,0.704,19038.399999999998,20942.239999999998,0.0
2011-04-04 21:00:00,B2752,0.704,0.0,0.0,118.99,0.704,19038.399999999998,20942.239999999998,0.0
2011-04-04 22:00:00,B2752,0.704,0.0,0.0,118.99,0.704,19038.399999999998,20942.239999999998,0.0
2011-04-04 23:00:00,B2752,0.391,0.0,0.0,118.99,0.391,19038.399999999998,20942.239999999998,0.0
2011-04-05 00:00:00,B2752,2.791,2.4,0.0,118.99,2.791,19038.399999999998,20942.239999999998,0.0
2011-04-05 01:00:00,B2752,2.791,2.4,0.0,118.99,2.791,19038.399999999998,20942.239999999998,0.0
2011-04-05 02:00:00,B2752,2.791,2.4,0.0,118.99,2.791,19038.399999999998,20942.239999999998,0.0
2011-04-05 03:00:00,B2752,2.791,2.4,0.0,118.99,2.791,19038.399999999998,20942.239999999998,0.0
2011-04-05 04:00:00,B2752,2.791,2.4,0.0,118.99,2.791,19038.399999999998,20942.239999999998,0.0
2011-04-05 05:00:00,B2752,0.704,0.0,0.0,118.99,0.704,19038.399999999998,20942.239999999998,0.0
2011-04-05 06:00:00,B2752,2.582,0.0,0.0,118.99,2.582,19038.399999999998,20942.239999999998,0.0
2011-04-05 07:00:00,B2752,0.705,0.0,2.29,118.99,-2.275,19038.399999999998,20942.239999999998,2.98
2011-04-05 08:00:00,B2752,0.392,0.0,3.73,118.99,-3.8480000000000003,19038.399999999998,20942.239999999998,4.24
2011-04-05 09:00:00,B2752,0.391,0.0,5.05,118.99,-5.109,19038.399999999998,20942.239999999998,5.5
2011-04-05 10:00:00,B2752,0.391,0.0,6.04,118.99,-6.009,19038.399999999998,20942.239999999998,6.4
2011-04-05 11:00:00,B2752,0.391,0.0,6.64,118.99,-6.529,19038.399999999998,20942.239999999998,6.92
2011-04-05 12:00:00,B2752,2.582,0.0,6.87,118.99,-4.548,19038.399999999998,20942.239999999998,7.13
2011-04-05 13:00:00,B2752,0.704,0.0,6.64,118.99,-6.226,19038.399999999998,20942.239999999998,6.93
2011-04-05 14:00:00,B2752,0.391,0.0,5.97,118.99,-5.899,19038.399999999998,20942.239999999998,6.29
2011-04-05 15:00:00,B2752,0.391,0.0,4.96,118.99,-4.899,19038.399999999998,20942.239999999998,5.29
2011-04-05 16:00:00,B2752,0.391,0.0,3.64,118.99,-3.549,19038.399999999998,20942.239999999998,3.94
2011-04-05 17:00:00,B2752,0.704,0.0,1.98,118.99,-1.4560000000000002,19038.399999999998,20942.239999999998,2.16
2011-04-05 18:00:00,B2752,2.582,0.0,0.0,118.99,2.582,19038.399999999998,20942.239999999998,0.0
2011-04-05 19:00:00,B2752,3.208,0.0,0.0,118.99,3.208,19038.399999999998,20942.239999999998,0.0
2011-04-05 20:00:00,B2752,0.704,0.0,0.0,118.99,0.704,19038.399999999998,20942.239999999998,0.0
2011-04-05 21:00:00,B2752,0.704,0.0,0.0,118.99,0.704,19038.399999999998,20942.239999999998,0.0
2011-04-05 22:00:00,B2752,0.704,0.0,0.0,118.99,0.704,19038.399999999998,20942.239999999998,0.0
2011-04-05 23:00:00,B2752,0.391,0.0,0.0,118.99,0.391,19038.399999999998,20942.239999999998,0.0
2011-04-06 00:00:00,B2752,2.791,2.4,0.0,118.99,2.791,19038.399999999998,20942.239999999998,0.0
2011-04-06 01:00:00,B2752,2.791,2.4,0.0,118.99,2.791,19038.399999999998,20942.239999999998,0.0
2011-04-06 02:00:00,B2752,2.791,2.4,0.0,118.99,2.791,19038.399999999998,20942.239999999998,0.0
2011-04-06 03:00:00,B2752,2.791,2.4,0.0,118.99,2.791,19038.399999999998,20942.239999999998,0.0
2011-04-06 04:00:00,B2752,2.791,2.4,0.0,118.99,2.791,19038.399999999998,20942.239999999998,0.0
2011-04-06 05:00:00,B2752,0.704,0.0,0.0,118.99,0.704,19038.399999999998,20942.239999999998,0.0
2011-04-06 06:00:00,B2752,2.582,0.0,0.0,118.99,2.582,19038.399999999998,20942.239999999998,0.0
2011-04-06 07:00:00,B2752,0.705,0.0,2.46,118.99,-2.495,19038.399999999998,20942.239999999998,3.2
2011-04-06 08:00:00,B2752,0.392,0.0,4.01,118.99,-4.1979999999999995,19038.399999999998,20942.239999999998,4.59
2011-04-06 09:00:00,B2752,0.391,0.0,5.45,118.99,-5.629,19038.399999999998,20942.239999999998,6.02
2011-04-06 10:00:00,B2752,0.391,0.0,6.48,118.99,-6.619,19038.399999999998,20942.239999999998,7.01
2011-04-06 11:00:00,B2752,0.391,0.0,6.85,118.99,-6.939,19038.399999999998,20942.239999999998,7.33
2011-04-06 12:00:00,B2752,2.582,0.0,6.71,118.99,-4.658,19038.399999999998,20942.239999999998,7.24
2011-04-06 13:00:00,B2752,0.704,0.0,6.37,118.99,-6.256,19038.399999999998,20942.239999999998,6.96
2011-04-06 14:00:00,B2752,0.391,0.0,5.46,118.99,-5.639,19038.399999999998,20942.239999999998,6.03
2011-04-06 15:00:00,B2752,0.391,0.0,4.62,118.99,-4.729,19038.399999999998,20942.239999999998,5.12
2011-04-06 16:00:00,B2752,0.391,0.0,3.54,118.99,-3.559,19038.399999999998,20942.239999999998,3.95
2011-04-06 17:00:00,B2752,0.704,0.0,1.62,118.99,-1.086,19038.399999999998,20942.239999999998,1.79
2011-04-06 18:00:00,B2752,2.582,0.0,0.0,118.99,2.582,19038.399999999998,20942.239999999998,0.0
2011-04-06 19:00:00,B2752,3.208,0.0,0.0,118.99,3.208,19038.399999999998,20942.239999999998,0.0
2011-04-06 20:00:00,B2752,0.704,0.0,0.0,118.99,0.704,19038.399999999998,20942.239999999998,0.0
2011-04-06 21:00:00,B2752,0.704,0.0,0.0,118.99,0.704,19038.399999999998,20942.239999999998,0.0
2011-04-06 22:00:00,B2752,0.704,0.0,0.0,118.99,0.704,19038.399999999998,20942.239999999998,0.0
2011-04-06 23:00:00,B2752,0.391,0.0,0.0,118.99,0.391,19038.399999999998,20942.239999999998,0.0
2011-04-07 00:00:00,B2752,2.791,2.4,0.0,118.99,2.791,19038.399999999998,20942.239999999998,0.0
2011-04-07 01:00:00,B2752,2.791,2.4,0.0,118.99,2.791,19038.399999999998,20942.239999999998,0.0
2011-04-07 02:00:00,B2752,2.791,2.4,0.0,118.99,2.791,19038.399999999998,20942.239999999998,0.0
2011-04-07 03:00:00,B2752,2.791,2.4,0.0,118.99,2.791,19038.399999999998,20942.239999999998,0.0
2011-04-07 04:00:00,B2752,2.791,2.4,0.0,118.99,2.791,19038.399999999998,20942.239999999998,0.0
2011-04-07 05:00:00,B2752,0.704,0.0,0.0,118.99,0.704,19038.399999999998,20942.239999999998,0.0
2011-04-07 06:00:00,B2752,2.582,0.0,0.0,118.99,2.582,19038.399999999998,20942.239999999998,0.0
2011-04-07 07:00:00,B2752,0.705,0.0,2.48,118.99,-2.495,19038.399999999998,20942.239999999998,3.2
2011-04-07 08:00:00,B2752,0.392,0.0,4.06,118.99,-4.247999999999999,19038.399999999998,20942.239999999998,4.64
2011-04-07 09:00:00,B2752,0.391,0.0,5.37,118.99,-5.499,19038.399999999998,20942.239999999998,5.89
2011-04-07 10:00:00,B2752,0.391,0.0,6.34,118.99,-6.389,19038.399999999998,20942.239999999998,6.78
2011-04-07 11:00:00,B2752,0.391,0.0,7.04,118.99,-7.029,19038.399999999998,20942.239999999998,7.42
2011-04-07 12:00:00,B2752,2.582,0.0,7.38,118.99,-5.208,19038.399999999998,20942.239999999998,7.79
2011-04-07 13:00:00,B2752,0.704,0.0,7.0,118.99,-6.756,19038.399999999998,20942.239999999998,7.46
2011-04-07 14:00:00,B2752,0.391,0.0,6.26,118.99,-6.309,19038.399999999998,20942.239999999998,6.7
2011-04-07 15:00:00,B2752,0.391,0.0,5.18,118.99,-5.189,19038.399999999998,20942.239999999998,5.58
2011-04-07 16:00:00,B2752,0.391,0.0,3.75,118.99,-3.7190000000000003,19038.399999999998,20942.239999999998,4.11
2011-04-07 17:00:00,B2752,0.704,0.0,1.98,118.99,-1.466,19038.399999999998,20942.239999999998,2.17
2011-04-07 18:00:00,B2752,2.582,0.0,0.0,118.99,2.582,19038.399999999998,20942.239999999998,0.0
2011-04-07 19:00:00,B2752,3.208,0.0,0.0,118.99,3.208,19038.399999999998,20942.239999999998,0.0
2011-04-07 20:00:00,B2752,0.704,0.0,0.0,118.99,0.704,19038.399999999998,20942.239999999998,0.0
2011-04-07 21:00:00,B2752,0.704,0.0,0.0,118.99,0.704,19038.399999999998,20942.239999999998,0.0
2011-04-07 22:00:00,B2752,0.704,0.0,0.0,118.99,0.704,19038.399999999998,20942.239999999998,0.0
2011-04-07 23:00:00,B2752,0.391,0.0,0.0,118.99,0.391,19038.399999999998,20942.239999999998,0.0
2011-04-08 00:00:00,B2752,2.791,2.4,0.0,118.99,2.791,19038.399999999998,20942.239999999998,0.0
2011-04-08 01:00:00,B2752,2.791,2.4,0.0,118.99,2.791,19038.399999999998,20942.239999999998,0.0
2011-04-08 02:00:00,B2752,2.791,2.4,0.0,118.99,2.791,19038.399999999998,20942.239999999998,0.0
2011-04-08 03:00:00,B2752,2.791,2.4,0.0,118.99,2.791,19038.399999999998,20942.239999999998,0.0
2011-04-08 04:00:00,B2752,2.791,2.4,0.0,118.99,2.791,19038.399999999998,20942.239999999998,0.0
2011-04-08 05:00:00,B2752,0.704,0.0,0.0,118.99,0.704,19038.399999999998,20942.239999999998,0.0
2011-04-08 06:00:00,B2752,2.582,0.0,0.0,118.99,2.582,19038.399999999998,20942.239999999998,0.0
2011-04-08 07:00:00,B2752,0.705,0.0,1.23,118.99,-0.805,19038.399999999998,20942.239999999998,1.51
2011-04-08 08:00:00,B2752,0.392,0.0,3.02,118.99,-3.178,19038.399999999998,20942.239999999998,3.57
2011-04-08 09:00:00,B2752,0.391,0.0,4.67,118.99,-4.959,19038.399999999998,20942.239999999998,5.35
2011-04-08 10:00:00,B2752,0.391,0.0,4.82,118.99,-5.029,19038.399999999998,20942.239999999998,5.42
2011-04-08 11:00:00,B2752,0.391,0.0,5.3,118.99,-5.399,19038.399999999998,20942.239999999998,5.79
2011-04-08 12:00:00,B2752,2.582,0.0,6.2,118.99,-4.018,19038.399999999998,20942.239999999998,6.6
2011-04-08 13:00:00,B2752,0.704,0.0,6.22,118.99,-5.916,19038.399999999998,20942.239999999998,6.62
2011-04-08 14:00:00,B2752,0.391,0.0,5.12,118.99,-5.179,19038.399999999998,20942.239999999998,5.57
2011-04-08 15:00:00,B2752,0.391,0.0,3.68,118.99,-3.739,19038.399999999998,20942.239999999998,4.13
2011-04-08 16:00:00,B2752,0.391,0.0,2.47,118.99,-2.419,19038.399999999998,20942.239999999998,2.81
2011-04-08 17:00:00,B2752,0.704,0.0,1.47,118.99,-0.9259999999999999,19038.399999999998,20942.239999999998,1.63
2011-04-08 18:00:00,B2752,2.582,0.0,0.0,118.99,2.582,19038.399999999998,20942.239999999998,0.0
2011-04-08 19:00:00,B2752,3.208,0.0,0.0,118.99,3.208,19038.399999999998,20942.239999999998,0.0
2011-04-08 20:00:00,B2752,0.704,0.0,0.0,118.99,0.704,19038.399999999998,20942.239999999998,0.0
2011-04-08 21:00:00,B2752,0.704,0.0,0.0,118.99,0.704,19038.399999999998,20942.239999999998,0.0
2011-04-08 22:00:00,B2752,0.704,0.0,0.0,118.99,0.704,19038.399999999998,20942.239999999998,0.0
2011-04-08 23:00:00,B2752,0.391,0.0,0.0,118.99,0.391,19038.399999999998,20942.239999999998,0.0
2011-04-09 00:00:00,B2752,0.391,0.0,0.0,118.99,0.391,19038.399999999998,20942.239999999998,0.0
2011-04-09 01:00:00,B2752,0.391,0.0,0.0,118.99,0.391,19038.399999999998,20942.239999999998,0.0
2011-04-09 02:00:00,B2752,0.391,0.0,0.0,118.99,0.391,19038.399999999998,20942.239999999998,0.0
2011-04-09 03:00:00,B2752,0.391,0.0,0.0,118.99,0.391,19038.399999999998,20942.239999999998,0.0
2011-04-09 04:00:00,B2752,0.391,0.0,0.0,118.99,0.391,19038.399999999998,20942.239999999998,0.0
2011-04-09 05:00:00,B2752,0.704,0.0,0.0,118.99,0.704,19038.399999999998,20942.239999999998,0.0
2011-04-09 06:00:00,B2752,2.581,0.0,0.0,118.99,2.581,19038.399999999998,20942.239999999998,0.0
2011-04-09 07:00:00,B2752,0.704,0.0,1.95,118.99,-1.656,19038.399999999998,20942.239999999998,2.36
2011-04-09 08:00:00,B2752,2.792,2.4,2.08,118.99,0.31199999999999983,19038.399999999998,20942.239999999998,2.48
2011-04-09 09:00:00,B2752,2.792,2.4,2.09,118.99,0.43199999999999994,19038.399999999998,20942.239999999998,2.36
2011-04-09 10:00:00,B2752,2.792,2.4,3.21,118.99,-0.8480000000000003,19038.399999999998,20942.239999999998,3.64
2011-04-09 11:00:00,B2752,2.792,2.4,3.36,118.99,-0.9580000000000002,19038.399999999998,20942.239999999998,3.75
2011-04-09 12:00:00,B2752,4.982,2.4,2.53,118.99,2.1420000000000003,19038.399999999998,20942.239999999998,2.84
2011-04-09 13:00:00,B2752,0.704,0.0,2.67,118.99,-2.2960000000000003,19038.399999999998,20942.239999999998,3.0
2011-04-09 14:00:00,B2752,0.391,0.0,3.38,118.99,-3.419,19038.399999999998,20942.239999999998,3.81
2011-04-09 15:00:00,B2752,0.391,0.0,3.29,118.99,-3.329,19038.399999999998,20942.239999999998,3.72
2011-04-09 16:00:00,B2752,0.391,0.0,2.21,118.99,-2.129,19038.399999999998,20942.239999999998,2.52
2011-04-09 17:00:00,B2752,0.704,0.0,1.19,118.99,-0.5760000000000001,19038.399999999998,20942.239999999998,1.28
2011-04-09 18:00:00,B2752,2.582,0.0,0.0,118.99,2.582,19038.399999999998,20942.239999999998,0.0
2011-04-09 19:00:00,B2752,3.208,0.0,0.0,118.99,3.208,19038.399999999998,20942.239999999998,0.0
2011-04-09 20:00:00,B2752,0.704,0.0,0.0,118.99,0.704,19038.399999999998,20942.239999999998,0.0
2011-04-09 21:00:00,B2752,0.704,0.0,0.0,118.99,0.704,19038.399999999998,20942.239999999998,0.0
2011-04-09 22:00:00,B2752,0.704,0.0,0.0,118.99,0.704,19038.399999999998,20942.239999999998,0.0
2011-04-09 23:00:00,B2752,0.391,0.0,0.0,118.99,0.391,19038.399999999998,20942.239999999998,0.0
2011-04-10 00:00:00,B2752,0.391,0.0,0.0,118.99,0.391,19038.399999999998,20942.239999999998,0.0
2011-04-10 01:00:00,B2752,0.391,0.0,0.0,118.99,0.391,19038.399999999998,20942.239999999998,0.0
2011-04-10 02:00:00,B2752,0.391,0.0,0.0,118.99,0.391,19038.399999999998,20942.239999999998,0.0
2011-04-10 03:00:00,B2752,0.391,0.0,0.0,118.99,0.391,19038.399999999998,20942.239999999998,0.0
2011-04-10 04:00:00,B2752,0.391,0.0,0.0,118.99,0.391,19038.399999999998,20942.239999999998,0.0
2011-04-10 05:00:00,B2752,0.704,0.0,0.0,118.99,0.704,19038.399999999998,20942.239999999998,0.0
2011-04-10 06:00:00,B2752,2.581,0.0,0.0,118.99,2.581,19038.399999999998,20942.239999999998,0.0
2011-04-10 07:00:00,B2752,0.704,0.0,1.5,118.99,-1.116,19038.399999999998,20942.239999999998,1.82
2011-04-10 08:00:00,B2752,2.791,2.4,2.95,118.99,-0.6890000000000001,19038.399999999998,20942.239999999998,3.48
2011-04-10 09:00:00,B2752,2.792,2.4,4.4,118.99,-2.218,19038.399999999998,20942.239999999998,5.01
2011-04-10 10:00:00,B2752,2.792,2.4,5.1,118.99,-2.8680000000000003,19038.399999999998,20942.239999999998,5.66
2011-04-10 11:00:00,B2752,2.792,2.4,5.86,118.99,-3.5380000000000003,19038.399999999998,20942.239999999998,6.33
2011-04-10 12:00:00,B2752,4.982,2.4,6.62,118.99,-2.088,19038.399999999998,20942.239999999998,7.07
2011-04-10 13:00:00,B2752,0.704,0.0,5.97,118.99,-5.746,19038.399999999998,20942.239999999998,6.45
2011-04-10 14:00:00,B2752,0.391,0.0,4.87,118.99,-4.959,19038.399999999998,20942.239999999998,5.35
2011-04-10 15:00:00,B2752,0.391,0.0,3.72,118.99,-3.7590000000000003,19038.399999999998,20942.239999999998,4.15
2011-04-10 16:00:00,B2752,0.391,0.0,2.4,118.99,-2.329,19038.399999999998,20942.239999999998,2.72
2011-04-10 17:00:00,B2752,0.704,0.0,1.12,118.99,-0.506,19038.399999999998,20942.239999999998,1.21
2011-04-10 18:00:00,B2752,2.582,0.0,0.0,118.99,2.582,19038.399999999998,20942.239999999998,0.0
2011-04-10 19:00:00,B2752,3.208,0.0,0.0,118.99,3.208,19038.399999999998,20942.239999999998,0.0
2011-04-10 20:00:00,B2752,0.704,0.0,0.0,118.99,0.704,19038.399999999998,20942.239999999998,0.0
2011-04-10 21:00:00,B2752,0.704,0.0,0.0,118.99,0.704,19038.399999999998,20942.239999999998,0.0
2011-04-10 22:00:00,B2752,0.704,0.0,0.0,118.99,0.704,19038.399999999998,20942.239999999998,0.0
2011-04-10 23:00:00,B2752,0.391,0.0,0.0,118.99,0.391,19038.399999999998,20942.239999999998,0.0
2011-04-11 00:00:00,B2752,2.791,2.4,0.0,118.99,2.791,19038.399999999998,20942.239999999998,0.0
2011-04-11 01:00:00,B2752,2.791,2.4,0.0,118.99,2.791,19038.399999999998,20942.239999999998,0.0
2011-04-11 02:00:00,B2752,2.791,2.4,0.0,118.99,2.791,19038.399999999998,20942.239999999998,0.0
2011-04-11 03:00:00,B2752,2.791,2.4,0.0,118.99,2.791,19038.399999999998,20942.239999999998,0.0
2011-04-11 04:00:00,B2752,2.791,2.4,0.0,118.99,2.791,19038.399999999998,20942.239999999998,0.0
2011-04-11 05:00:00,B2752,0.704,0.0,0.0,118.99,0.704,19038.399999999998,20942.239999999998,0.0
2011-04-11 06:00:00,B2752,2.582,0.0,0.0,118.99,2.582,19038.399999999998,20942.239999999998,0.0
2011-04-11 07:00:00,B2752,0.705,0.0,1.39,118.99,-1.005,19038.399999999998,20942.239999999998,1.71
2011-04-11 08:00:00,B2752,0.392,0.0,3.18,118.99,-3.3080000000000003,19038.399999999998,20942.239999999998,3.7
2011-04-11 09:00:00,B2752,0.391,0.0,4.6,118.99,-4.749,19038.399999999998,20942.239999999998,5.14
2011-04-11 10:00:00,B2752,0.391,0.0,5.29,118.99,-5.369,19038.399999999998,20942.239999999998,5.76
2011-04-11 11:00:00,B2752,0.391,0.0,6.71,118.99,-6.739,19038.399999999998,20942.239999999998,7.13
2011-04-11 12:00:00,B2752,2.582,0.0,7.28,118.99,-5.138,19038.399999999998,20942.239999999998,7.72
2011-04-11 13:00:00,B2752,0.704,0.0,5.69,118.99,-5.446000000000001,19038.399999999998,20942.239999999998,6.15
2011-04-11 14:00:00,B2752,0.391,0.0,4.69,118.99,-4.679,19038.399999999998,20942.239999999998,5.07
2011-04-11 15:00:00,B2752,0.391,0.0,4.69,118.99,-4.709,19038.399999999998,20942.239999999998,5.1
2011-04-11 16:00:00,B2752,0.391,0.0,3.07,118.99,-3.009,19038.399999999998,20942.239999999998,3.4
2011-04-11 17:00:00,B2752,0.704,0.0,1.37,118.99,-0.776,19038.399999999998,20942.239999999998,1.48
2011-04-11 18:00:00,B2752,2.582,0.0,0.0,118.99,2.582,19038.399999999998,20942.239999999998,0.0
2011-04-11 19:00:00,B2752,3.208,0.0,0.0,118.99,3.208,19038.399999999998,20942.239999999998,0.0
2011-04-11 20:00:00,B2752,0.707,0.0,0.0,118.99,0.707,19038.399999999998,20942.239999999998,0.0
2011-04-11 21:00:00,B2752,0.704,0.0,0.0,118.99,0.704,19038.399999999998,20942.239999999998,0.0
2011-04-11 22:00:00,B2752,0.704,0.0,0.0,118.99,0.704,19038.399999999998,20942.239999999998,0.0
2011-04-11 23:00:00,B2752,0.391,0.0,0.0,118.99,0.391,19038.399999999998,20942.239999999998,0.0
2011-04-12 00:00:00,B2752,2.791,2.4,0.0,118.99,2.791,19038.399999999998,20942.239999999998,0.0
2011-04-12 01:00:00,B2752,2.791,2.4,0.0,118.99,2.791,19038.399999999998,20942.239999999998,0.0
2011-04-12 02:00:00,B2752,2.791,2.4,0.0,118.99,2.791,19038.399999999998,20942.239999999998,0.0
2011-04-12 03:00:00,B2752,2.791,2.4,0.0,118.99,2.791,19038.399999999998,20942.239999999998,0.0
2011-04-12 04:00:00,B2752,2.791,2.4,0.0,118.99,2.791,19038.399999999998,20942.239999999998,0.0
2011-04-12 05:00:00,B2752,0.704,0.0,0.0,118.99,0.704,19038.399999999998,20942.239999999998,0.0
2011-04-12 06:00:00,B2752,2.584,0.0,0.0,118.99,2.584,19038.399999999998,20942.239999999998,0.0
2011-04-12 07:00:00,B2752,0.707,0.0,2.54,118.99,-2.503,19038.399999999998,20942.239999999998,3.21
2011-04-12 08:00:00,B2752,0.394,0.0,3.92,118.99,-4.056,19038.399999999998,20942.239999999998,4.45
2011-04-12 09:00:00,B2752,0.394,0.0,5.26,118.99,-5.366,19038.399999999998,20942.239999999998,5.76
2011-04-12 10:00:00,B2752,0.394,0.0,6.0,118.99,-6.026,19038.399999999998,20942.239999999998,6.42
2011-04-12 11:00:00,B2752,0.394,0.0,6.6,118.99,-6.536,19038.399999999998,20942.239999999998,6.93
2011-04-12 12:00:00,B2752,2.582,0.0,6.97,118.99,-4.698,19038.399999999998,20942.239999999998,7.28
2011-04-12 13:00:00,B2752,0.707,0.0,6.65,118.99,-6.273000000000001,19038.399999999998,20942.239999999998,6.98
2011-04-12 14:00:00,B2752,0.394,0.0,5.77,118.99,-5.716,19038.399999999998,20942.239999999998,6.11
2011-04-12 15:00:00,B2752,0.394,0.0,5.07,118.99,-5.026,19038.399999999998,20942.239999999998,5.42
2011-04-12 16:00:00,B2752,0.394,0.0,3.91,118.99,-3.806,19038.399999999998,20942.239999999998,4.2
2011-04-12 17:00:00,B2752,0.707,0.0,2.13,118.99,-1.6230000000000002,19038.399999999998,20942.239999999998,2.33
2011-04-12 18:00:00,B2752,2.582,0.0,0.0,118.99,2.562,19038.399999999998,20942.239999999998,0.02
2011-04-12 19:00:00,B2752,3.208,0.0,0.0,118.99,3.208,19038.399999999998,20942.239999999998,0.0
2011-04-12 20:00:00,B2752,0.707,0.0,0.0,118.99,0.707,19038.399999999998,20942.239999999998,0.0
2011-04-12 21:00:00,B2752,0.704,0.0,0.0,118.99,0.704,19038.399999999998,20942.239999999998,0.0
2011-04-12 22:00:00,B2752,0.704,0.0,0.0,118.99,0.704,19038.399999999998,20942.239999999998,0.0
2011-04-12 23:00:00,B2752,0.391,0.0,0.0,118.99,0.391,19038.399999999998,20942.239999999998,0.0
2011-04-13 00:00:00,B2752,2.791,2.4,0.0,118.99,2.791,19038.399999999998,20942.239999999998,0.0
2011-04-13 01:00:00,B2752,2.791,2.4,0.0,118.99,2.791,19038.399999999998,20942.239999999998,0.0
2011-04-13 02:00:00,B2752,2.791,2.4,0.0,118.99,2.791,19038.399999999998,20942.239999999998,0.0
2011-04-13 03:00:00,B2752,2.791,2.4,0.0,118.99,2.791,19038.399999999998,20942.239999999998,0.0
2011-04-13 04:00:00,B2752,2.791,2.4,0.0,118.99,2.791,19038.399999999998,20942.239999999998,0.0
2011-04-13 05:00:00,B2752,0.704,0.0,0.0,118.99,0.704,19038.399999999998,20942.239999999998,0.0
2011-04-13 06:00:00,B2752,2.584,0.0,0.0,118.99,2.584,19038.399999999998,20942.239999999998,0.0
2011-04-13 07:00:00,B2752,0.707,0.0,2.93,118.99,-3.003,19038.399999999998,20942.239999999998,3.71
2011-04-13 08:00:00,B2752,0.394,0.0,4.51,118.99,-4.696,19038.399999999998,20942.239999999998,5.09
2011-04-13 09:00:00,B2752,0.394,0.0,5.56,118.99,-5.7059999999999995,19038.399999999998,20942.239999999998,6.1
2011-04-13 10:00:00,B2752,0.394,0.0,6.61,118.99,-6.756,19038.399999999998,20942.239999999998,7.15
2011-04-13 11:00:00,B2752,0.394,0.0,7.58,118.99,-7.635999999999999,19038.399999999998,20942.239999999998,8.03
2011-04-13 12:00:00,B2752,2.582,0.0,7.82,118.99,-5.617999999999999,19038.399999999998,20942.239999999998,8.2
2011-04-13 13:00:00,B2752,0.707,0.0,7.62,118.99,-7.332999999999999,19038.399999999998,20942.239999999998,8.04
2011-04-13 14:00:00,B2752,0.394,0.0,6.65,118.99,-6.7059999999999995,19038.399999999998,20942.239999999998,7.1
2011-04-13 15:00:00,B2752,0.394,0.0,5.22,118.99,-5.266,19038.399999999998,20942.239999999998,5.66
2011-04-13 16:00:00,B2752,0.394,0.0,3.65,118.99,-3.6159999999999997,19038.399999999998,20942.239999999998,4.01
2011-04-13 17:00:00,B2752,0.707,0.0,1.88,118.99,-1.363,19038.399999999998,20942.239999999998,2.07
2011-04-13 18:00:00,B2752,2.584,0.0,0.0,118.99,2.584,19038.399999999998,20942.239999999998,0.0
2011-04-13 19:00:00,B2752,3.208,0.0,0.0,118.99,3.208,19038.399999999998,20942.239999999998,0.0
2011-04-13 20:00:00,B2752,0.707,0.0,0.0,118.99,0.707,19038.399999999998,20942.239999999998,0.0
2011-04-13 21:00:00,B2752,0.704,0.0,0.0,118.99,0.704,19038.399999999998,20942.239999999998,0.0
2011-04-13 22:00:00,B2752,0.704,0.0,0.0,118.99,0.704,19038.399999999998,20942.239999999998,0.0
2011-04-13 23:00:00,B2752,0.391,0.0,0.0,118.99,0.391,19038.399999999998,20942.239999999998,0.0
2011-04-14 00:00:00,B2752,2.791,2.4,0.0,118.99,2.791,19038.399999999998,20942.239999999998,0.0
2011-04-14 01:00:00,B2752,2.791,2.4,0.0,118.99,2.791,19038.399999999998,20942.239999999998,0.0
2011-04-14 02:00:00,B2752,2.791,2.4,0.0,118.99,2.791,19038.399999999998,20942.239999999998,0.0
2011-04-14 03:00:00,B2752,2.791,2.4,0.0,118.99,2.791,19038.399999999998,20942.239999999998,0.0
2011-04-14 04:00:00,B2752,2.791,2.4,0.0,118.99,2.791,19038.399999999998,20942.239999999998,0.0
2011-04-14 05:00:00,B2752,0.704,0.0,0.0,118.99,0.704,19038.399999999998,20942.239999999998,0.0
2011-04-14 06:00:00,B2752,2.584,0.0,0.0,118.99,2.584,19038.399999999998,20942.239999999998,0.0
2011-04-14 07:00:00,B2752,0.707,0.0,2.99,118.99,-3.073,19038.399999999998,20942.239999999998,3.78
2011-04-14 08:00:00,B2752,0.394,0.0,4.4,118.99,-4.546,19038.399999999998,20942.239999999998,4.94
2011-04-14 09:00:00,B2752,0.394,0.0,5.6,118.99,-5.686,19038.399999999998,20942.239999999998,6.08
2011-04-14 10:00:00,B2752,0.394,0.0,6.57,118.99,-6.596,19038.399999999998,20942.239999999998,6.99
2011-04-14 11:00:00,B2752,0.394,0.0,7.16,118.99,-7.106,19038.399999999998,20942.239999999998,7.5
2011-04-14 12:00:00,B2752,2.582,0.0,7.24,118.99,-4.978,19038.399999999998,20942.239999999998,7.56
2011-04-14 13:00:00,B2752,0.707,0.0,6.82,118.99,-6.493,19038.399999999998,20942.239999999998,7.2
2011-04-14 14:00:00,B2752,0.394,0.0,6.22,118.99,-6.236,19038.399999999998,20942.239999999998,6.63
2011-04-14 15:00:00,B2752,0.394,0.0,5.28,118.99,-5.2459999999999996,19038.399999999998,20942.239999999998,5.64
2011-04-14 16:00:00,B2752,0.394,0.0,3.93,118.99,-3.8259999999999996,19038.399999999998,20942.239999999998,4.22
2011-04-14 17:00:00,B2752,0.707,0.0,2.22,118.99,-1.7230000000000003,19038.399999999998,20942.239999999998,2.43
2011-04-14 18:00:00,B2752,2.582,0.0,0.0,118.99,2.552,19038.399999999998,20942.239999999998,0.03
2011-04-14 19:00:00,B2752,3.208,0.0,0.0,118.99,3.208,19038.399999999998,20942.239999999998,0.0
2011-04-14 20:00:00,B2752,0.707,0.0,0.0,118.99,0.707,19038.399999999998,20942.239999999998,0.0
2011-04-14 21:00:00,B2752,0.704,0.0,0.0,118.99,0.704,19038.399999999998,20942.239999999998,0.0
2011-04-14 22:00:00,B2752,0.704,0.0,0.0,118.99,0.704,19038.399999999998,20942.239999999998,0.0
2011-04-14 23:00:00,B2752,0.391,0.0,0.0,118.99,0.391,19038.399999999998,20942.239999999998,0.0
2011-04-15 00:00:00,B2752,2.791,2.4,0.0,118.99,2.791,19038.399999999998,20942.239999999998,0.0
2011-04-15 01:00:00,B2752,2.791,2.4,0.0,118.99,2.791,19038.399999999998,20942.239999999998,0.0
2011-04-15 02:00:00,B2752,2.791,2.4,0.0,118.99,2.791,19038.399999999998,20942.239999999998,0.0
2011-04-15 03:00:00,B2752,2.791,2.4,0.0,118.99,2.791,19038.399999999998,20942.239999999998,0.0
2011-04-15 04:00:00,B2752,2.791,2.4,0.0,118.99,2.791,19038.399999999998,20942.239999999998,0.0
2011-04-15 05:00:00,B2752,0.704,0.0,0.0,118.99,0.704,19038.399999999998,20942.239999999998,0.0
2011-04-15 06:00:00,B2752,2.584,0.0,0.0,118.99,2.584,19038.399999999998,20942.239999999998,0.0
2011-04-15 07:00:00,B2752,0.707,0.0,3.53,118.99,-3.7830000000000004,19038.399999999998,20942.239999999998,4.49
2011-04-15 08:00:00,B2752,0.394,0.0,5.17,118.99,-5.316,19038.399999999998,20942.239999999998,5.71
2011-04-15 09:00:00,B2752,0.394,0.0,6.46,118.99,-6.526,19038.399999999998,20942.239999999998,6.92
2011-04-15 10:00:00,B2752,0.394,0.0,7.35,118.99,-7.316,19038.399999999998,20942.239999999998,7.71
2011-04-15 11:00:00,B2752,0.394,0.0,7.9,118.99,-7.776,19038.399999999998,20942.239999999998,8.17
2011-04-15 12:00:00,B2752,2.582,0.0,8.04,118.99,-5.707999999999999,19038.399999999998,20942.239999999998,8.29
2011-04-15 13:00:00,B2752,0.707,0.0,7.75,118.99,-7.3229999999999995,19038.399999999998,20942.239999999998,8.03
2011-04-15 14:00:00,B2752,0.394,0.0,7.13,118.99,-7.046,19038.399999999998,20942.239999999998,7.44
2011-04-15 15:00:00,B2752,0.394,0.0,6.06,118.99,-5.9959999999999996,19038.399999999998,20942.239999999998,6.39
2011-04-15 16:00:00,B2752,0.394,0.0,4.57,118.99,-4.466,19038.399999999998,20942.239999999998,4.86
2011-04-15 17:00:00,B2752,0.707,0.0,2.69,118.99,-2.2030000000000003,19038.399999999998,20942.239999999998,2.91
2011-04-15 18:00:00,B2752,2.582,0.0,0.0,118.99,2.542,19038.399999999998,20942.239999999998,0.04
2011-04-15 19:00:00,B2752,3.208,0.0,0.0,118.99,3.208,19038.399999999998,20942.239999999998,0.0
2011-04-15 20:00:00,B2752,0.707,0.0,0.0,118.99,0.707,19038.399999999998,20942.239999999998,0.0
2011-04-15 21:00:00,B2752,0.704,0.0,0.0,118.99,0.704,19038.399999999998,20942.239999999998,0.0
2011-04-15 22:00:00,B2752,0.704,0.0,0.0,118.99,0.704,19038.399999999998,20942.239999999998,0.0
2011-04-15 23:00:00,B2752,0.391,0.0,0.0,118.99,0.391,19038.399999999998,20942.239999999998,0.0
2011-04-16 00:00:00,B2752,0.391,0.0,0.0,118.99,0.391,19038.399999999998,20942.239999999998,0.0
2011-04-16 01:00:00,B2752,0.391,0.0,0.0,118.99,0.391,19038.399999999998,20942.239999999998,0.0
2011-04-16 02:00:00,B2752,0.391,0.0,0.0,118.99,0.391,19038.399999999998,20942.239999999998,0.0
2011-04-16 03:00:00,B2752,0.391,0.0,0.0,118.99,0.391,19038.399999999998,20942.239999999998,0.0
2011-04-16 04:00:00,B2752,0.391,0.0,0.0,118.99,0.391,19038.399999999998,20942.239999999998,0.0
2011-04-16 05:00:00,B2752,0.704,0.0,0.0,118.99,0.704,19038.399999999998,20942.239999999998,0.0
2011-04-16 06:00:00,B2752,2.584,0.0,0.0,118.99,2.584,19038.399999999998,20942.239999999998,0.0
2011-04-16 07:00:00,B2752,0.707,0.0,3.07,118.99,-2.9930000000000003,19038.399999999998,20942.239999999998,3.7
2011-04-16 08:00:00,B2752,2.794,2.4,4.82,118.99,-2.8160000000000003,19038.399999999998,20942.239999999998,5.61
2011-04-16 09:00:00,B2752,2.794,2.4,6.34,118.99,-4.366,19038.399999999998,20942.239999999998,7.16
2011-04-16 10:00:00,B2752,2.794,2.4,7.17,118.99,-5.116,19038.399999999998,20942.239999999998,7.91
2011-04-16 11:00:00,B2752,2.794,2.4,7.65,118.99,-5.506,19038.399999999998,20942.239999999998,8.3
2011-04-16 12:00:00,B2752,4.982,2.4,7.87,118.99,-3.4880000000000004,19038.399999999998,20942.239999999998,8.47
2011-04-16 13:00:00,B2752,0.707,0.0,7.51,118.99,-7.383,19038.399999999998,20942.239999999998,8.09
2011-04-16 14:00:00,B2752,0.394,0.0,6.73,118.99,-6.906,19038.399999999998,20942.239999999998,7.3
2011-04-16 15:00:00,B2752,0.394,0.0,5.41,118.99,-5.536,19038.399999999998,20942.239999999998,5.93
2011-04-16 16:00:00,B2752,0.394,0.0,3.61,118.99,-3.636,19038.399999999998,20942.239999999998,4.03
2011-04-16 17:00:00,B2752,0.707,0.0,1.85,118.99,-1.3330000000000002,19038.399999999998,20942.239999999998,2.04
2011-04-16 18:00:00,B2752,2.582,0.0,0.0,118.99,2.582,19038.399999999998,20942.239999999998,0.0
2011-04-16 19:00:00,B2752,3.208,0.0,0.0,118.99,3.208,19038.399999999998,20942.239999999998,0.0
2011-04-16 20:00:00,B2752,0.707,0.0,0.0,118.99,0.707,19038.399999999998,20942.239999999998,0.0
2011-04-16 21:00:00,B2752,0.704,0.0,0.0,118.99,0.704,19038.399999999998,20942.239999999998,0.0
2011-04-16 22:00:00,B2752,0.704,0.0,0.0,118.99,0.704,19038.399999999998,20942.239999999998,0.0
2011-04-16 23:00:00,B2752,0.391,0.0,0.0,118.99,0.391,19038.399999999998,20942.239999999998,0.0
2011-04-17 00:00:00,B2752,0.391,0.0,0.0,118.99,0.391,19038.399999999998,20942.239999999998,0.0
2011-04-17 01:00:00,B2752,0.391,0.0,0.0,118.99,0.391,19038.399999999998,20942.239999999998,0.0
2011-04-17 02:00:00,B2752,0.391,0.0,0.0,118.99,0.391,19038.399999999998,20942.239999999998,0.0
2011-04-17 03:00:00,B2752,0.391,0.0,0.0,118.99,0.391,19038.399999999998,20942.239999999998,0.0
2011-04-17 04:00:00,B2752,0.391,0.0,0.0,118.99,0.391,19038.399999999998,20942.239999999998,0.0
2011-04-17 05:00:00,B2752,0.704,0.0,0.0,118.99,0.704,19038.399999999998,20942.239999999998,0.0
2011-04-17 06:00:00,B2752,2.584,0.0,0.0,118.99,2.584,19038.399999999998,20942.239999999998,0.0
2011-04-17 07:00:00,B2752,0.707,0.0,3.7,118.99,-3.973,19038.399999999998,20942.239999999998,4.68
2011-04-17 08:00:00,B2752,2.794,2.4,5.29,118.99,-3.046,19038.399999999998,20942.239999999998,5.84
2011-04-17 09:00:00,B2752,2.794,2.4,6.5,118.99,-4.186,19038.399999999998,20942.239999999998,6.98
2011-04-17 10:00:00,B2752,2.794,2.4,7.28,118.99,-4.896000000000001,19038.399999999998,20942.239999999998,7.69
2011-04-17 11:00:00,B2752,2.794,2.4,7.82,118.99,-5.356,19038.399999999998,20942.239999999998,8.15
2011-04-17 12:00:00,B2752,4.982,2.4,7.96,118.99,-3.297999999999999,19038.399999999998,20942.239999999998,8.28
2011-04-17 13:00:00,B2752,0.707,0.0,7.28,118.99,-7.043,19038.399999999998,20942.239999999998,7.75
2011-04-17 14:00:00,B2752,0.394,0.0,5.95,118.99,-6.146,19038.399999999998,20942.239999999998,6.54
2011-04-17 15:00:00,B2752,0.394,0.0,4.04,118.99,-4.1259999999999994,19038.399999999998,20942.239999999998,4.52
2011-04-17 16:00:00,B2752,0.394,0.0,2.28,118.99,-2.2159999999999997,19038.399999999998,20942.239999999998,2.61
2011-04-17 17:00:00,B2752,0.707,0.0,0.93,118.99,-0.2230000000000001,19038.399999999998,20942.239999999998,0.93
2011-04-17 18:00:00,B2752,2.582,0.0,0.0,118.99,2.582,19038.399999999998,20942.239999999998,0.0
2011-04-17 19:00:00,B2752,3.208,0.0,0.0,118.99,3.208,19038.399999999998,20942.239999999998,0.0
2011-04-17 20:00:00,B2752,0.707,0.0,0.0,118.99,0.707,19038.399999999998,20942.239999999998,0.0
2011-04-17 21:00:00,B2752,0.704,0.0,0.0,118.99,0.704,19038.399999999998,20942.239999999998,0.0
2011-04-17 22:00:00,B2752,0.704,0.0,0.0,118.99,0.704,19038.399999999998,20942.239999999998,0.0
2011-04-17 23:00:00,B2752,0.391,0.0,0.0,118.99,0.391,19038.399999999998,20942.239999999998,0.0
2011-04-18 00:00:00,B2752,2.791,2.4,0.0,118.99,2.791,19038.399999999998,20942.239999999998,0.0
2011-04-18 01:00:00,B2752,2.791,2.4,0.0,118.99,2.791,19038.399999999998,20942.239999999998,0.0
2011-04-18 02:00:00,B2752,2.791,2.4,0.0,118.99,2.791,19038.399999999998,20942.239999999998,0.0
2011-04-18 03:00:00,B2752,2.791,2.4,0.0,118.99,2.791,19038.399999999998,20942.239999999998,0.0
2011-04-18 04:00:00,B2752,2.791,2.4,0.0,118.99,2.791,19038.399999999998,20942.239999999998,0.0
2011-04-18 05:00:00,B2752,0.704,0.0,0.0,118.99,0.704,19038.399999999998,20942.239999999998,0.0
2011-04-18 06:00:00,B2752,2.584,0.0,0.0,118.99,2.584,19038.399999999998,20942.239999999998,0.0
2011-04-18 07:00:00,B2752,0.707,0.0,2.45,118.99,-2.2830000000000004,19038.399999999998,20942.239999999998,2.99
2011-04-18 08:00:00,B2752,0.394,0.0,3.33,118.99,-3.496,19038.399999999998,20942.239999999998,3.89
2011-04-18 09:00:00,B2752,0.394,0.0,3.34,118.99,-3.456,19038.399999999998,20942.239999999998,3.85
2011-04-18 10:00:00,B2752,0.394,0.0,4.66,118.99,-4.846,19038.399999999998,20942.239999999998,5.24
2011-04-18 11:00:00,B2752,0.394,0.0,5.61,118.99,-5.7459999999999996,19038.399999999998,20942.239999999998,6.14
2011-04-18 12:00:00,B2752,2.582,0.0,4.5,118.99,-2.3180000000000005,19038.399999999998,20942.239999999998,4.9
2011-04-18 13:00:00,B2752,0.707,0.0,3.73,118.99,-3.4130000000000003,19038.399999999998,20942.239999999998,4.12
2011-04-18 14:00:00,B2752,0.394,0.0,3.37,118.99,-3.3859999999999997,19038.399999999998,20942.239999999998,3.78
2011-04-18 15:00:00,B2752,0.394,0.0,2.57,118.99,-2.516,19038.399999999998,20942.239999999998,2.91
2011-04-18 16:00:00,B2752,0.394,0.0,1.48,118.99,-1.226,19038.399999999998,20942.239999999998,1.62
2011-04-18 17:00:00,B2752,0.707,0.0,0.0,118.99,0.707,19038.399999999998,20942.239999999998,0.0
2011-04-18 18:00:00,B2752,2.582,0.0,0.0,118.99,2.582,19038.399999999998,20942.239999999998,0.0
2011-04-18 19:00:00,B2752,3.208,0.0,0.0,118.99,3.208,19038.399999999998,20942.239999999998,0.0
2011-04-18 20:00:00,B2752,0.707,0.0,0.0,118.99,0.707,19038.399999999998,20942.239999999998,0.0
2011-04-18 21:00:00,B2752,0.704,0.0,0.0,118.99,0.704,19038.399999999998,20942.239999999998,0.0
2011-04-18 22:00:00,B2752,0.704,0.0,0.0,118.99,0.704,19038.399999999998,20942.239999999998,0.0
2011-04-18 23:00:00,B2752,0.391,0.0,0.0,118.99,0.391,19038.399999999998,20942.239999999998,0.0
2011-04-19 00:00:00,B2752,2.791,2.4,0.0,118.99,2.791,19038.399999999998,20942.239999999998,0.0
2011-04-19 01:00:00,B2752,2.791,2.4,0.0,118.99,2.791,19038.399999999998,20942.239999999998,0.0
2011-04-19 02:00:00,B2752,2.791,2.4,0.0,118.99,2.791,19038.399999999998,20942.239999999998,0.0
2011-04-19 03:00:00,B2752,2.791,2.4,0.0,118.99,2.791,19038.399999999998,20942.239999999998,0.0
2011-04-19 04:00:00,B2752,2.791,2.4,0.0,118.99,2.791,19038.399999999998,20942.239999999998,0.0
2011-04-19 05:00:00,B2752,0.704,0.0,0.0,118.99,0.704,19038.399999999998,20942.239999999998,0.0
2011-04-19 06:00:00,B2752,2.584,0.0,0.0,118.99,2.584,19038.399999999998,20942.239999999998,0.0
2011-04-19 07:00:00,B2752,0.707,0.0,3.37,118.99,-3.513,19038.399999999998,20942.239999999998,4.22
2011-04-19 08:00:00,B2752,0.394,0.0,5.31,118.99,-5.546,19038.399999999998,20942.239999999998,5.94
2011-04-19 09:00:00,B2752,0.394,0.0,6.7,118.99,-6.9159999999999995,19038.399999999998,20942.239999999998,7.31
2011-04-19 10:00:00,B2752,0.394,0.0,7.32,118.99,-7.486,19038.399999999998,20942.239999999998,7.88
2011-04-19 11:00:00,B2752,0.394,0.0,7.64,118.99,-7.696,19038.399999999998,20942.239999999998,8.09
2011-04-19 12:00:00,B2752,2.582,0.0,8.07,118.99,-5.888000000000001,19038.399999999998,20942.239999999998,8.47
2011-04-19 13:00:00,B2752,0.707,0.0,7.58,118.99,-7.303,19038.399999999998,20942.239999999998,8.01
2011-04-19 14:00:00,B2752,0.394,0.0,6.56,118.99,-6.586,19038.399999999998,20942.239999999998,6.98
2011-04-19 15:00:00,B2752,0.394,0.0,5.59,118.99,-5.576,19038.399999999998,20942.239999999998,5.97
2011-04-19 16:00:00,B2752,0.394,0.0,4.26,118.99,-4.196,19038.399999999998,20942.239999999998,4.59
2011-04-19 17:00:00,B2752,0.707,0.0,2.14,118.99,-1.6230000000000002,19038.399999999998,20942.239999999998,2.33
2011-04-19 18:00:00,B2752,2.582,0.0,0.0,118.99,2.582,19038.399999999998,20942.239999999998,0.0
2011-04-19 19:00:00,B2752,3.208,0.0,0.0,118.99,3.208,19038.399999999998,20942.239999999998,0.0
2011-04-19 20:00:00,B2752,0.707,0.0,0.0,118.99,0.707,19038.399999999998,20942.239999999998,0.0
2011-04-19 21:00:00,B2752,0.704,0.0,0.0,118.99,0.704,19038.399999999998,20942.239999999998,0.0
2011-04-19 22:00:00,B2752,0.704,0.0,0.0,118.99,0.704,19038.399999999998,20942.239999999998,0.0
2011-04-19 23:00:00,B2752,0.391,0.0,0.0,118.99,0.391,19038.399999999998,20942.239999999998,0.0
2011-04-20 00:00:00,B2752,2.791,2.4,0.0,118.99,2.791,19038.399999999998,20942.239999999998,0.0
2011-04-20 01:00:00,B2752,2.791,2.4,0.0,118.99,2.791,19038.399999999998,20942.239999999998,0.0
2011-04-20 02:00:00,B2752,2.791,2.4,0.0,118.99,2.791,19038.399999999998,20942.239999999998,0.0
2011-04-20 03:00:00,B2752,2.791,2.4,0.0,118.99,2.791,19038.399999999998,20942.239999999998,0.0
2011-04-20 04:00:00,B2752,2.791,2.4,0.0,118.99,2.791,19038.399999999998,20942.239999999998,0.0
2011-04-20 05:00:00,B2752,0.704,0.0,0.0,118.99,0.704,19038.399999999998,20942.239999999998,0.0
2011-04-20 06:00:00,B2752,2.584,0.0,0.0,118.99,2.584,19038.399999999998,20942.239999999998,0.0
2011-04-20 07:00:00,B2752,0.707,0.0,2.92,118.99,-2.883,19038.399999999998,20942.239999999998,3.59
2011-04-20 08:00:00,B2752,0.394,0.0,3.97,118.99,-4.136,19038.399999999998,20942.239999999998,4.53
2011-04-20 09:00:00,B2752,0.394,0.0,5.39,118.99,-5.486,19038.399999999998,20942.239999999998,5.88
2011-04-20 10:00:00,B2752,0.394,0.0,6.86,118.99,-6.906,19038.399999999998,20942.239999999998,7.3
2011-04-20 11:00:00,B2752,0.394,0.0,7.53,118.99,-7.516,19038.399999999998,20942.239999999998,7.91
2011-04-20 12:00:00,B2752,2.582,0.0,7.6,118.99,-5.428,19038.399999999998,20942.239999999998,8.01
2011-04-20 13:00:00,B2752,0.707,0.0,7.26,118.99,-7.023000000000001,19038.399999999998,20942.239999999998,7.73
2011-04-20 14:00:00,B2752,0.394,0.0,6.63,118.99,-6.696,19038.399999999998,20942.239999999998,7.09
2011-04-20 15:00:00,B2752,0.394,0.0,5.43,118.99,-5.4559999999999995,19038.399999999998,20942.239999999998,5.85
2011-04-20 16:00:00,B2752,0.394,0.0,3.98,118.99,-3.9459999999999997,19038.399999999998,20942.239999999998,4.34
2011-04-20 17:00:00,B2752,0.707,0.0,2.17,118.99,-1.673,19038.399999999998,20942.239999999998,2.38
2011-04-20 18:00:00,B2752,2.584,0.0,0.0,118.99,2.564,19038.399999999998,20942.239999999998,0.02
2011-04-20 19:00:00,B2752,3.21,0.0,0.0,118.99,3.21,19038.399999999998,20942.239999999998,0.0
2011-04-20 20:00:00,B2752,0.707,0.0,0.0,118.99,0.707,19038.399999999998,20942.239999999998,0.0
2011-04-20 21:00:00,B2752,0.704,0.0,0.0,118.99,0.704,19038.399999999998,20942.239999999998,0.0
2011-04-20 22:00:00,B2752,0.704,0.0,0.0,118.99,0.704,19038.399999999998,20942.239999999998,0.0
2011-04-20 23:00:00,B2752,0.391,0.0,0.0,118.99,0.391,19038.399999999998,20942.239999999998,0.0
2011-04-21 00:00:00,B2752,2.791,2.4,0.0,118.99,2.791,19038.399999999998,20942.239999999998,0.0
2011-04-21 01:00:00,B2752,2.791,2.4,0.0,118.99,2.791,19038.399999999998,20942.239999999998,0.0
2011-04-21 02:00:00,B2752,2.791,2.4,0.0,118.99,2.791,19038.399999999998,20942.239999999998,0.0
2011-04-21 03:00:00,B2752,2.791,2.4,0.0,118.99,2.791,19038.399999999998,20942.239999999998,0.0
2011-04-21 04:00:00,B2752,2.791,2.4,0.0,118.99,2.791,19038.399999999998,20942.239999999998,0.0
2011-04-21 05:00:00,B2752,0.704,0.0,0.0,118.99,0.704,19038.399999999998,20942.239999999998,0.0
2011-04-21 06:00:00,B2752,2.584,0.0,0.0,118.99,2.584,19038.399999999998,20942.239999999998,0.0
2011-04-21 07:00:00,B2752,0.707,0.0,3.06,118.99,-3.083,19038.399999999998,20942.239999999998,3.79
2011-04-21 08:00:00,B2752,0.394,0.0,4.61,118.99,-4.886,19038.399999999998,20942.239999999998,5.28
2011-04-21 09:00:00,B2752,0.394,0.0,6.2,118.99,-6.446,19038.399999999998,20942.239999999998,6.84
2011-04-21 10:00:00,B2752,0.394,0.0,7.2,118.99,-7.346,19038.399999999998,20942.239999999998,7.74
2011-04-21 11:00:00,B2752,0.394,0.0,7.56,118.99,-7.586,19038.399999999998,20942.239999999998,7.98
2011-04-21 12:00:00,B2752,2.582,0.0,7.83,118.99,-5.648000000000001,19038.399999999998,20942.239999999998,8.23
2011-04-21 13:00:00,B2752,0.707,0.0,7.2,118.99,-6.873,19038.399999999998,20942.239999999998,7.58
2011-04-21 14:00:00,B2752,0.394,0.0,6.25,118.99,-6.196,19038.399999999998,20942.239999999998,6.59
2011-04-21 15:00:00,B2752,0.394,0.0,5.13,118.99,-5.086,19038.399999999998,20942.239999999998,5.48
2011-04-21 16:00:00,B2752,0.394,0.0,3.87,118.99,-3.7859999999999996,19038.399999999998,20942.239999999998,4.18
2011-04-21 17:00:00,B2752,0.707,0.0,2.48,118.99,-1.983,19038.399999999998,20942.239999999998,2.69
2011-04-21 18:00:00,B2752,2.584,0.0,0.0,118.99,2.544,19038.399999999998,20942.239999999998,0.04
2011-04-21 19:00:00,B2752,3.208,0.0,0.0,118.99,3.208,19038.399999999998,20942.239999999998,0.0
2011-04-21 20:00:00,B2752,0.707,0.0,0.0,118.99,0.707,19038.399999999998,20942.239999999998,0.0
2011-04-21 21:00:00,B2752,0.704,0.0,0.0,118.99,0.704,19038.399999999998,20942.239999999998,0.0
2011-04-21 22:00:00,B2752,0.704,0.0,0.0,118.99,0.704,19038.399999999998,20942.239999999998,0.0
2011-04-21 23:00:00,B2752,0.391,0.0,0.0,118.99,0.391,19038.399999999998,20942.239999999998,0.0
2011-04-22 00:00:00,B2752,2.791,2.4,0.0,118.99,2.791,19038.399999999998,20942.239999999998,0.0
2011-04-22 01:00:00,B2752,2.791,2.4,0.0,118.99,2.791,19038.399999999998,20942.239999999998,0.0
2011-04-22 02:00:00,B2752,2.791,2.4,0.0,118.99,2.791,19038.399999999998,20942.239999999998,0.0
2011-04-22 03:00:00,B2752,2.791,2.4,0.0,118.99,2.791,19038.399999999998,20942.239999999998,0.0
2011-04-22 04:00:00,B2752,2.791,2.4,0.0,118.99,2.791,19038.399999999998,20942.239999999998,0.0
2011-04-22 05:00:00,B2752,0.704,0.0,0.0,118.99,0.704,19038.399999999998,20942.239999999998,0.0
2011-04-22 06:00:00,B2752,2.584,0.0,0.0,118.99,2.584,19038.399999999998,20942.239999999998,0.0
2011-04-22 07:00:00,B2752,0.707,0.0,3.75,118.99,-3.973,19038.399999999998,20942.239999999998,4.68
2011-04-22 08:00:00,B2752,0.394,0.0,5.01,118.99,-5.136,19038.399999999998,20942.239999999998,5.53
2011-04-22 09:00:00,B2752,0.394,0.0,5.85,118.99,-5.9559999999999995,19038.399999999998,20942.239999999998,6.35
2011-04-22 10:00:00,B2752,0.394,0.0,6.75,118.99,-6.826,19038.399999999998,20942.239999999998,7.22
2011-04-22 11:00:00,B2752,0.394,0.0,7.22,118.99,-7.196,19038.399999999998,20942.239999999998,7.59
2011-04-22 12:00:00,B2752,2.582,0.0,7.47,118.99,-5.218,19038.399999999998,20942.239999999998,7.8
2011-04-22 13:00:00,B2752,0.707,0.0,7.52,118.99,-7.143,19038.399999999998,20942.239999999998,7.85
2011-04-22 14:00:00,B2752,0.394,0.0,7.4,118.99,-7.366,19038.399999999998,20942.239999999998,7.76
2011-04-22 15:00:00,B2752,0.394,0.0,6.39,118.99,-6.3759999999999994,19038.399999999998,20942.239999999998,6.77
2011-04-22 16:00:00,B2752,0.394,0.0,4.93,118.99,-4.886,19038.399999999998,20942.239999999998,5.28
2011-04-22 17:00:00,B2752,0.707,0.0,2.9,118.99,-2.443,19038.399999999998,20942.239999999998,3.15
2011-04-22 18:00:00,B2752,2.582,0.0,0.0,118.99,2.532,19038.399999999998,20942.239999999998,0.05
2011-04-22 19:00:00,B2752,3.208,0.0,0.0,118.99,3.208,19038.399999999998,20942.239999999998,0.0
2011-04-22 20:00:00,B2752,0.707,0.0,0.0,118.99,0.707,19038.399999999998,20942.239999999998,0.0
2011-04-22 21:00:00,B2752,0.704,0.0,0.0,118.99,0.704,19038.399999999998,20942.239999999998,0.0
2011-04-22 22:00:00,B2752,0.704,0.0,0.0,118.99,0.704,19038.399999999998,20942.239999999998,0.0
2011-04-22 23:00:00,B2752,0.391,0.0,0.0,118.99,0.391,19038.399999999998,20942.239999999998,0.0
2011-04-23 00:00:00,B2752,0.391,0.0,0.0,118.99,0.391,19038.399999999998,20942.239999999998,0.0
2011-04-23 01:00:00,B2752,0.391,0.0,0.0,118.99,0.391,19038.399999999998,20942.239999999998,0.0
2011-04-23 02:00:00,B2752,0.391,0.0,0.0,118.99,0.391,19038.399999999998,20942.239999999998,0.0
2011-04-23 03:00:00,B2752,0.391,0.0,0.0,118.99,0.391,19038.399999999998,20942.239999999998,0.0
2011-04-23 04:00:00,B2752,0.391,0.0,0.0,118.99,0.391,19038.399999999998,20942.239999999998,0.0
2011-04-23 05:00:00,B2752,0.704,0.0,0.0,118.99,0.704,19038.399999999998,20942.239999999998,0.0
2011-04-23 06:00:00,B2752,2.584,0.0,0.71,118.99,1.484,19038.399999999998,20942.239999999998,1.1
2011-04-23 07:00:00,B2752,0.707,0.0,4.07,118.99,-4.4030000000000005,19038.399999999998,20942.239999999998,5.11
2011-04-23 08:00:00,B2752,2.794,2.4,5.75,118.99,-3.546,19038.399999999998,20942.239999999998,6.34
2011-04-23 09:00:00,B2752,2.794,2.4,6.63,118.99,-4.396000000000001,19038.399999999998,20942.239999999998,7.19
2011-04-23 10:00:00,B2752,2.794,2.4,7.11,118.99,-4.885999999999999,19038.399999999998,20942.239999999998,7.68
2011-04-23 11:00:00,B2752,2.794,2.4,7.89,118.99,-5.555999999999999,19038.399999999998,20942.239999999998,8.35
2011-04-23 12:00:00,B2752,4.982,2.4,7.33,118.99,-2.7379999999999995,19038.399999999998,20942.239999999998,7.72
2011-04-23 13:00:00,B2752,0.707,0.0,6.18,118.99,-5.893,19038.399999999998,20942.239999999998,6.6
2011-04-23 14:00:00,B2752,0.394,0.0,6.02,118.99,-6.016,19038.399999999998,20942.239999999998,6.41
2011-04-23 15:00:00,B2752,0.394,0.0,5.42,118.99,-5.396,19038.399999999998,20942.239999999998,5.79
2011-04-23 16:00:00,B2752,0.394,0.0,4.11,118.99,-4.056,19038.399999999998,20942.239999999998,4.45
2011-04-23 17:00:00,B2752,0.707,0.0,2.47,118.99,-1.9930000000000003,19038.399999999998,20942.239999999998,2.7
2011-04-23 18:00:00,B2752,2.582,0.0,0.0,118.99,2.542,19038.399999999998,20942.239999999998,0.04
2011-04-23 19:00:00,B2752,3.208,0.0,0.0,118.99,3.208,19038.399999999998,20942.239999999998,0.0
2011-04-23 20:00:00,B2752,0.707,0.0,0.0,118.99,0.707,19038.399999999998,20942.239999999998,0.0
2011-04-23 21:00:00,B2752,0.704,0.0,0.0,118.99,0.704,19038.399999999998,20942.239999999998,0.0
2011-04-23 22:00:00,B2752,0.704,0.0,0.0,118.99,0.704,19038.399999999998,20942.239999999998,0.0
2011-04-23 23:00:00,B2752,0.391,0.0,0.0,118.99,0.391,19038.399999999998,20942.239999999998,0.0
2011-04-24 00:00:00,B2752,0.391,0.0,0.0,118.99,0.391,19038.399999999998,20942.239999999998,0.0
2011-04-24 01:00:00,B2752,0.391,0.0,0.0,118.99,0.391,19038.399999999998,20942.239999999998,0.0
2011-04-24 02:00:00,B2752,0.391,0.0,0.0,118.99,0.391,19038.399999999998,20942.239999999998,0.0
2011-04-24 03:00:00,B2752,0.391,0.0,0.0,118.99,0.391,19038.399999999998,20942.239999999998,0.0
2011-04-24 04:00:00,B2752,0.391,0.0,0.0,118.99,0.391,19038.399999999998,20942.239999999998,0.0
2011-04-24 05:00:00,B2752,0.704,0.0,0.0,118.99,0.704,19038.399999999998,20942.239999999998,0.0
2011-04-24 06:00:00,B2752,2.584,0.0,0.88,118.99,1.4140000000000001,19038.399999999998,20942.239999999998,1.17
2011-04-24 07:00:00,B2752,0.707,0.0,3.35,118.99,-3.4530000000000003,19038.399999999998,20942.239999999998,4.16
2011-04-24 08:00:00,B2752,2.794,2.4,5.28,118.99,-3.166,19038.399999999998,20942.239999999998,5.96
2011-04-24 09:00:00,B2752,2.794,2.4,6.06,118.99,-3.8960000000000004,19038.399999999998,20942.239999999998,6.69
2011-04-24 10:00:00,B2752,2.794,2.4,6.21,118.99,-3.956,19038.399999999998,20942.239999999998,6.75
2011-04-24 11:00:00,B2752,2.794,2.4,6.41,118.99,-4.045999999999999,19038.399999999998,20942.239999999998,6.84
2011-04-24 12:00:00,B2752,4.982,2.4,6.8,118.99,-2.2379999999999995,19038.399999999998,20942.239999999998,7.22
2011-04-24 13:00:00,B2752,0.704,0.0,6.84,118.99,-6.6160000000000005,19038.399999999998,20942.239999999998,7.32
2011-04-24 14:00:00,B2752,0.394,0.0,6.44,118.99,-6.4959999999999996,19038.399999999998,20942.239999999998,6.89
2011-04-24 15:00:00,B2752,0.391,0.0,5.6,118.99,-5.599,19038.399999999998,20942.239999999998,5.99
2011-04-24 16:00:00,B2752,0.394,0.0,4.27,118.99,-4.196,19038.399999999998,20942.239999999998,4.59
2011-04-24 17:00:00,B2752,0.704,0.0,2.68,118.99,-2.1959999999999997,19038.399999999998,20942.239999999998,2.9
2011-04-24 18:00:00,B2752,2.582,0.0,0.0,118.99,2.532,19038.399999999998,20942.239999999998,0.05
2011-04-24 19:00:00,B2752,3.208,0.0,0.0,118.99,3.208,19038.399999999998,20942.239999999998,0.0
2011-04-24 20:00:00,B2752,0.707,0.0,0.0,118.99,0.707,19038.399999999998,20942.239999999998,0.0
2011-04-24 21:00:00,B2752,0.704,0.0,0.0,118.99,0.704,19038.399999999998,20942.239999999998,0.0
2011-04-24 22:00:00,B2752,0.704,0.0,0.0,118.99,0.704,19038.399999999998,20942.239999999998,0.0
2011-04-24 23:00:00,B2752,0.391,0.0,0.0,118.99,0.391,19038.399999999998,20942.239999999998,0.0
2011-04-25 00:00:00,B2752,2.791,2.4,0.0,118.99,2.791,19038.399999999998,20942.239999999998,0.0
2011-04-25 01:00:00,B2752,2.791,2.4,0.0,118.99,2.791,19038.399999999998,20942.239999999998,0.0
2011-04-25 02:00:00,B2752,2.791,2.4,0.0,118.99,2.791,19038.399999999998,20942.239999999998,0.0
2011-04-25 03:00:00,B2752,2.791,2.4,0.0,118.99,2.791,19038.399999999998,20942.239999999998,0.0
2011-04-25 04:00:00,B2752,2.791,2.4,0.0,118.99,2.791,19038.399999999998,20942.239999999998,0.0
2011-04-25 05:00:00,B2752,0.704,0.0,0.0,118.99,0.704,19038.399999999998,20942.239999999998,0.0
2011-04-25 06:00:00,B2752,2.584,0.0,0.57,118.99,1.584,19038.399999999998,20942.239999999998,1.0
2011-04-25 07:00:00,B2752,0.707,0.0,4.56,118.99,-5.043,19038.399999999998,20942.239999999998,5.75
2011-04-25 08:00:00,B2752,0.394,0.0,6.09,118.99,-6.216,19038.399999999998,20942.239999999998,6.61
2011-04-25 09:00:00,B2752,0.394,0.0,7.18,118.99,-7.236,19038.399999999998,20942.239999999998,7.63
2011-04-25 10:00:00,B2752,0.394,0.0,8.02,118.99,-8.056,19038.399999999998,20942.239999999998,8.45
2011-04-25 11:00:00,B2752,0.391,0.0,8.53,118.99,-8.519,19038.399999999998,20942.239999999998,8.91
2011-04-25 12:00:00,B2752,2.582,0.0,8.59,118.99,-6.378000000000001,19038.399999999998,20942.239999999998,8.96
2011-04-25 13:00:00,B2752,0.704,0.0,8.23,118.99,-7.936000000000001,19038.399999999998,20942.239999999998,8.64
2011-04-25 14:00:00,B2752,0.391,0.0,7.63,118.99,-7.638999999999999,19038.399999999998,20942.239999999998,8.03
2011-04-25 15:00:00,B2752,0.391,0.0,6.36,118.99,-6.309,19038.399999999998,20942.239999999998,6.7
2011-04-25 16:00:00,B2752,0.391,0.0,4.92,118.99,-4.799,19038.399999999998,20942.239999999998,5.19
2011-04-25 17:00:00,B2752,0.704,0.0,3.1,118.99,-2.636,19038.399999999998,20942.239999999998,3.34
2011-04-25 18:00:00,B2752,2.582,0.0,0.26,118.99,2.272,19038.399999999998,20942.239999999998,0.31
2011-04-25 19:00:00,B2752,3.208,0.0,0.0,118.99,3.208,19038.399999999998,20942.239999999998,0.0
2011-04-25 20:00:00,B2752,0.704,0.0,0.0,118.99,0.704,19038.399999999998,20942.239999999998,0.0
2011-04-25 21:00:00,B2752,0.704,0.0,0.0,118.99,0.704,19038.399999999998,20942.239999999998,0.0
2011-04-25 22:00:00,B2752,0.704,0.0,0.0,118.99,0.704,19038.399999999998,20942.239999999998,0.0
2011-04-25 23:00:00,B2752,0.391,0.0,0.0,118.99,0.391,19038.399999999998,20942.239999999998,0.0
2011-04-26 00:00:00,B2752,2.791,2.4,0.0,118.99,2.791,19038.399999999998,20942.239999999998,0.0
2011-04-26 01:00:00,B2752,2.791,2.4,0.0,118.99,2.791,19038.399999999998,20942.239999999998,0.0
2011-04-26 02:00:00,B2752,2.791,2.4,0.0,118.99,2.791,19038.399999999998,20942.239999999998,0.0
2011-04-26 03:00:00,B2752,2.791,2.4,0.0,118.99,2.791,19038.399999999998,20942.239999999998,0.0
2011-04-26 04:00:00,B2752,2.791,2.4,0.0,118.99,2.791,19038.399999999998,20942.239999999998,0.0
2011-04-26 05:00:00,B2752,0.704,0.0,0.0,118.99,0.704,19038.399999999998,20942.239999999998,0.0
2011-04-26 06:00:00,B2752,2.582,0.0,0.72,118.99,1.442,19038.399999999998,20942.239999999998,1.14
2011-04-26 07:00:00,B2752,0.705,0.0,4.41,118.99,-4.835,19038.399999999998,20942.239999999998,5.54
2011-04-26 08:00:00,B2752,0.392,0.0,5.98,118.99,-6.108,19038.399999999998,20942.239999999998,6.5
2011-04-26 09:00:00,B2752,0.391,0.0,7.07,118.99,-7.109,19038.399999999998,20942.239999999998,7.5
2011-04-26 10:00:00,B2752,0.391,0.0,7.86,118.99,-7.819000000000001,19038.399999999998,20942.239999999998,8.21
2011-04-26 11:00:00,B2752,0.391,0.0,8.37,118.99,-8.239,19038.399999999998,20942.239999999998,8.63
2011-04-26 12:00:00,B2752,2.582,0.0,8.43,118.99,-6.088,19038.399999999998,20942.239999999998,8.67
2011-04-26 13:00:00,B2752,0.704,0.0,8.13,118.99,-7.686000000000001,19038.399999999998,20942.239999999998,8.39
2011-04-26 14:00:00,B2752,0.391,0.0,7.45,118.99,-7.339,19038.399999999998,20942.239999999998,7.73
2011-04-26 15:00:00,B2752,0.391,0.0,6.41,118.99,-6.319,19038.399999999998,20942.239999999998,6.71
2011-04-26 16:00:00,B2752,0.391,0.0,5.01,118.99,-4.889,19038.399999999998,20942.239999999998,5.28
2011-04-26 17:00:00,B2752,0.704,0.0,3.13,118.99,-2.6559999999999997,19038.399999999998,20942.239999999998,3.36
2011-04-26 18:00:00,B2752,2.582,0.0,0.67,118.99,1.8619999999999999,19038.399999999998,20942.239999999998,0.72
2011-04-26 19:00:00,B2752,3.208,0.0,0.0,118.99,3.208,19038.399999999998,20942.239999999998,0.0
2011-04-26 20:00:00,B2752,0.704,0.0,0.0,118.99,0.704,19038.399999999998,20942.239999999998,0.0
2011-04-26 21:00:00,B2752,0.704,0.0,0.0,118.99,0.704,19038.399999999998,20942.239999999998,0.0
2011-04-26 22:00:00,B2752,0.704,0.0,0.0,118.99,0.704,19038.399999999998,20942.239999999998,0.0
2011-04-26 23:00:00,B2752,0.391,0.0,0.0,118.99,0.391,19038.399999999998,20942.239999999998,0.0
2011-04-27 00:00:00,B2752,2.791,2.4,0.0,118.99,2.791,19038.399999999998,20942.239999999998,0.0
2011-04-27 01:00:00,B2752,2.791,2.4,0.0,118.99,2.791,19038.399999999998,20942.239999999998,0.0
2011-04-27 02:00:00,B2752,2.791,2.4,0.0,118.99,2.791,19038.399999999998,20942.239999999998,0.0
2011-04-27 03:00:00,B2752,2.791,2.4,0.0,118.99,2.791,19038.399999999998,20942.239999999998,0.0
2011-04-27 04:00:00,B2752,2.791,2.4,0.0,118.99,2.791,19038.399999999998,20942.239999999998,0.0
2011-04-27 05:00:00,B2752,0.704,0.0,0.0,118.99,0.704,19038.399999999998,20942.239999999998,0.0
2011-04-27 06:00:00,B2752,2.582,0.0,0.58,118.99,1.5619999999999998,19038.399999999998,20942.239999999998,1.02
2011-04-27 07:00:00,B2752,0.705,0.0,4.69,118.99,-5.205,19038.399999999998,20942.239999999998,5.91
2011-04-27 08:00:00,B2752,0.392,0.0,6.2,118.99,-6.318,19038.399999999998,20942.239999999998,6.71
2011-04-27 09:00:00,B2752,0.391,0.0,7.3,118.99,-7.389,19038.399999999998,20942.239999999998,7.78
2011-04-27 10:00:00,B2752,0.391,0.0,8.1,118.99,-8.149,19038.399999999998,20942.239999999998,8.54
2011-04-27 11:00:00,B2752,0.391,0.0,8.76,118.99,-8.769,19038.399999999998,20942.239999999998,9.16
2011-04-27 12:00:00,B2752,2.582,0.0,8.68,118.99,-6.478000000000001,19038.399999999998,20942.239999999998,9.06
2011-04-27 13:00:00,B2752,0.704,0.0,8.39,118.99,-8.116,19038.399999999998,20942.239999999998,8.82
2011-04-27 14:00:00,B2752,0.391,0.0,7.62,118.99,-7.699,19038.399999999998,20942.239999999998,8.09
2011-04-27 15:00:00,B2752,0.391,0.0,6.41,118.99,-6.469,19038.399999999998,20942.239999999998,6.86
2011-04-27 16:00:00,B2752,0.391,0.0,4.9,118.99,-4.879,19038.399999999998,20942.239999999998,5.27
2011-04-27 17:00:00,B2752,0.704,0.0,3.18,118.99,-2.726,19038.399999999998,20942.239999999998,3.43
2011-04-27 18:00:00,B2752,2.582,0.0,0.71,118.99,1.8119999999999998,19038.399999999998,20942.239999999998,0.77
2011-04-27 19:00:00,B2752,3.208,0.0,0.0,118.99,3.208,19038.399999999998,20942.239999999998,0.0
2011-04-27 20:00:00,B2752,0.704,0.0,0.0,118.99,0.704,19038.399999999998,20942.239999999998,0.0
2011-04-27 21:00:00,B2752,0.704,0.0,0.0,118.99,0.704,19038.399999999998,20942.239999999998,0.0
2011-04-27 22:00:00,B2752,0.704,0.0,0.0,118.99,0.704,19038.399999999998,20942.239999999998,0.0
2011-04-27 23:00:00,B2752,0.391,0.0,0.0,118.99,0.391,19038.399999999998,20942.239999999998,0.0
2011-04-28 00:00:00,B2752,2.791,2.4,0.0,118.99,2.791,19038.399999999998,20942.239999999998,0.0
2011-04-28 01:00:00,B2752,2.791,2.4,0.0,118.99,2.791,19038.399999999998,20942.239999999998,0.0
2011-04-28 02:00:00,B2752,2.791,2.4,0.0,118.99,2.791,19038.399999999998,20942.239999999998,0.0
2011-04-28 03:00:00,B2752,2.791,2.4,0.0,118.99,2.791,19038.399999999998,20942.239999999998,0.0
2011-04-28 04:00:00,B2752,2.791,2.4,0.0,118.99,2.791,19038.399999999998,20942.239999999998,0.0
2011-04-28 05:00:00,B2752,0.704,0.0,0.0,118.99,0.704,19038.399999999998,20942.239999999998,0.0
2011-04-28 06:00:00,B2752,2.582,0.0,0.54,118.99,1.5919999999999999,19038.399999999998,20942.239999999998,0.99
2011-04-28 07:00:00,B2752,0.705,0.0,4.89,118.99,-5.445,19038.399999999998,20942.239999999998,6.15
2011-04-28 08:00:00,B2752,0.392,0.0,6.42,118.99,-6.528,19038.399999999998,20942.239999999998,6.92
2011-04-28 09:00:00,B2752,0.391,0.0,7.47,118.99,-7.519,19038.399999999998,20942.239999999998,7.91
2011-04-28 10:00:00,B2752,0.391,0.0,8.27,118.99,-8.249,19038.399999999998,20942.239999999998,8.64
2011-04-28 11:00:00,B2752,0.391,0.0,8.77,118.99,-8.679,19038.399999999998,20942.239999999998,9.07
2011-04-28 12:00:00,B2752,2.582,0.0,8.86,118.99,-6.537999999999999,19038.399999999998,20942.239999999998,9.12
2011-04-28 13:00:00,B2752,0.704,0.0,8.63,118.99,-8.206,19038.399999999998,20942.239999999998,8.91
2011-04-28 14:00:00,B2752,0.391,0.0,7.91,118.99,-7.819000000000001,19038.399999999998,20942.239999999998,8.21
2011-04-28 15:00:00,B2752,0.391,0.0,6.87,118.99,-6.799,19038.399999999998,20942.239999999998,7.19
2011-04-28 16:00:00,B2752,0.391,0.0,5.41,118.99,-5.299,19038.399999999998,20942.239999999998,5.69
2011-04-28 17:00:00,B2752,0.704,0.0,3.51,118.99,-3.0460000000000003,19038.399999999998,20942.239999999998,3.75
2011-04-28 18:00:00,B2752,2.582,0.0,0.78,118.99,1.7319999999999998,19038.399999999998,20942.239999999998,0.85
2011-04-28 19:00:00,B2752,3.208,0.0,0.0,118.99,3.208,19038.399999999998,20942.239999999998,0.0
2011-04-28 20:00:00,B2752,0.704,0.0,0.0,118.99,0.704,19038.399999999998,20942.239999999998,0.0
2011-04-28 21:00:00,B2752,0.704,0.0,0.0,118.99,0.704,19038.399999999998,20942.239999999998,0.0
2011-04-28 22:00:00,B2752,0.704,0.0,0.0,118.99,0.704,19038.399999999998,20942.239999999998,0.0
2011-04-28 23:00:00,B2752,0.391,0.0,0.0,118.99,0.391,19038.399999999998,20942.239999999998,0.0
2011-04-29 00:00:00,B2752,2.791,2.4,0.0,118.99,2.791,19038.399999999998,20942.239999999998,0.0
2011-04-29 01:00:00,B2752,2.791,2.4,0.0,118.99,2.791,19038.399999999998,20942.239999999998,0.0
2011-04-29 02:00:00,B2752,2.791,2.4,0.0,118.99,2.791,19038.399999999998,20942.239999999998,0.0
2011-04-29 03:00:00,B2752,2.791,2.4,0.0,118.99,2.791,19038.399999999998,20942.239999999998,0.0
2011-04-29 04:00:00,B2752,2.791,2.4,0.0,118.99,2.791,19038.399999999998,20942.239999999998,0.0
2011-04-29 05:00:00,B2752,0.704,0.0,0.0,118.99,0.704,19038.399999999998,20942.239999999998,0.0
2011-04-29 06:00:00,B2752,2.582,0.0,1.26,118.99,0.952,19038.399999999998,20942.239999999998,1.63
2011-04-29 07:00:00,B2752,0.705,0.0,3.72,118.99,-3.835,19038.399999999998,20942.239999999998,4.54
2011-04-29 08:00:00,B2752,0.392,0.0,5.32,118.99,-5.608,19038.399999999998,20942.239999999998,6.0
2011-04-29 09:00:00,B2752,0.391,0.0,6.72,118.99,-6.989,19038.399999999998,20942.239999999998,7.38
2011-04-29 10:00:00,B2752,0.391,0.0,7.74,118.99,-7.949,19038.399999999998,20942.239999999998,8.34
2011-04-29 11:00:00,B2752,0.391,0.0,7.81,118.99,-7.9190000000000005,19038.399999999998,20942.239999999998,8.31
2011-04-29 12:00:00,B2752,2.582,0.0,7.92,118.99,-5.748,19038.399999999998,20942.239999999998,8.33
2011-04-29 13:00:00,B2752,0.704,0.0,8.16,118.99,-7.816,19038.399999999998,20942.239999999998,8.52
2011-04-29 14:00:00,B2752,0.391,0.0,7.48,118.99,-7.439,19038.399999999998,20942.239999999998,7.83
2011-04-29 15:00:00,B2752,0.391,0.0,6.68,118.99,-6.659,19038.399999999998,20942.239999999998,7.05
2011-04-29 16:00:00,B2752,0.391,0.0,4.91,118.99,-4.879,19038.399999999998,20942.239999999998,5.27
2011-04-29 17:00:00,B2752,0.704,0.0,2.99,118.99,-2.5460000000000003,19038.399999999998,20942.239999999998,3.25
2011-04-29 18:00:00,B2752,2.582,0.0,0.73,118.99,1.7919999999999998,19038.399999999998,20942.239999999998,0.79
2011-04-29 19:00:00,B2752,3.208,0.0,0.0,118.99,3.208,19038.399999999998,20942.239999999998,0.0
2011-04-29 20:00:00,B2752,0.704,0.0,0.0,118.99,0.704,19038.399999999998,20942.239999999998,0.0
2011-04-29 21:00:00,B2752,0.704,0.0,0.0,118.99,0.704,19038.399999999998,20942.239999999998,0.0
2011-04-29 22:00:00,B2752,0.704,0.0,0.0,118.99,0.704,19038.399999999998,20942.239999999998,0.0
2011-04-29 23:00:00,B2752,0.391,0.0,0.0,118.99,0.391,19038.399999999998,20942.239999999998,0.0
2011-04-30 00:00:00,B2752,0.391,0.0,0.0,118.99,0.391,19038.399999999998,20942.239999999998,0.0
2011-04-30 01:00:00,B2752,0.391,0.0,0.0,118.99,0.391,19038.399999999998,20942.239999999998,0.0
2011-04-30 02:00:00,B2752,0.391,0.0,0.0,118.99,0.391,19038.399999999998,20942.239999999998,0.0
2011-04-30 03:00:00,B2752,0.391,0.0,0.0,118.99,0.391,19038.399999999998,20942.239999999998,0.0
2011-04-30 04:00:00,B2752,0.391,0.0,0.0,118.99,0.391,19038.399999999998,20942.239999999998,0.0
2011-04-30 05:00:00,B2752,0.704,0.0,0.0,118.99,0.704,19038.399999999998,20942.239999999998,0.0
2011-04-30 06:00:00,B2752,2.581,0.0,1.06,118.99,1.061,19038.399999999998,20942.239999999998,1.52
2011-04-30 07:00:00,B2752,0.704,0.0,4.17,118.99,-4.426,19038.399999999998,20942.239999999998,5.13
2011-04-30 08:00:00,B2752,2.792,2.4,5.26,118.99,-3.2279999999999998,19038.399999999998,20942.239999999998,6.02
2011-04-30 09:00:00,B2752,2.792,2.4,5.9,118.99,-3.848,19038.399999999998,20942.239999999998,6.64
2011-04-30 10:00:00,B2752,2.792,2.4,6.63,118.99,-4.488,19038.399999999998,20942.239999999998,7.28
2011-04-30 11:00:00,B2752,2.792,2.4,6.89,118.99,-4.638,19038.399999999998,20942.239999999998,7.43
2011-04-30 12:00:00,B2752,4.982,2.4,6.62,118.99,-2.1879999999999997,19038.399999999998,20942.239999999998,7.17
2011-04-30 13:00:00,B2752,0.704,0.0,6.15,118.99,-6.006,19038.399999999998,20942.239999999998,6.71
2011-04-30 14:00:00,B2752,0.391,0.0,5.49,118.99,-5.599,19038.399999999998,20942.239999999998,5.99
2011-04-30 15:00:00,B2752,0.391,0.0,4.59,118.99,-4.639,19038.399999999998,20942.239999999998,5.03
2011-04-30 16:00:00,B2752,0.391,0.0,3.8,118.99,-3.7889999999999997,19038.399999999998,20942.239999999998,4.18
2011-04-30 17:00:00,B2752,0.704,0.0,2.46,118.99,-1.9760000000000002,19038.399999999998,20942.239999999998,2.68
2011-04-30 18:00:00,B2752,2.582,0.0,0.0,118.99,2.542,19038.399999999998,20942.239999999998,0.04
2011-04-30 19:00:00,B2752,3.208,0.0,0.0,118.99,3.208,19038.399999999998,20942.239999999998,0.0
2011-04-30 20:00:00,B2752,0.704,0.0,0.0,118.99,0.704,19038.399999999998,20942.239999999998,0.0
2011-04-30 21:00:00,B2752,0.704,0.0,0.0,118.99,0.704,19038.399999999998,20942.239999999998,0.0
2011-04-30 22:00:00,B2752,0.704,0.0,0.0,118.99,0.704,19038.399999999998,20942.239999999998,0.0
2011-04-30 23:00:00,B2752,0.391,0.0,0.0,118.99,0.391,19038.399999999998,20942.239999999998,0.0
2011-05-01 00:00:00,B2752,0.391,0.0,0.0,118.99,0.391,19038.399999999998,20942.239999999998,0.0
2011-05-01 01:00:00,B2752,0.391,0.0,0.0,118.99,0.391,19038.399999999998,20942.239999999998,0.0
2011-05-01 02:00:00,B2752,0.391,0.0,0.0,118.99,0.391,19038.399999999998,20942.239999999998,0.0
2011-05-01 03:00:00,B2752,0.391,0.0,0.0,118.99,0.391,19038.399999999998,20942.239999999998,0.0
2011-05-01 04:00:00,B2752,0.391,0.0,0.0,118.99,0.391,19038.399999999998,20942.239999999998,0.0
2011-05-01 05:00:00,B2752,0.704,0.0,0.0,118.99,0.704,19038.399999999998,20942.239999999998,0.0
2011-05-01 06:00:00,B2752,2.581,0.0,1.01,118.99,1.181,19038.399999999998,20942.239999999998,1.4
2011-05-01 07:00:00,B2752,0.704,0.0,4.21,118.99,-4.526000000000001,19038.399999999998,20942.239999999998,5.23
2011-05-01 08:00:00,B2752,2.791,2.4,6.32,118.99,-4.138999999999999,19038.399999999998,20942.239999999998,6.93
2011-05-01 09:00:00,B2752,2.792,2.4,7.68,118.99,-5.378,19038.399999999998,20942.239999999998,8.17
2011-05-01 10:00:00,B2752,2.792,2.4,8.62,118.99,-6.198,19038.399999999998,20942.239999999998,8.99
2011-05-01 11:00:00,B2752,2.792,2.4,9.16,118.99,-6.638,19038.399999999998,20942.239999999998,9.43
2011-05-01 12:00:00,B2752,4.982,2.4,9.25,118.99,-4.508,19038.399999999998,20942.239999999998,9.49
2011-05-01 13:00:00,B2752,0.704,0.0,8.96,118.99,-8.516,19038.399999999998,20942.239999999998,9.22
2011-05-01 14:00:00,B2752,0.391,0.0,8.28,118.99,-8.179,19038.399999999998,20942.239999999998,8.57
2011-05-01 15:00:00,B2752,0.391,0.0,7.19,118.99,-7.109,19038.399999999998,20942.239999999998,7.5
2011-05-01 16:00:00,B2752,0.391,0.0,5.71,118.99,-5.589,19038.399999999998,20942.239999999998,5.98
2011-05-01 17:00:00,B2752,0.704,0.0,3.76,118.99,-3.2960000000000003,19038.399999999998,20942.239999999998,4.0
2011-05-01 18:00:00,B2752,2.582,0.0,0.87,118.99,1.632,19038.399999999998,20942.239999999998,0.95
2011-05-01 19:00:00,B2752,3.208,0.0,0.0,118.99,3.208,19038.399999999998,20942.239999999998,0.0
2011-05-01 20:00:00,B2752,0.704,0.0,0.0,118.99,0.704,19038.399999999998,20942.239999999998,0.0
2011-05-01 21:00:00,B2752,0.704,0.0,0.0,118.99,0.704,19038.399999999998,20942.239999999998,0.0
2011-05-01 22:00:00,B2752,0.704,0.0,0.0,118.99,0.704,19038.399999999998,20942.239999999998,0.0
2011-05-01 23:00:00,B2752,0.391,0.0,0.0,118.99,0.391,19038.399999999998,20942.239999999998,0.0
2011-05-02 00:00:00,B2752,2.791,2.4,0.0,118.99,2.791,19038.399999999998,20942.239999999998,0.0
2011-05-02 01:00:00,B2752,2.791,2.4,0.0,118.99,2.791,19038.399999999998,20942.239999999998,0.0
2011-05-02 02:00:00,B2752,2.791,2.4,0.0,118.99,2.791,19038.399999999998,20942.239999999998,0.0
2011-05-02 03:00:00,B2752,2.791,2.4,0.0,118.99,2.791,19038.399999999998,20942.239999999998,0.0
2011-05-02 04:00:00,B2752,2.791,2.4,0.0,118.99,2.791,19038.399999999998,20942.239999999998,0.0
2011-05-02 05:00:00,B2752,0.704,0.0,0.0,118.99,0.704,19038.399999999998,20942.239999999998,0.0
2011-05-02 06:00:00,B2752,2.582,0.0,0.57,118.99,1.5619999999999998,19038.399999999998,20942.239999999998,1.02
2011-05-02 07:00:00,B2752,0.705,0.0,5.29,118.99,-5.945,19038.399999999998,20942.239999999998,6.65
2011-05-02 08:00:00,B2752,0.392,0.0,6.82,118.99,-6.938,19038.399999999998,20942.239999999998,7.33
2011-05-02 09:00:00,B2752,0.391,0.0,7.79,118.99,-7.819000000000001,19038.399999999998,20942.239999999998,8.21
2011-05-02 10:00:00,B2752,0.391,0.0,8.56,118.99,-8.519,19038.399999999998,20942.239999999998,8.91
2011-05-02 11:00:00,B2752,0.391,0.0,9.04,118.99,-8.919,19038.399999999998,20942.239999999998,9.31
2011-05-02 12:00:00,B2752,2.582,0.0,9.11,118.99,-6.768,19038.399999999998,20942.239999999998,9.35
2011-05-02 13:00:00,B2752,0.704,0.0,8.81,118.99,-8.366,19038.399999999998,20942.239999999998,9.07
2011-05-02 14:00:00,B2752,0.391,0.0,8.1,118.99,-7.989000000000001,19038.399999999998,20942.239999999998,8.38
2011-05-02 15:00:00,B2752,0.391,0.0,7.01,118.99,-6.909,19038.399999999998,20942.239999999998,7.3
2011-05-02 16:00:00,B2752,0.391,0.0,5.56,118.99,-5.429,19038.399999999998,20942.239999999998,5.82
2011-05-02 17:00:00,B2752,0.704,0.0,3.66,118.99,-3.1959999999999997,19038.399999999998,20942.239999999998,3.9
2011-05-02 18:00:00,B2752,2.582,0.0,0.86,118.99,1.642,19038.399999999998,20942.239999999998,0.94
2011-05-02 19:00:00,B2752,3.208,0.0,0.0,118.99,3.208,19038.399999999998,20942.239999999998,0.0
2011-05-02 20:00:00,B2752,0.704,0.0,0.0,118.99,0.704,19038.399999999998,20942.239999999998,0.0
2011-05-02 21:00:00,B2752,0.704,0.0,0.0,118.99,0.704,19038.399999999998,20942.239999999998,0.0
2011-05-02 22:00:00,B2752,0.704,0.0,0.0,118.99,0.704,19038.399999999998,20942.239999999998,0.0
2011-05-02 23:00:00,B2752,0.391,0.0,0.0,118.99,0.391,19038.399999999998,20942.239999999998,0.0
2011-05-03 00:00:00,B2752,2.791,2.4,0.0,118.99,2.791,19038.399999999998,20942.239999999998,0.0
2011-05-03 01:00:00,B2752,2.791,2.4,0.0,118.99,2.791,19038.399999999998,20942.239999999998,0.0
2011-05-03 02:00:00,B2752,2.791,2.4,0.0,118.99,2.791,19038.399999999998,20942.239999999998,0.0
2011-05-03 03:00:00,B2752,2.791,2.4,0.0,118.99,2.791,19038.399999999998,20942.239999999998,0.0
2011-05-03 04:00:00,B2752,2.791,2.4,0.0,118.99,2.791,19038.399999999998,20942.239999999998,0.0
2011-05-03 05:00:00,B2752,0.704,0.0,0.0,118.99,0.704,19038.399999999998,20942.239999999998,0.0
2011-05-03 06:00:00,B2752,2.582,0.0,0.57,118.99,1.5619999999999998,19038.399999999998,20942.239999999998,1.02
2011-05-03 07:00:00,B2752,0.705,0.0,5.31,118.99,-5.965,19038.399999999998,20942.239999999998,6.67
2011-05-03 08:00:00,B2752,0.392,0.0,6.83,118.99,-6.9479999999999995,19038.399999999998,20942.239999999998,7.34
2011-05-03 09:00:00,B2752,0.391,0.0,7.8,118.99,-7.829000000000001,19038.399999999998,20942.239999999998,8.22
2011-05-03 10:00:00,B2752,0.391,0.0,8.57,118.99,-8.529,19038.399999999998,20942.239999999998,8.92
2011-05-03 11:00:00,B2752,0.391,0.0,9.05,118.99,-8.919,19038.399999999998,20942.239999999998,9.31
2011-05-03 12:00:00,B2752,2.582,0.0,9.13,118.99,-6.778,19038.399999999998,20942.239999999998,9.36
2011-05-03 13:00:00,B2752,0.704,0.0,8.84,118.99,-8.395999999999999,19038.399999999998,20942.239999999998,9.1
2011-05-03 14:00:00,B2752,0.391,0.0,8.2,118.99,-8.089,19038.399999999998,20942.239999999998,8.48
2011-05-03 15:00:00,B2752,0.391,0.0,7.12,118.99,-7.019,19038.399999999998,20942.239999999998,7.41
2011-05-03 16:00:00,B2752,0.391,0.0,5.66,118.99,-5.539,19038.399999999998,20942.239999999998,5.93
2011-05-03 17:00:00,B2752,0.704,0.0,3.76,118.99,-3.2860000000000005,19038.399999999998,20942.239999999998,3.99
2011-05-03 18:00:00,B2752,2.582,0.0,0.89,118.99,1.6119999999999999,19038.399999999998,20942.239999999998,0.97
2011-05-03 19:00:00,B2752,3.208,0.0,0.0,118.99,3.208,19038.399999999998,20942.239999999998,0.0
2011-05-03 20:00:00,B2752,0.704,0.0,0.0,118.99,0.704,19038.399999999998,20942.239999999998,0.0
2011-05-03 21:00:00,B2752,0.704,0.0,0.0,118.99,0.704,19038.399999999998,20942.239999999998,0.0
2011-05-03 22:00:00,B2752,0.704,0.0,0.0,118.99,0.704,19038.399999999998,20942.239999999998,0.0
2011-05-03 23:00:00,B2752,0.391,0.0,0.0,118.99,0.391,19038.399999999998,20942.239999999998,0.0
2011-05-04 00:00:00,B2752,2.791,2.4,0.0,118.99,2.791,19038.399999999998,20942.239999999998,0.0
2011-05-04 01:00:00,B2752,2.791,2.4,0.0,118.99,2.791,19038.399999999998,20942.239999999998,0.0
2011-05-04 02:00:00,B2752,2.791,2.4,0.0,118.99,2.791,19038.399999999998,20942.239999999998,0.0
2011-05-04 03:00:00,B2752,2.791,2.4,0.0,118.99,2.791,19038.399999999998,20942.239999999998,0.0
2011-05-04 04:00:00,B2752,2.791,2.4,0.0,118.99,2.791,19038.399999999998,20942.239999999998,0.0
2011-05-04 05:00:00,B2752,0.704,0.0,0.0,118.99,0.704,19038.399999999998,20942.239999999998,0.0
2011-05-04 06:00:00,B2752,2.582,0.0,0.59,118.99,1.5319999999999998,19038.399999999998,20942.239999999998,1.05
2011-05-04 07:00:00,B2752,0.705,0.0,5.45,118.99,-6.135,19038.399999999998,20942.239999999998,6.84
2011-05-04 08:00:00,B2752,0.392,0.0,6.99,118.99,-7.108,19038.399999999998,20942.239999999998,7.5
2011-05-04 09:00:00,B2752,0.391,0.0,7.97,118.99,-7.9990000000000006,19038.399999999998,20942.239999999998,8.39
2011-05-04 10:00:00,B2752,0.391,0.0,8.72,118.99,-8.669,19038.399999999998,20942.239999999998,9.06
2011-05-04 11:00:00,B2752,0.391,0.0,9.18,118.99,-9.049,19038.399999999998,20942.239999999998,9.44
2011-05-04 12:00:00,B2752,2.582,0.0,9.29,118.99,-6.9479999999999995,19038.399999999998,20942.239999999998,9.53
2011-05-04 13:00:00,B2752,0.704,0.0,8.99,118.99,-8.546,19038.399999999998,20942.239999999998,9.25
2011-05-04 14:00:00,B2752,0.391,0.0,8.32,118.99,-8.219,19038.399999999998,20942.239999999998,8.61
2011-05-04 15:00:00,B2752,0.391,0.0,7.25,118.99,-7.159,19038.399999999998,20942.239999999998,7.55
2011-05-04 16:00:00,B2752,0.391,0.0,5.79,118.99,-5.659,19038.399999999998,20942.239999999998,6.05
2011-05-04 17:00:00,B2752,0.704,0.0,3.88,118.99,-3.4160000000000004,19038.399999999998,20942.239999999998,4.12
2011-05-04 18:00:00,B2752,2.582,0.0,0.94,118.99,1.5519999999999998,19038.399999999998,20942.239999999998,1.03
2011-05-04 19:00:00,B2752,3.208,0.0,0.0,118.99,3.208,19038.399999999998,20942.239999999998,0.0
2011-05-04 20:00:00,B2752,0.704,0.0,0.0,118.99,0.704,19038.399999999998,20942.239999999998,0.0
2011-05-04 21:00:00,B2752,0.704,0.0,0.0,118.99,0.704,19038.399999999998,20942.239999999998,0.0
2011-05-04 22:00:00,B2752,0.704,0.0,0.0,118.99,0.704,19038.399999999998,20942.239999999998,0.0
2011-05-04 23:00:00,B2752,0.391,0.0,0.0,118.99,0.391,19038.399999999998,20942.239999999998,0.0
2011-05-05 00:00:00,B2752,2.791,2.4,0.0,118.99,2.791,19038.399999999998,20942.239999999998,0.0
2011-05-05 01:00:00,B2752,2.791,2.4,0.0,118.99,2.791,19038.399999999998,20942.239999999998,0.0
2011-05-05 02:00:00,B2752,2.791,2.4,0.0,118.99,2.791,19038.399999999998,20942.239999999998,0.0
2011-05-05 03:00:00,B2752,2.791,2.4,0.0,118.99,2.791,19038.399999999998,20942.239999999998,0.0
2011-05-05 04:00:00,B2752,2.791,2.4,0.0,118.99,2.791,19038.399999999998,20942.239999999998,0.0
2011-05-05 05:00:00,B2752,0.704,0.0,0.0,118.99,0.704,19038.399999999998,20942.239999999998,0.0
2011-05-05 06:00:00,B2752,2.582,0.0,0.83,118.99,1.2719999999999998,19038.399999999998,20942.239999999998,1.31
2011-05-05 07:00:00,B2752,0.705,0.0,5.4,118.99,-6.075,19038.399999999998,20942.239999999998,6.78
2011-05-05 08:00:00,B2752,0.392,0.0,7.15,118.99,-7.278,19038.399999999998,20942.239999999998,7.67
2011-05-05 09:00:00,B2752,0.391,0.0,8.13,118.99,-8.169,19038.399999999998,20942.239999999998,8.56
2011-05-05 10:00:00,B2752,0.391,0.0,8.79,118.99,-8.749,19038.399999999998,20942.239999999998,9.14
2011-05-05 11:00:00,B2752,0.391,0.0,9.32,118.99,-9.189,19038.399999999998,20942.239999999998,9.58
2011-05-05 12:00:00,B2752,2.582,0.0,9.32,118.99,-6.968000000000001,19038.399999999998,20942.239999999998,9.55
2011-05-05 13:00:00,B2752,0.704,0.0,9.08,118.99,-8.645999999999999,19038.399999999998,20942.239999999998,9.35
2011-05-05 14:00:00,B2752,0.391,0.0,8.43,118.99,-8.349,19038.399999999998,20942.239999999998,8.74
2011-05-05 15:00:00,B2752,0.391,0.0,7.31,118.99,-7.239,19038.399999999998,20942.239999999998,7.63
2011-05-05 16:00:00,B2752,0.391,0.0,5.79,118.99,-5.729,19038.399999999998,20942.239999999998,6.12
2011-05-05 17:00:00,B2752,0.704,0.0,3.95,118.99,-3.5060000000000002,19038.399999999998,20942.239999999998,4.21
2011-05-05 18:00:00,B2752,2.582,0.0,1.13,118.99,1.3619999999999999,19038.399999999998,20942.239999999998,1.22
2011-05-05 19:00:00,B2752,3.208,0.0,0.0,118.99,3.208,19038.399999999998,20942.239999999998,0.0
2011-05-05 20:00:00,B2752,0.704,0.0,0.0,118.99,0.704,19038.399999999998,20942.239999999998,0.0
2011-05-05 21:00:00,B2752,0.704,0.0,0.0,118.99,0.704,19038.399999999998,20942.239999999998,0.0
2011-05-05 22:00:00,B2752,0.704,0.0,0.0,118.99,0.704,19038.399999999998,20942.239999999998,0.0
2011-05-05 23:00:00,B2752,0.391,0.0,0.0,118.99,0.391,19038.399999999998,20942.239999999998,0.0
2011-05-06 00:00:00,B2752,2.791,2.4,0.0,118.99,2.791,19038.399999999998,20942.239999999998,0.0
2011-05-06 01:00:00,B2752,2.791,2.4,0.0,118.99,2.791,19038.399999999998,20942.239999999998,0.0
2011-05-06 02:00:00,B2752,2.791,2.4,0.0,118.99,2.791,19038.399999999998,20942.239999999998,0.0
2011-05-06 03:00:00,B2752,2.791,2.4,0.0,118.99,2.791,19038.399999999998,20942.239999999998,0.0
2011-05-06 04:00:00,B2752,2.791,2.4,0.0,118.99,2.791,19038.399999999998,20942.239999999998,0.0
2011-05-06 05:00:00,B2752,0.704,0.0,0.0,118.99,0.704,19038.399999999998,20942.239999999998,0.0
2011-05-06 06:00:00,B2752,2.582,0.0,0.86,118.99,1.2319999999999998,19038.399999999998,20942.239999999998,1.35
2011-05-06 07:00:00,B2752,0.705,0.0,5.45,118.99,-6.1049999999999995,19038.399999999998,20942.239999999998,6.81
2011-05-06 08:00:00,B2752,0.392,0.0,7.11,118.99,-7.327999999999999,19038.399999999998,20942.239999999998,7.72
2011-05-06 09:00:00,B2752,0.391,0.0,8.13,118.99,-8.249,19038.399999999998,20942.239999999998,8.64
2011-05-06 10:00:00,B2752,0.391,0.0,8.88,118.99,-8.949,19038.399999999998,20942.239999999998,9.34
2011-05-06 11:00:00,B2752,0.391,0.0,9.36,118.99,-9.359,19038.399999999998,20942.239999999998,9.75
2011-05-06 12:00:00,B2752,2.582,0.0,9.44,118.99,-7.207999999999999,19038.399999999998,20942.239999999998,9.79
2011-05-06 13:00:00,B2752,0.704,0.0,9.21,118.99,-8.825999999999999,19038.399999999998,20942.239999999998,9.53
2011-05-06 14:00:00,B2752,0.391,0.0,8.61,118.99,-8.509,19038.399999999998,20942.239999999998,8.9
2011-05-06 15:00:00,B2752,0.391,0.0,7.54,118.99,-7.439,19038.399999999998,20942.239999999998,7.83
2011-05-06 16:00:00,B2752,0.391,0.0,6.02,118.99,-5.929,19038.399999999998,20942.239999999998,6.32
2011-05-06 17:00:00,B2752,0.704,0.0,3.62,118.99,-3.1559999999999997,19038.399999999998,20942.239999999998,3.86
2011-05-06 18:00:00,B2752,2.582,0.0,0.85,118.99,1.662,19038.399999999998,20942.239999999998,0.92
2011-05-06 19:00:00,B2752,3.208,0.0,0.0,118.99,3.208,19038.399999999998,20942.239999999998,0.0
2011-05-06 20:00:00,B2752,0.704,0.0,0.0,118.99,0.704,19038.399999999998,20942.239999999998,0.0
2011-05-06 21:00:00,B2752,0.704,0.0,0.0,118.99,0.704,19038.399999999998,20942.239999999998,0.0
2011-05-06 22:00:00,B2752,0.704,0.0,0.0,118.99,0.704,19038.399999999998,20942.239999999998,0.0
2011-05-06 23:00:00,B2752,0.391,0.0,0.0,118.99,0.391,19038.399999999998,20942.239999999998,0.0
2011-05-07 00:00:00,B2752,0.391,0.0,0.0,118.99,0.391,19038.399999999998,20942.239999999998,0.0
2011-05-07 01:00:00,B2752,0.391,0.0,0.0,118.99,0.391,19038.399999999998,20942.239999999998,0.0
2011-05-07 02:00:00,B2752,0.391,0.0,0.0,118.99,0.391,19038.399999999998,20942.239999999998,0.0
2011-05-07 03:00:00,B2752,0.391,0.0,0.0,118.99,0.391,19038.399999999998,20942.239999999998,0.0
2011-05-07 04:00:00,B2752,0.391,0.0,0.0,118.99,0.391,19038.399999999998,20942.239999999998,0.0
2011-05-07 05:00:00,B2752,0.704,0.0,0.0,118.99,0.704,19038.399999999998,20942.239999999998,0.0
2011-05-07 06:00:00,B2752,2.581,0.0,1.27,118.99,0.861,19038.399999999998,20942.239999999998,1.72
2011-05-07 07:00:00,B2752,0.704,0.0,4.71,118.99,-5.1160000000000005,19038.399999999998,20942.239999999998,5.82
2011-05-07 08:00:00,B2752,2.792,2.4,6.43,118.99,-4.378,19038.399999999998,20942.239999999998,7.17
2011-05-07 09:00:00,B2752,2.792,2.4,7.41,118.99,-5.318,19038.399999999998,20942.239999999998,8.11
2011-05-07 10:00:00,B2752,2.792,2.4,8.23,118.99,-6.048,19038.399999999998,20942.239999999998,8.84
2011-05-07 11:00:00,B2752,2.792,2.4,8.56,118.99,-6.268000000000001,19038.399999999998,20942.239999999998,9.06
2011-05-07 12:00:00,B2752,4.982,2.4,8.0,118.99,-3.3980000000000006,19038.399999999998,20942.239999999998,8.38
2011-05-07 13:00:00,B2752,0.704,0.0,6.97,118.99,-6.626,19038.399999999998,20942.239999999998,7.33
2011-05-07 14:00:00,B2752,0.391,0.0,7.19,118.99,-7.189,19038.399999999998,20942.239999999998,7.58
2011-05-07 15:00:00,B2752,0.391,0.0,7.07,118.99,-7.039,19038.399999999998,20942.239999999998,7.43
2011-05-07 16:00:00,B2752,0.391,0.0,5.69,118.99,-5.599,19038.399999999998,20942.239999999998,5.99
2011-05-07 17:00:00,B2752,0.704,0.0,3.81,118.99,-3.346,19038.399999999998,20942.239999999998,4.05
2011-05-07 18:00:00,B2752,2.582,0.0,0.97,118.99,1.5219999999999998,19038.399999999998,20942.239999999998,1.06
2011-05-07 19:00:00,B2752,3.208,0.0,0.0,118.99,3.208,19038.399999999998,20942.239999999998,0.0
2011-05-07 20:00:00,B2752,0.704,0.0,0.0,118.99,0.704,19038.399999999998,20942.239999999998,0.0
2011-05-07 21:00:00,B2752,0.704,0.0,0.0,118.99,0.704,19038.399999999998,20942.239999999998,0.0
2011-05-07 22:00:00,B2752,0.704,0.0,0.0,118.99,0.704,19038.399999999998,20942.239999999998,0.0
2011-05-07 23:00:00,B2752,0.391,0.0,0.0,118.99,0.391,19038.399999999998,20942.239999999998,0.0
2011-05-08 00:00:00,B2752,0.391,0.0,0.0,118.99,0.391,19038.399999999998,20942.239999999998,0.0
2011-05-08 01:00:00,B2752,0.391,0.0,0.0,118.99,0.391,19038.399999999998,20942.239999999998,0.0
2011-05-08 02:00:00,B2752,0.391,0.0,0.0,118.99,0.391,19038.399999999998,20942.239999999998,0.0
2011-05-08 03:00:00,B2752,0.391,0.0,0.0,118.99,0.391,19038.399999999998,20942.239999999998,0.0
2011-05-08 04:00:00,B2752,0.391,0.0,0.0,118.99,0.391,19038.399999999998,20942.239999999998,0.0
2011-05-08 05:00:00,B2752,0.704,0.0,0.0,118.99,0.704,19038.399999999998,20942.239999999998,0.0
2011-05-08 06:00:00,B2752,2.581,0.0,1.04,118.99,1.101,19038.399999999998,20942.239999999998,1.48
2011-05-08 07:00:00,B2752,0.704,0.0,5.11,118.99,-5.656000000000001,19038.399999999998,20942.239999999998,6.36
2011-05-08 08:00:00,B2752,2.791,2.4,6.87,118.99,-4.718999999999999,19038.399999999998,20942.239999999998,7.51
2011-05-08 09:00:00,B2752,2.792,2.4,7.94,118.99,-5.6579999999999995,19038.399999999998,20942.239999999998,8.45
2011-05-08 10:00:00,B2752,2.792,2.4,8.83,118.99,-6.428000000000001,19038.399999999998,20942.239999999998,9.22
2011-05-08 11:00:00,B2752,2.792,2.4,9.26,118.99,-6.768000000000001,19038.399999999998,20942.239999999998,9.56
2011-05-08 12:00:00,B2752,4.982,2.4,9.32,118.99,-4.608,19038.399999999998,20942.239999999998,9.59
2011-05-08 13:00:00,B2752,0.704,0.0,8.97,118.99,-8.546,19038.399999999998,20942.239999999998,9.25
2011-05-08 14:00:00,B2752,0.391,0.0,8.4,118.99,-8.289,19038.399999999998,20942.239999999998,8.68
2011-05-08 15:00:00,B2752,0.391,0.0,7.31,118.99,-7.209,19038.399999999998,20942.239999999998,7.6
2011-05-08 16:00:00,B2752,0.391,0.0,5.84,118.99,-5.709,19038.399999999998,20942.239999999998,6.1
2011-05-08 17:00:00,B2752,0.704,0.0,3.95,118.99,-3.4860000000000007,19038.399999999998,20942.239999999998,4.19
2011-05-08 18:00:00,B2752,2.582,0.0,1.0,118.99,1.4819999999999998,19038.399999999998,20942.239999999998,1.1
2011-05-08 19:00:00,B2752,3.208,0.0,0.0,118.99,3.208,19038.399999999998,20942.239999999998,0.0
2011-05-08 20:00:00,B2752,0.704,0.0,0.0,118.99,0.704,19038.399999999998,20942.239999999998,0.0
2011-05-08 21:00:00,B2752,0.704,0.0,0.0,118.99,0.704,19038.399999999998,20942.239999999998,0.0
2011-05-08 22:00:00,B2752,0.704,0.0,0.0,118.99,0.704,19038.399999999998,20942.239999999998,0.0
2011-05-08 23:00:00,B2752,0.391,0.0,0.0,118.99,0.391,19038.399999999998,20942.239999999998,0.0
2011-05-09 00:00:00,B2752,2.791,2.4,0.0,118.99,2.791,19038.399999999998,20942.239999999998,0.0
2011-05-09 01:00:00,B2752,2.791,2.4,0.0,118.99,2.791,19038.399999999998,20942.239999999998,0.0
2011-05-09 02:00:00,B2752,2.791,2.4,0.0,118.99,2.791,19038.399999999998,20942.239999999998,0.0
2011-05-09 03:00:00,B2752,2.791,2.4,0.0,118.99,2.791,19038.399999999998,20942.239999999998,0.0
2011-05-09 04:00:00,B2752,2.791,2.4,0.0,118.99,2.791,19038.399999999998,20942.239999999998,0.0
2011-05-09 05:00:00,B2752,0.704,0.0,0.0,118.99,0.704,19038.399999999998,20942.239999999998,0.0
2011-05-09 06:00:00,B2752,2.582,0.0,1.06,118.99,1.1219999999999999,19038.399999999998,20942.239999999998,1.46
2011-05-09 07:00:00,B2752,0.705,0.0,4.94,118.99,-5.445,19038.399999999998,20942.239999999998,6.15
2011-05-09 08:00:00,B2752,0.392,0.0,6.93,118.99,-7.127999999999999,19038.399999999998,20942.239999999998,7.52
2011-05-09 09:00:00,B2752,0.391,0.0,8.02,118.99,-8.069,19038.399999999998,20942.239999999998,8.46
2011-05-09 10:00:00,B2752,0.391,0.0,8.87,118.99,-8.849,19038.399999999998,20942.239999999998,9.24
2011-05-09 11:00:00,B2752,0.391,0.0,9.34,118.99,-9.229,19038.399999999998,20942.239999999998,9.62
2011-05-09 12:00:00,B2752,2.582,0.0,9.37,118.99,-7.018,19038.399999999998,20942.239999999998,9.6
2011-05-09 13:00:00,B2752,0.704,0.0,9.08,118.99,-8.626,19038.399999999998,20942.239999999998,9.33
2011-05-09 14:00:00,B2752,0.391,0.0,8.45,118.99,-8.339,19038.399999999998,20942.239999999998,8.73
2011-05-09 15:00:00,B2752,0.391,0.0,7.26,118.99,-7.159,19038.399999999998,20942.239999999998,7.55
2011-05-09 16:00:00,B2752,0.391,0.0,5.72,118.99,-5.639,19038.399999999998,20942.239999999998,6.03
2011-05-09 17:00:00,B2752,0.704,0.0,3.85,118.99,-3.386,19038.399999999998,20942.239999999998,4.09
2011-05-09 18:00:00,B2752,2.582,0.0,1.0,118.99,1.4819999999999998,19038.399999999998,20942.239999999998,1.1
2011-05-09 19:00:00,B2752,3.208,0.0,0.0,118.99,3.208,19038.399999999998,20942.239999999998,0.0
2011-05-09 20:00:00,B2752,0.704,0.0,0.0,118.99,0.704,19038.399999999998,20942.239999999998,0.0
2011-05-09 21:00:00,B2752,0.704,0.0,0.0,118.99,0.704,19038.399999999998,20942.239999999998,0.0
2011-05-09 22:00:00,B2752,0.704,0.0,0.0,118.99,0.704,19038.399999999998,20942.239999999998,0.0
2011-05-09 23:00:00,B2752,0.391,0.0,0.0,118.99,0.391,19038.399999999998,20942.239999999998,0.0
2011-05-10 00:00:00,B2752,2.791,2.4,0.0,118.99,2.791,19038.399999999998,20942.239999999998,0.0
2011-05-10 01:00:00,B2752,2.791,2.4,0.0,118.99,2.791,19038.399999999998,20942.239999999998,0.0
2011-05-10 02:00:00,B2752,2.791,2.4,0.0,118.99,2.791,19038.399999999998,20942.239999999998,0.0
2011-05-10 03:00:00,B2752,2.791,2.4,0.0,118.99,2.791,19038.399999999998,20942.239999999998,0.0
2011-05-10 04:00:00,B2752,2.791,2.4,0.0,118.99,2.791,19038.399999999998,20942.239999999998,0.0
2011-05-10 05:00:00,B2752,0.704,0.0,0.0,118.99,0.704,19038.399999999998,20942.239999999998,0.0
2011-05-10 06:00:00,B2752,2.582,0.0,1.11,118.99,1.0719999999999998,19038.399999999998,20942.239999999998,1.51
2011-05-10 07:00:00,B2752,0.705,0.0,4.75,118.99,-5.165,19038.399999999998,20942.239999999998,5.87
2011-05-10 08:00:00,B2752,0.392,0.0,6.56,118.99,-6.798,19038.399999999998,20942.239999999998,7.19
2011-05-10 09:00:00,B2752,0.391,0.0,7.85,118.99,-7.989000000000001,19038.399999999998,20942.239999999998,8.38
2011-05-10 10:00:00,B2752,0.391,0.0,8.75,118.99,-8.829,19038.399999999998,20942.239999999998,9.22
2011-05-10 11:00:00,B2752,0.391,0.0,9.29,118.99,-9.249,19038.399999999998,20942.239999999998,9.64
2011-05-10 12:00:00,B2752,2.582,0.0,9.4,118.99,-7.128000000000001,19038.399999999998,20942.239999999998,9.71
2011-05-10 13:00:00,B2752,0.704,0.0,9.18,118.99,-8.786,19038.399999999998,20942.239999999998,9.49
2011-05-10 14:00:00,B2752,0.391,0.0,8.49,118.99,-8.409,19038.399999999998,20942.239999999998,8.8
2011-05-10 15:00:00,B2752,0.391,0.0,7.35,118.99,-7.279,19038.399999999998,20942.239999999998,7.67
2011-05-10 16:00:00,B2752,0.391,0.0,5.79,118.99,-5.729,19038.399999999998,20942.239999999998,6.12
2011-05-10 17:00:00,B2752,0.704,0.0,3.66,118.99,-3.216,19038.399999999998,20942.239999999998,3.92
2011-05-10 18:00:00,B2752,2.582,0.0,1.09,118.99,1.402,19038.399999999998,20942.239999999998,1.18
2011-05-10 19:00:00,B2752,3.208,0.0,0.0,118.99,3.208,19038.399999999998,20942.239999999998,0.0
2011-05-10 20:00:00,B2752,0.704,0.0,0.0,118.99,0.704,19038.399999999998,20942.239999999998,0.0
2011-05-10 21:00:00,B2752,0.704,0.0,0.0,118.99,0.704,19038.399999999998,20942.239999999998,0.0
2011-05-10 22:00:00,B2752,0.704,0.0,0.0,118.99,0.704,19038.399999999998,20942.239999999998,0.0
2011-05-10 23:00:00,B2752,0.391,0.0,0.0,118.99,0.391,19038.399999999998,20942.239999999998,0.0
2011-05-11 00:00:00,B2752,2.791,2.4,0.0,118.99,2.791,19038.399999999998,20942.239999999998,0.0
2011-05-11 01:00:00,B2752,2.791,2.4,0.0,118.99,2.791,19038.399999999998,20942.239999999998,0.0
2011-05-11 02:00:00,B2752,2.791,2.4,0.0,118.99,2.791,19038.399999999998,20942.239999999998,0.0
2011-05-11 03:00:00,B2752,2.791,2.4,0.0,118.99,2.791,19038.399999999998,20942.239999999998,0.0
2011-05-11 04:00:00,B2752,2.791,2.4,0.0,118.99,2.791,19038.399999999998,20942.239999999998,0.0
2011-05-11 05:00:00,B2752,0.704,0.0,0.0,118.99,0.704,19038.399999999998,20942.239999999998,0.0
2011-05-11 06:00:00,B2752,2.582,0.0,1.33,118.99,0.8819999999999999,19038.399999999998,20942.239999999998,1.7
2011-05-11 07:00:00,B2752,0.705,0.0,4.28,118.99,-4.535,19038.399999999998,20942.239999999998,5.24
2011-05-11 08:00:00,B2752,0.392,0.0,6.37,118.99,-6.6979999999999995,19038.399999999998,20942.239999999998,7.09
2011-05-11 09:00:00,B2752,0.391,0.0,7.89,118.99,-8.039,19038.399999999998,20942.239999999998,8.43
2011-05-11 10:00:00,B2752,0.391,0.0,9.05,118.99,-9.069,19038.399999999998,20942.239999999998,9.46
2011-05-11 11:00:00,B2752,0.391,0.0,9.63,118.99,-9.529,19038.399999999998,20942.239999999998,9.92
2011-05-11 12:00:00,B2752,2.582,0.0,9.78,118.99,-7.428,19038.399999999998,20942.239999999998,10.01
2011-05-11 13:00:00,B2752,0.704,0.0,9.5,118.99,-9.046,19038.399999999998,20942.239999999998,9.75
2011-05-11 14:00:00,B2752,0.391,0.0,8.87,118.99,-8.759,19038.399999999998,20942.239999999998,9.15
2011-05-11 15:00:00,B2752,0.391,0.0,7.8,118.99,-7.699,19038.399999999998,20942.239999999998,8.09
2011-05-11 16:00:00,B2752,0.391,0.0,6.32,118.99,-6.229,19038.399999999998,20942.239999999998,6.62
2011-05-11 17:00:00,B2752,0.704,0.0,4.37,118.99,-3.9160000000000004,19038.399999999998,20942.239999999998,4.62
2011-05-11 18:00:00,B2752,2.582,0.0,1.3,118.99,1.162,19038.399999999998,20942.239999999998,1.42
2011-05-11 19:00:00,B2752,3.208,0.0,0.0,118.99,3.208,19038.399999999998,20942.239999999998,0.0
2011-05-11 20:00:00,B2752,0.704,0.0,0.0,118.99,0.704,19038.399999999998,20942.239999999998,0.0
2011-05-11 21:00:00,B2752,0.704,0.0,0.0,118.99,0.704,19038.399999999998,20942.239999999998,0.0
2011-05-11 22:00:00,B2752,0.704,0.0,0.0,118.99,0.704,19038.399999999998,20942.239999999998,0.0
2011-05-11 23:00:00,B2752,0.391,0.0,0.0,118.99,0.391,19038.399999999998,20942.239999999998,0.0
2011-05-12 00:00:00,B2752,2.791,2.4,0.0,118.99,2.791,19038.399999999998,20942.239999999998,0.0
2011-05-12 01:00:00,B2752,2.791,2.4,0.0,118.99,2.791,19038.399999999998,20942.239999999998,0.0
2011-05-12 02:00:00,B2752,2.791,2.4,0.0,118.99,2.791,19038.399999999998,20942.239999999998,0.0
2011-05-12 03:00:00,B2752,2.791,2.4,0.0,118.99,2.791,19038.399999999998,20942.239999999998,0.0
2011-05-12 04:00:00,B2752,2.791,2.4,0.0,118.99,2.791,19038.399999999998,20942.239999999998,0.0
2011-05-12 05:00:00,B2752,0.704,0.0,0.0,118.99,0.704,19038.399999999998,20942.239999999998,0.0
2011-05-12 06:00:00,B2752,2.582,0.0,0.68,118.99,1.432,19038.399999999998,20942.239999999998,1.15
2011-05-12 07:00:00,B2752,0.705,0.0,6.14,118.99,-6.995,19038.399999999998,20942.239999999998,7.7
2011-05-12 08:00:00,B2752,0.392,0.0,7.62,118.99,-7.787999999999999,19038.399999999998,20942.239999999998,8.18
2011-05-12 09:00:00,B2752,0.391,0.0,8.51,118.99,-8.549,19038.399999999998,20942.239999999998,8.94
2011-05-12 10:00:00,B2752,0.391,0.0,9.21,118.99,-9.159,19038.399999999998,20942.239999999998,9.55
2011-05-12 11:00:00,B2752,0.391,0.0,9.66,118.99,-9.539,19038.399999999998,20942.239999999998,9.93
2011-05-12 12:00:00,B2752,2.582,0.0,9.73,118.99,-7.378000000000001,19038.399999999998,20942.239999999998,9.96
2011-05-12 13:00:00,B2752,0.704,0.0,9.46,118.99,-9.016,19038.399999999998,20942.239999999998,9.72
2011-05-12 14:00:00,B2752,0.391,0.0,8.8,118.99,-8.709,19038.399999999998,20942.239999999998,9.1
2011-05-12 15:00:00,B2752,0.391,0.0,7.75,118.99,-7.6690000000000005,19038.399999999998,20942.239999999998,8.06
2011-05-12 16:00:00,B2752,0.391,0.0,6.24,118.99,-6.149,19038.399999999998,20942.239999999998,6.54
2011-05-12 17:00:00,B2752,0.704,0.0,4.28,118.99,-3.8360000000000003,19038.399999999998,20942.239999999998,4.54
2011-05-12 18:00:00,B2752,2.582,0.0,1.31,118.99,1.162,19038.399999999998,20942.239999999998,1.42
2011-05-12 19:00:00,B2752,3.208,0.0,0.0,118.99,3.208,19038.399999999998,20942.239999999998,0.0
2011-05-12 20:00:00,B2752,0.704,0.0,0.0,118.99,0.704,19038.399999999998,20942.239999999998,0.0
2011-05-12 21:00:00,B2752,0.704,0.0,0.0,118.99,0.704,19038.399999999998,20942.239999999998,0.0
2011-05-12 22:00:00,B2752,0.704,0.0,0.0,118.99,0.704,19038.399999999998,20942.239999999998,0.0
2011-05-12 23:00:00,B2752,0.391,0.0,0.0,118.99,0.391,19038.399999999998,20942.239999999998,0.0
2011-05-13 00:00:00,B2752,2.791,2.4,0.0,118.99,2.791,19038.399999999998,20942.239999999998,0.0
2011-05-13 01:00:00,B2752,2.791,2.4,0.0,118.99,2.791,19038.399999999998,20942.239999999998,0.0
2011-05-13 02:00:00,B2752,2.791,2.4,0.0,118.99,2.791,19038.399999999998,20942.239999999998,0.0
2011-05-13 03:00:00,B2752,2.791,2.4,0.0,118.99,2.791,19038.399999999998,20942.239999999998,0.0
2011-05-13 04:00:00,B2752,2.791,2.4,0.0,118.99,2.791,19038.399999999998,20942.239999999998,0.0
2011-05-13 05:00:00,B2752,0.704,0.0,0.0,118.99,0.704,19038.399999999998,20942.239999999998,0.0
2011-05-13 06:00:00,B2752,2.582,0.0,5.49,118.99,-7.928,19038.399999999998,20942.239999999998,10.51
2011-05-13 07:00:00,B2752,0.705,0.0,6.25,118.99,-7.145,19038.399999999998,20942.239999999998,7.85
2011-05-13 08:00:00,B2752,0.392,0.0,7.73,118.99,-7.9479999999999995,19038.399999999998,20942.239999999998,8.34
2011-05-13 09:00:00,B2752,0.391,0.0,8.65,118.99,-8.739,19038.399999999998,20942.239999999998,9.13
2011-05-13 10:00:00,B2752,0.391,0.0,9.39,118.99,-9.379,19038.399999999998,20942.239999999998,9.77
2011-05-13 11:00:00,B2752,0.391,0.0,9.82,118.99,-9.709,19038.399999999998,20942.239999999998,10.1
2011-05-13 12:00:00,B2752,2.582,0.0,9.91,118.99,-7.558000000000001,19038.399999999998,20942.239999999998,10.14
2011-05-13 13:00:00,B2752,0.704,0.0,9.54,118.99,-9.085999999999999,19038.399999999998,20942.239999999998,9.79
2011-05-13 14:00:00,B2752,0.391,0.0,8.88,118.99,-8.769,19038.399999999998,20942.239999999998,9.16
2011-05-13 15:00:00,B2752,0.391,0.0,7.79,118.99,-7.689,19038.399999999998,20942.239999999998,8.08
2011-05-13 16:00:00,B2752,0.391,0.0,6.34,118.99,-6.229,19038.399999999998,20942.239999999998,6.62
2011-05-13 17:00:00,B2752,0.704,0.0,4.42,118.99,-3.9560000000000004,19038.399999999998,20942.239999999998,4.66
2011-05-13 18:00:00,B2752,2.582,0.0,1.35,118.99,1.1119999999999999,19038.399999999998,20942.239999999998,1.47
2011-05-13 19:00:00,B2752,3.208,0.0,0.0,118.99,3.208,19038.399999999998,20942.239999999998,0.0
2011-05-13 20:00:00,B2752,0.704,0.0,0.0,118.99,0.704,19038.399999999998,20942.239999999998,0.0
2011-05-13 21:00:00,B2752,0.704,0.0,0.0,118.99,0.704,19038.399999999998,20942.239999999998,0.0
2011-05-13 22:00:00,B2752,0.704,0.0,0.0,118.99,0.704,19038.399999999998,20942.239999999998,0.0
2011-05-13 23:00:00,B2752,0.391,0.0,0.0,118.99,0.391,19038.399999999998,20942.239999999998,0.0
2011-05-14 00:00:00,B2752,0.391,0.0,0.0,118.99,0.391,19038.399999999998,20942.239999999998,0.0
2011-05-14 01:00:00,B2752,0.391,0.0,0.0,118.99,0.391,19038.399999999998,20942.239999999998,0.0
2011-05-14 02:00:00,B2752,0.391,0.0,0.0,118.99,0.391,19038.399999999998,20942.239999999998,0.0
2011-05-14 03:00:00,B2752,0.391,0.0,0.0,118.99,0.391,19038.399999999998,20942.239999999998,0.0
2011-05-14 04:00:00,B2752,0.391,0.0,0.0,118.99,0.391,19038.399999999998,20942.239999999998,0.0
2011-05-14 05:00:00,B2752,0.704,0.0,0.0,118.99,0.704,19038.399999999998,20942.239999999998,0.0
2011-05-14 06:00:00,B2752,2.581,0.0,5.45,118.99,-7.739000000000001,19038.399999999998,20942.239999999998,10.32
2011-05-14 07:00:00,B2752,0.704,0.0,6.01,118.99,-6.8260000000000005,19038.399999999998,20942.239999999998,7.53
2011-05-14 08:00:00,B2752,2.792,2.4,7.46,118.99,-5.288,19038.399999999998,20942.239999999998,8.08
2011-05-14 09:00:00,B2752,2.792,2.4,8.46,118.99,-6.168000000000001,19038.399999999998,20942.239999999998,8.96
2011-05-14 10:00:00,B2752,2.792,2.4,9.19,118.99,-6.818,19038.399999999998,20942.239999999998,9.61
2011-05-14 11:00:00,B2752,2.792,2.4,9.58,118.99,-7.077999999999999,19038.399999999998,20942.239999999998,9.87
2011-05-14 12:00:00,B2752,4.982,2.4,9.56,118.99,-4.807999999999999,19038.399999999998,20942.239999999998,9.79
2011-05-14 13:00:00,B2752,0.704,0.0,9.24,118.99,-8.776,19038.399999999998,20942.239999999998,9.48
2011-05-14 14:00:00,B2752,0.391,0.0,8.6,118.99,-8.469,19038.399999999998,20942.239999999998,8.86
2011-05-14 15:00:00,B2752,0.391,0.0,7.55,118.99,-7.439,19038.399999999998,20942.239999999998,7.83
2011-05-14 16:00:00,B2752,0.391,0.0,6.12,118.99,-6.009,19038.399999999998,20942.239999999998,6.4
2011-05-14 17:00:00,B2752,0.704,0.0,4.31,118.99,-3.846,19038.399999999998,20942.239999999998,4.55
2011-05-14 18:00:00,B2752,2.582,0.0,1.32,118.99,1.142,19038.399999999998,20942.239999999998,1.44
2011-05-14 19:00:00,B2752,3.208,0.0,0.0,118.99,3.208,19038.399999999998,20942.239999999998,0.0
2011-05-14 20:00:00,B2752,0.704,0.0,0.0,118.99,0.704,19038.399999999998,20942.239999999998,0.0
2011-05-14 21:00:00,B2752,0.704,0.0,0.0,118.99,0.704,19038.399999999998,20942.239999999998,0.0
2011-05-14 22:00:00,B2752,0.704,0.0,0.0,118.99,0.704,19038.399999999998,20942.239999999998,0.0
2011-05-14 23:00:00,B2752,0.391,0.0,0.0,118.99,0.391,19038.399999999998,20942.239999999998,0.0
2011-05-15 00:00:00,B2752,0.391,0.0,0.0,118.99,0.391,19038.399999999998,20942.239999999998,0.0
2011-05-15 01:00:00,B2752,0.391,0.0,0.0,118.99,0.391,19038.399999999998,20942.239999999998,0.0
2011-05-15 02:00:00,B2752,0.391,0.0,0.0,118.99,0.391,19038.399999999998,20942.239999999998,0.0
2011-05-15 03:00:00,B2752,0.391,0.0,0.0,118.99,0.391,19038.399999999998,20942.239999999998,0.0
2011-05-15 04:00:00,B2752,0.391,0.0,0.0,118.99,0.391,19038.399999999998,20942.239999999998,0.0
2011-05-15 05:00:00,B2752,0.704,0.0,0.0,118.99,0.704,19038.399999999998,20942.239999999998,0.0
2011-05-15 06:00:00,B2752,2.581,0.0,5.36,118.99,-7.619,19038.399999999998,20942.239999999998,10.2
2011-05-15 07:00:00,B2752,0.704,0.0,6.11,118.99,-6.946000000000001,19038.399999999998,20942.239999999998,7.65
2011-05-15 08:00:00,B2752,2.791,2.4,7.55,118.99,-5.328999999999999,19038.399999999998,20942.239999999998,8.12
2011-05-15 09:00:00,B2752,2.792,2.4,8.42,118.99,-6.038,19038.399999999998,20942.239999999998,8.83
2011-05-15 10:00:00,B2752,2.792,2.4,9.13,118.99,-6.678000000000001,19038.399999999998,20942.239999999998,9.47
2011-05-15 11:00:00,B2752,2.792,2.4,9.5,118.99,-6.968,19038.399999999998,20942.239999999998,9.76
2011-05-15 12:00:00,B2752,4.982,2.4,9.64,118.99,-4.887999999999999,19038.399999999998,20942.239999999998,9.87
2011-05-15 13:00:00,B2752,0.704,0.0,9.35,118.99,-8.895999999999999,19038.399999999998,20942.239999999998,9.6
2011-05-15 14:00:00,B2752,0.391,0.0,8.74,118.99,-8.619,19038.399999999998,20942.239999999998,9.01
2011-05-15 15:00:00,B2752,0.391,0.0,7.67,118.99,-7.559,19038.399999999998,20942.239999999998,7.95
2011-05-15 16:00:00,B2752,0.391,0.0,6.21,118.99,-6.099,19038.399999999998,20942.239999999998,6.49
2011-05-15 17:00:00,B2752,0.704,0.0,4.32,118.99,-3.846,19038.399999999998,20942.239999999998,4.55
2011-05-15 18:00:00,B2752,2.582,0.0,1.34,118.99,1.1219999999999999,19038.399999999998,20942.239999999998,1.46
2011-05-15 19:00:00,B2752,3.208,0.0,0.0,118.99,3.208,19038.399999999998,20942.239999999998,0.0
2011-05-15 20:00:00,B2752,0.704,0.0,0.0,118.99,0.704,19038.399999999998,20942.239999999998,0.0
2011-05-15 21:00:00,B2752,0.704,0.0,0.0,118.99,0.704,19038.399999999998,20942.239999999998,0.0
2011-05-15 22:00:00,B2752,0.704,0.0,0.0,118.99,0.704,19038.399999999998,20942.239999999998,0.0
2011-05-15 23:00:00,B2752,0.391,0.0,0.0,118.99,0.391,19038.399999999998,20942.239999999998,0.0
2011-05-16 00:00:00,B2752,2.791,2.4,0.0,118.99,2.791,19038.399999999998,20942.239999999998,0.0
2011-05-16 01:00:00,B2752,2.791,2.4,0.0,118.99,2.791,19038.399999999998,20942.239999999998,0.0
2011-05-16 02:00:00,B2752,2.791,2.4,0.0,118.99,2.791,19038.399999999998,20942.239999999998,0.0
2011-05-16 03:00:00,B2752,2.791,2.4,0.0,118.99,2.791,19038.399999999998,20942.239999999998,0.0
2011-05-16 04:00:00,B2752,2.791,2.4,0.0,118.99,2.791,19038.399999999998,20942.239999999998,0.0
2011-05-16 05:00:00,B2752,0.704,0.0,0.0,118.99,0.704,19038.399999999998,20942.239999999998,0.0
2011-05-16 06:00:00,B2752,2.582,0.0,4.32,118.99,-5.138,19038.399999999998,20942.239999999998,7.72
2011-05-16 07:00:00,B2752,0.705,0.0,5.12,118.99,-5.665,19038.399999999998,20942.239999999998,6.37
2011-05-16 08:00:00,B2752,0.392,0.0,6.4,118.99,-6.608,19038.399999999998,20942.239999999998,7.0
2011-05-16 09:00:00,B2752,0.391,0.0,7.2,118.99,-7.289,19038.399999999998,20942.239999999998,7.68
2011-05-16 10:00:00,B2752,0.391,0.0,8.26,118.99,-8.299,19038.399999999998,20942.239999999998,8.69
2011-05-16 11:00:00,B2752,0.391,0.0,9.39,118.99,-9.319,19038.399999999998,20942.239999999998,9.71
2011-05-16 12:00:00,B2752,2.582,0.0,9.5,118.99,-7.178,19038.399999999998,20942.239999999998,9.76
2011-05-16 13:00:00,B2752,0.704,0.0,9.0,118.99,-8.575999999999999,19038.399999999998,20942.239999999998,9.28
2011-05-16 14:00:00,B2752,0.391,0.0,8.1,118.99,-8.029,19038.399999999998,20942.239999999998,8.42
2011-05-16 15:00:00,B2752,0.391,0.0,6.29,118.99,-6.229,19038.399999999998,20942.239999999998,6.62
2011-05-16 16:00:00,B2752,0.391,0.0,4.57,118.99,-4.489,19038.399999999998,20942.239999999998,4.88
2011-05-16 17:00:00,B2752,0.704,0.0,3.62,118.99,-3.1660000000000004,19038.399999999998,20942.239999999998,3.87
2011-05-16 18:00:00,B2752,2.582,0.0,1.12,118.99,1.3419999999999999,19038.399999999998,20942.239999999998,1.24
2011-05-16 19:00:00,B2752,3.208,0.0,0.0,118.99,3.208,19038.399999999998,20942.239999999998,0.0
2011-05-16 20:00:00,B2752,0.704,0.0,0.0,118.99,0.704,19038.399999999998,20942.239999999998,0.0
2011-05-16 21:00:00,B2752,0.704,0.0,0.0,118.99,0.704,19038.399999999998,20942.239999999998,0.0
2011-05-16 22:00:00,B2752,0.704,0.0,0.0,118.99,0.704,19038.399999999998,20942.239999999998,0.0
2011-05-16 23:00:00,B2752,0.391,0.0,0.0,118.99,0.391,19038.399999999998,20942.239999999998,0.0
2011-05-17 00:00:00,B2752,2.791,2.4,0.0,118.99,2.791,19038.399999999998,20942.239999999998,0.0
2011-05-17 01:00:00,B2752,2.791,2.4,0.0,118.99,2.791,19038.399999999998,20942.239999999998,0.0
2011-05-17 02:00:00,B2752,2.791,2.4,0.0,118.99,2.791,19038.399999999998,20942.239999999998,0.0
2011-05-17 03:00:00,B2752,2.791,2.4,0.0,118.99,2.791,19038.399999999998,20942.239999999998,0.0
2011-05-17 04:00:00,B2752,2.791,2.4,0.0,118.99,2.791,19038.399999999998,20942.239999999998,0.0
2011-05-17 05:00:00,B2752,0.704,0.0,0.0,118.99,0.704,19038.399999999998,20942.239999999998,0.0
2011-05-17 06:00:00,B2752,2.582,0.0,5.61,118.99,-7.988,19038.399999999998,20942.239999999998,10.57
2011-05-17 07:00:00,B2752,0.705,0.0,6.42,118.99,-7.365,19038.399999999998,20942.239999999998,8.07
2011-05-17 08:00:00,B2752,0.392,0.0,7.92,118.99,-8.118,19038.399999999998,20942.239999999998,8.51
2011-05-17 09:00:00,B2752,0.391,0.0,8.84,118.99,-8.859,19038.399999999998,20942.239999999998,9.25
2011-05-17 10:00:00,B2752,0.391,0.0,9.6,118.99,-9.559,19038.399999999998,20942.239999999998,9.95
2011-05-17 11:00:00,B2752,0.391,0.0,10.05,118.99,-9.919,19038.399999999998,20942.239999999998,10.31
2011-05-17 12:00:00,B2752,2.582,0.0,10.13,118.99,-7.778,19038.399999999998,20942.239999999998,10.36
2011-05-17 13:00:00,B2752,0.704,0.0,9.82,118.99,-9.366,19038.399999999998,20942.239999999998,10.07
2011-05-17 14:00:00,B2752,0.391,0.0,9.14,118.99,-9.019,19038.399999999998,20942.239999999998,9.41
2011-05-17 15:00:00,B2752,0.391,0.0,8.07,118.99,-7.959,19038.399999999998,20942.239999999998,8.35
2011-05-17 16:00:00,B2752,0.391,0.0,6.64,118.99,-6.529,19038.399999999998,20942.239999999998,6.92
2011-05-17 17:00:00,B2752,0.704,0.0,4.69,118.99,-4.226,19038.399999999998,20942.239999999998,4.93
2011-05-17 18:00:00,B2752,2.582,0.0,1.48,118.99,0.9619999999999997,19038.399999999998,20942.239999999998,1.62
2011-05-17 19:00:00,B2752,3.208,0.0,0.0,118.99,3.208,19038.399999999998,20942.239999999998,0.0
2011-05-17 20:00:00,B2752,0.704,0.0,0.0,118.99,0.704,19038.399999999998,20942.239999999998,0.0
2011-05-17 21:00:00,B2752,0.704,0.0,0.0,118.99,0.704,19038.399999999998,20942.239999999998,0.0
2011-05-17 22:00:00,B2752,0.704,0.0,0.0,118.99,0.704,19038.399999999998,20942.239999999998,0.0
2011-05-17 23:00:00,B2752,0.391,0.0,0.0,118.99,0.391,19038.399999999998,20942.239999999998,0.0
2011-05-18 00:00:00,B2752,2.791,2.4,0.0,118.99,2.791,19038.399999999998,20942.239999999998,0.0
2011-05-18 01:00:00,B2752,2.791,2.4,0.0,118.99,2.791,19038.399999999998,20942.239999999998,0.0
2011-05-18 02:00:00,B2752,2.791,2.4,0.0,118.99,2.791,19038.399999999998,20942.239999999998,0.0
2011-05-18 03:00:00,B2752,2.791,2.4,0.0,118.99,2.791,19038.399999999998,20942.239999999998,0.0
2011-05-18 04:00:00,B2752,2.791,2.4,0.0,118.99,2.791,19038.399999999998,20942.239999999998,0.0
2011-05-18 05:00:00,B2752,0.704,0.0,0.0,118.99,0.704,19038.399999999998,20942.239999999998,0.0
2011-05-18 06:00:00,B2752,2.582,0.0,5.62,118.99,-7.918,19038.399999999998,20942.239999999998,10.5
2011-05-18 07:00:00,B2752,0.705,0.0,6.42,118.99,-7.334999999999999,19038.399999999998,20942.239999999998,8.04
2011-05-18 08:00:00,B2752,0.392,0.0,7.89,118.99,-8.088000000000001,19038.399999999998,20942.239999999998,8.48
2011-05-18 09:00:00,B2752,0.391,0.0,8.78,118.99,-8.819,19038.399999999998,20942.239999999998,9.21
2011-05-18 10:00:00,B2752,0.391,0.0,9.52,118.99,-9.489,19038.399999999998,20942.239999999998,9.88
2011-05-18 11:00:00,B2752,0.391,0.0,9.97,118.99,-9.849,19038.399999999998,20942.239999999998,10.24
2011-05-18 12:00:00,B2752,2.582,0.0,10.07,118.99,-7.718000000000001,19038.399999999998,20942.239999999998,10.3
2011-05-18 13:00:00,B2752,0.704,0.0,9.77,118.99,-9.315999999999999,19038.399999999998,20942.239999999998,10.02
2011-05-18 14:00:00,B2752,0.391,0.0,9.14,118.99,-9.019,19038.399999999998,20942.239999999998,9.41
2011-05-18 15:00:00,B2752,0.391,0.0,8.09,118.99,-7.978999999999999,19038.399999999998,20942.239999999998,8.37
2011-05-18 16:00:00,B2752,0.391,0.0,6.64,118.99,-6.529,19038.399999999998,20942.239999999998,6.92
2011-05-18 17:00:00,B2752,0.704,0.0,4.5,118.99,-4.0360000000000005,19038.399999999998,20942.239999999998,4.74
2011-05-18 18:00:00,B2752,2.582,0.0,1.43,118.99,1.0319999999999998,19038.399999999998,20942.239999999998,1.55
2011-05-18 19:00:00,B2752,3.208,0.0,0.0,118.99,3.208,19038.399999999998,20942.239999999998,0.0
2011-05-18 20:00:00,B2752,0.704,0.0,0.0,118.99,0.704,19038.399999999998,20942.239999999998,0.0
2011-05-18 21:00:00,B2752,0.704,0.0,0.0,118.99,0.704,19038.399999999998,20942.239999999998,0.0
2011-05-18 22:00:00,B2752,0.704,0.0,0.0,118.99,0.704,19038.399999999998,20942.239999999998,0.0
2011-05-18 23:00:00,B2752,0.391,0.0,0.0,118.99,0.391,19038.399999999998,20942.239999999998,0.0
2011-05-19 00:00:00,B2752,2.791,2.4,0.0,118.99,2.791,19038.399999999998,20942.239999999998,0.0
2011-05-19 01:00:00,B2752,2.791,2.4,0.0,118.99,2.791,19038.399999999998,20942.239999999998,0.0
2011-05-19 02:00:00,B2752,2.791,2.4,0.0,118.99,2.791,19038.399999999998,20942.239999999998,0.0
2011-05-19 03:00:00,B2752,2.791,2.4,0.0,118.99,2.791,19038.399999999998,20942.239999999998,0.0
2011-05-19 04:00:00,B2752,2.791,2.4,0.0,118.99,2.791,19038.399999999998,20942.239999999998,0.0
2011-05-19 05:00:00,B2752,0.704,0.0,0.0,118.99,0.704,19038.399999999998,20942.239999999998,0.0
2011-05-19 06:00:00,B2752,2.582,0.0,4.36,118.99,-4.918,19038.399999999998,20942.239999999998,7.5
2011-05-19 07:00:00,B2752,0.705,0.0,5.56,118.99,-6.225,19038.399999999998,20942.239999999998,6.93
2011-05-19 08:00:00,B2752,0.392,0.0,6.64,118.99,-6.957999999999999,19038.399999999998,20942.239999999998,7.35
2011-05-19 09:00:00,B2752,0.391,0.0,7.42,118.99,-7.569,19038.399999999998,20942.239999999998,7.96
2011-05-19 10:00:00,B2752,0.391,0.0,8.14,118.99,-8.199,19038.399999999998,20942.239999999998,8.59
2011-05-19 11:00:00,B2752,0.391,0.0,7.77,118.99,-7.739000000000001,19038.399999999998,20942.239999999998,8.13
2011-05-19 12:00:00,B2752,2.582,0.0,7.9,118.99,-5.628000000000001,19038.399999999998,20942.239999999998,8.21
2011-05-19 13:00:00,B2752,0.704,0.0,8.13,118.99,-7.716,19038.399999999998,20942.239999999998,8.42
2011-05-19 14:00:00,B2752,0.391,0.0,7.63,118.99,-7.529,19038.399999999998,20942.239999999998,7.92
2011-05-19 15:00:00,B2752,0.391,0.0,6.85,118.99,-6.769,19038.399999999998,20942.239999999998,7.16
2011-05-19 16:00:00,B2752,0.391,0.0,5.6,118.99,-5.499,19038.399999999998,20942.239999999998,5.89
2011-05-19 17:00:00,B2752,0.704,0.0,4.01,118.99,-3.5460000000000003,19038.399999999998,20942.239999999998,4.25
2011-05-19 18:00:00,B2752,2.582,0.0,1.2,118.99,1.2619999999999998,19038.399999999998,20942.239999999998,1.32
2011-05-19 19:00:00,B2752,3.208,0.0,0.0,118.99,3.208,19038.399999999998,20942.239999999998,0.0
2011-05-19 20:00:00,B2752,0.704,0.0,0.0,118.99,0.704,19038.399999999998,20942.239999999998,0.0
2011-05-19 21:00:00,B2752,0.704,0.0,0.0,118.99,0.704,19038.399999999998,20942.239999999998,0.0
2011-05-19 22:00:00,B2752,0.704,0.0,0.0,118.99,0.704,19038.399999999998,20942.239999999998,0.0
2011-05-19 23:00:00,B2752,0.391,0.0,0.0,118.99,0.391,19038.399999999998,20942.239999999998,0.0
2011-05-20 00:00:00,B2752,2.791,2.4,0.0,118.99,2.791,19038.399999999998,20942.239999999998,0.0
2011-05-20 01:00:00,B2752,2.791,2.4,0.0,118.99,2.791,19038.399999999998,20942.239999999998,0.0
2011-05-20 02:00:00,B2752,2.791,2.4,0.0,118.99,2.791,19038.399999999998,20942.239999999998,0.0
2011-05-20 03:00:00,B2752,2.791,2.4,0.0,118.99,2.791,19038.399999999998,20942.239999999998,0.0
2011-05-20 04:00:00,B2752,2.791,2.4,0.0,118.99,2.791,19038.399999999998,20942.239999999998,0.0
2011-05-20 05:00:00,B2752,0.704,0.0,0.0,118.99,0.704,19038.399999999998,20942.239999999998,0.0
2011-05-20 06:00:00,B2752,2.582,0.0,3.71,118.99,-3.268,19038.399999999998,20942.239999999998,5.85
2011-05-20 07:00:00,B2752,0.705,0.0,4.49,118.99,-4.845,19038.399999999998,20942.239999999998,5.55
2011-05-20 08:00:00,B2752,0.392,0.0,5.72,118.99,-5.917999999999999,19038.399999999998,20942.239999999998,6.31
2011-05-20 09:00:00,B2752,0.391,0.0,6.83,118.99,-6.929,19038.399999999998,20942.239999999998,7.32
2011-05-20 10:00:00,B2752,0.391,0.0,8.29,118.99,-8.369,19038.399999999998,20942.239999999998,8.76
2011-05-20 11:00:00,B2752,0.391,0.0,8.76,118.99,-8.799,19038.399999999998,20942.239999999998,9.19
2011-05-20 12:00:00,B2752,2.582,0.0,8.91,118.99,-6.707999999999999,19038.399999999998,20942.239999999998,9.29
2011-05-20 13:00:00,B2752,0.704,0.0,7.86,118.99,-7.546,19038.399999999998,20942.239999999998,8.25
2011-05-20 14:00:00,B2752,0.391,0.0,5.22,118.99,-5.219,19038.399999999998,20942.239999999998,5.61
2011-05-20 15:00:00,B2752,0.391,0.0,2.75,118.99,-2.649,19038.399999999998,20942.239999999998,3.04
2011-05-20 16:00:00,B2752,0.391,0.0,1.23,118.99,-0.909,19038.399999999998,20942.239999999998,1.3
2011-05-20 17:00:00,B2752,0.704,0.0,0.0,118.99,0.704,19038.399999999998,20942.239999999998,0.0
2011-05-20 18:00:00,B2752,2.582,0.0,0.0,118.99,2.582,19038.399999999998,20942.239999999998,0.0
2011-05-20 19:00:00,B2752,3.208,0.0,0.0,118.99,3.208,19038.399999999998,20942.239999999998,0.0
2011-05-20 20:00:00,B2752,0.704,0.0,0.0,118.99,0.704,19038.399999999998,20942.239999999998,0.0
2011-05-20 21:00:00,B2752,0.704,0.0,0.0,118.99,0.704,19038.399999999998,20942.239999999998,0.0
2011-05-20 22:00:00,B2752,0.704,0.0,0.0,118.99,0.704,19038.399999999998,20942.239999999998,0.0
2011-05-20 23:00:00,B2752,0.391,0.0,0.0,118.99,0.391,19038.399999999998,20942.239999999998,0.0
2011-05-21 00:00:00,B2752,0.391,0.0,0.0,118.99,0.391,19038.399999999998,20942.239999999998,0.0
2011-05-21 01:00:00,B2752,0.391,0.0,0.0,118.99,0.391,19038.399999999998,20942.239999999998,0.0
2011-05-21 02:00:00,B2752,0.391,0.0,0.0,118.99,0.391,19038.399999999998,20942.239999999998,0.0
2011-05-21 03:00:00,B2752,0.391,0.0,0.0,118.99,0.391,19038.399999999998,20942.239999999998,0.0
2011-05-21 04:00:00,B2752,0.391,0.0,0.0,118.99,0.391,19038.399999999998,20942.239999999998,0.0
2011-05-21 05:00:00,B2752,0.704,0.0,0.0,118.99,0.704,19038.399999999998,20942.239999999998,0.0
2011-05-21 06:00:00,B2752,2.581,0.0,4.37,118.99,-4.978999999999999,19038.399999999998,20942.239999999998,7.56
2011-05-21 07:00:00,B2752,0.704,0.0,4.62,118.99,-4.996,19038.399999999998,20942.239999999998,5.7
2011-05-21 08:00:00,B2752,2.792,2.4,4.06,118.99,-1.8780000000000001,19038.399999999998,20942.239999999998,4.67
2011-05-21 09:00:00,B2752,2.792,2.4,3.39,118.99,-1.0780000000000003,19038.399999999998,20942.239999999998,3.87
2011-05-21 10:00:00,B2752,2.792,2.4,3.92,118.99,-1.468,19038.399999999998,20942.239999999998,4.26
2011-05-21 11:00:00,B2752,2.792,2.4,5.0,118.99,-2.4880000000000004,19038.399999999998,20942.239999999998,5.28
2011-05-21 12:00:00,B2752,4.982,2.4,7.24,118.99,-2.558,19038.399999999998,20942.239999999998,7.54
2011-05-21 13:00:00,B2752,0.704,0.0,8.67,118.99,-8.286,19038.399999999998,20942.239999999998,8.99
2011-05-21 14:00:00,B2752,0.391,0.0,7.63,118.99,-7.559,19038.399999999998,20942.239999999998,7.95
2011-05-21 15:00:00,B2752,0.391,0.0,6.43,118.99,-6.349,19038.399999999998,20942.239999999998,6.74
2011-05-21 16:00:00,B2752,0.391,0.0,4.93,118.99,-4.809,19038.399999999998,20942.239999999998,5.2
2011-05-21 17:00:00,B2752,0.704,0.0,3.0,118.99,-2.4859999999999998,19038.399999999998,20942.239999999998,3.19
2011-05-21 18:00:00,B2752,2.582,0.0,0.87,118.99,1.632,19038.399999999998,20942.239999999998,0.95
2011-05-21 19:00:00,B2752,3.208,0.0,0.0,118.99,3.208,19038.399999999998,20942.239999999998,0.0
2011-05-21 20:00:00,B2752,0.704,0.0,0.0,118.99,0.704,19038.399999999998,20942.239999999998,0.0
2011-05-21 21:00:00,B2752,0.704,0.0,0.0,118.99,0.704,19038.399999999998,20942.239999999998,0.0
2011-05-21 22:00:00,B2752,0.704,0.0,0.0,118.99,0.704,19038.399999999998,20942.239999999998,0.0
2011-05-21 23:00:00,B2752,0.391,0.0,0.0,118.99,0.391,19038.399999999998,20942.239999999998,0.0
2011-05-22 00:00:00,B2752,0.391,0.0,0.0,118.99,0.391,19038.399999999998,20942.239999999998,0.0
2011-05-22 01:00:00,B2752,0.391,0.0,0.0,118.99,0.391,19038.399999999998,20942.239999999998,0.0
2011-05-22 02:00:00,B2752,0.391,0.0,0.0,118.99,0.391,19038.399999999998,20942.239999999998,0.0
2011-05-22 03:00:00,B2752,0.391,0.0,0.0,118.99,0.391,19038.399999999998,20942.239999999998,0.0
2011-05-22 04:00:00,B2752,0.391,0.0,0.0,118.99,0.391,19038.399999999998,20942.239999999998,0.0
2011-05-22 05:00:00,B2752,0.704,0.0,0.0,118.99,0.704,19038.399999999998,20942.239999999998,0.0
2011-05-22 06:00:00,B2752,2.581,0.0,5.09,118.99,-6.719000000000001,19038.399999999998,20942.239999999998,9.3
2011-05-22 07:00:00,B2752,0.704,0.0,5.98,118.99,-6.776000000000001,19038.399999999998,20942.239999999998,7.48
2011-05-22 08:00:00,B2752,2.791,2.4,7.46,118.99,-5.2989999999999995,19038.399999999998,20942.239999999998,8.09
2011-05-22 09:00:00,B2752,2.792,2.4,8.17,118.99,-5.838000000000001,19038.399999999998,20942.239999999998,8.63
2011-05-22 10:00:00,B2752,2.792,2.4,8.13,118.99,-5.747999999999999,19038.399999999998,20942.239999999998,8.54
2011-05-22 11:00:00,B2752,2.792,2.4,8.0,118.99,-5.558,19038.399999999998,20942.239999999998,8.35
2011-05-22 12:00:00,B2752,4.982,2.4,8.11,118.99,-3.428,19038.399999999998,20942.239999999998,8.41
2011-05-22 13:00:00,B2752,0.704,0.0,7.44,118.99,-7.046,19038.399999999998,20942.239999999998,7.75
2011-05-22 14:00:00,B2752,0.391,0.0,6.96,118.99,-6.889,19038.399999999998,20942.239999999998,7.28
2011-05-22 15:00:00,B2752,0.391,0.0,5.86,118.99,-5.789,19038.399999999998,20942.239999999998,6.18
2011-05-22 16:00:00,B2752,0.391,0.0,4.7,118.99,-4.599,19038.399999999998,20942.239999999998,4.99
2011-05-22 17:00:00,B2752,0.704,0.0,3.7,118.99,-3.226,19038.399999999998,20942.239999999998,3.93
2011-05-22 18:00:00,B2752,2.582,0.0,1.13,118.99,1.3419999999999999,19038.399999999998,20942.239999999998,1.24
2011-05-22 19:00:00,B2752,3.208,0.0,0.0,118.99,3.208,19038.399999999998,20942.239999999998,0.0
2011-05-22 20:00:00,B2752,0.704,0.0,0.0,118.99,0.704,19038.399999999998,20942.239999999998,0.0
2011-05-22 21:00:00,B2752,0.704,0.0,0.0,118.99,0.704,19038.399999999998,20942.239999999998,0.0
2011-05-22 22:00:00,B2752,0.704,0.0,0.0,118.99,0.704,19038.399999999998,20942.239999999998,0.0
2011-05-22 23:00:00,B2752,0.391,0.0,0.0,118.99,0.391,19038.399999999998,20942.239999999998,0.0
2011-05-23 00:00:00,B2752,2.791,2.4,0.0,118.99,2.791,19038.399999999998,20942.239999999998,0.0
2011-05-23 01:00:00,B2752,2.791,2.4,0.0,118.99,2.791,19038.399999999998,20942.239999999998,0.0
2011-05-23 02:00:00,B2752,2.791,2.4,0.0,118.99,2.791,19038.399999999998,20942.239999999998,0.0
2011-05-23 03:00:00,B2752,2.791,2.4,0.0,118.99,2.791,19038.399999999998,20942.239999999998,0.0
2011-05-23 04:00:00,B2752,2.791,2.4,0.0,118.99,2.791,19038.399999999998,20942.239999999998,0.0
2011-05-23 05:00:00,B2752,0.704,0.0,0.0,118.99,0.704,19038.399999999998,20942.239999999998,0.0
2011-05-23 06:00:00,B2752,2.582,0.0,4.14,118.99,-4.658,19038.399999999998,20942.239999999998,7.24
2011-05-23 07:00:00,B2752,0.705,0.0,5.75,118.99,-6.485,19038.399999999998,20942.239999999998,7.19
2011-05-23 08:00:00,B2752,0.392,0.0,6.64,118.99,-6.888,19038.399999999998,20942.239999999998,7.28
2011-05-23 09:00:00,B2752,0.391,0.0,6.9,118.99,-7.029,19038.399999999998,20942.239999999998,7.42
2011-05-23 10:00:00,B2752,0.391,0.0,8.14,118.99,-8.189,19038.399999999998,20942.239999999998,8.58
2011-05-23 11:00:00,B2752,0.391,0.0,8.07,118.99,-8.029,19038.399999999998,20942.239999999998,8.42
2011-05-23 12:00:00,B2752,2.582,0.0,8.38,118.99,-6.168,19038.399999999998,20942.239999999998,8.75
2011-05-23 13:00:00,B2752,0.704,0.0,9.14,118.99,-8.815999999999999,19038.399999999998,20942.239999999998,9.52
2011-05-23 14:00:00,B2752,0.391,0.0,8.62,118.99,-8.589,19038.399999999998,20942.239999999998,8.98
2011-05-23 15:00:00,B2752,0.391,0.0,7.92,118.99,-7.869,19038.399999999998,20942.239999999998,8.26
2011-05-23 16:00:00,B2752,0.391,0.0,6.69,118.99,-6.609,19038.399999999998,20942.239999999998,7.0
2011-05-23 17:00:00,B2752,0.704,0.0,4.73,118.99,-4.2860000000000005,19038.399999999998,20942.239999999998,4.99
2011-05-23 18:00:00,B2752,2.582,0.0,1.58,118.99,0.8619999999999999,19038.399999999998,20942.239999999998,1.72
2011-05-23 19:00:00,B2752,3.208,0.0,0.0,118.99,3.208,19038.399999999998,20942.239999999998,0.0
2011-05-23 20:00:00,B2752,0.704,0.0,0.0,118.99,0.704,19038.399999999998,20942.239999999998,0.0
2011-05-23 21:00:00,B2752,0.704,0.0,0.0,118.99,0.704,19038.399999999998,20942.239999999998,0.0
2011-05-23 22:00:00,B2752,0.704,0.0,0.0,118.99,0.704,19038.399999999998,20942.239999999998,0.0
2011-05-23 23:00:00,B2752,0.391,0.0,0.0,118.99,0.391,19038.399999999998,20942.239999999998,0.0
2011-05-24 00:00:00,B2752,2.791,2.4,0.0,118.99,2.791,19038.399999999998,20942.239999999998,0.0
2011-05-24 01:00:00,B2752,2.791,2.4,0.0,118.99,2.791,19038.399999999998,20942.239999999998,0.0
2011-05-24 02:00:00,B2752,2.791,2.4,0.0,118.99,2.791,19038.399999999998,20942.239999999998,0.0
2011-05-24 03:00:00,B2752,2.791,2.4,0.0,118.99,2.791,19038.399999999998,20942.239999999998,0.0
2011-05-24 04:00:00,B2752,2.791,2.4,0.0,118.99,2.791,19038.399999999998,20942.239999999998,0.0
2011-05-24 05:00:00,B2752,0.704,0.0,0.0,118.99,0.704,19038.399999999998,20942.239999999998,0.0
2011-05-24 06:00:00,B2752,2.582,0.0,4.78,118.99,-5.518,19038.399999999998,20942.239999999998,8.1
2011-05-24 07:00:00,B2752,0.705,0.0,5.62,118.99,-6.265,19038.399999999998,20942.239999999998,6.97
2011-05-24 08:00:00,B2752,0.392,0.0,6.44,118.99,-6.758,19038.399999999998,20942.239999999998,7.15
2011-05-24 09:00:00,B2752,0.391,0.0,6.65,118.99,-6.879,19038.399999999998,20942.239999999998,7.27
2011-05-24 10:00:00,B2752,0.391,0.0,6.25,118.99,-6.409,19038.399999999998,20942.239999999998,6.8
2011-05-24 11:00:00,B2752,0.391,0.0,6.45,118.99,-6.529,19038.399999999998,20942.239999999998,6.92
2011-05-24 12:00:00,B2752,2.582,0.0,7.6,118.99,-5.438,19038.399999999998,20942.239999999998,8.02
2011-05-24 13:00:00,B2752,0.704,0.0,7.9,118.99,-7.576,19038.399999999998,20942.239999999998,8.28
2011-05-24 14:00:00,B2752,0.391,0.0,7.43,118.99,-7.419,19038.399999999998,20942.239999999998,7.81
2011-05-24 15:00:00,B2752,0.391,0.0,7.38,118.99,-7.359,19038.399999999998,20942.239999999998,7.75
2011-05-24 16:00:00,B2752,0.391,0.0,6.52,118.99,-6.459,19038.399999999998,20942.239999999998,6.85
2011-05-24 17:00:00,B2752,0.704,0.0,4.58,118.99,-4.126,19038.399999999998,20942.239999999998,4.83
2011-05-24 18:00:00,B2752,2.582,0.0,1.49,118.99,0.952,19038.399999999998,20942.239999999998,1.63
2011-05-24 19:00:00,B2752,3.208,0.0,0.0,118.99,3.208,19038.399999999998,20942.239999999998,0.0
2011-05-24 20:00:00,B2752,0.704,0.0,0.0,118.99,0.704,19038.399999999998,20942.239999999998,0.0
2011-05-24 21:00:00,B2752,0.704,0.0,0.0,118.99,0.704,19038.399999999998,20942.239999999998,0.0
2011-05-24 22:00:00,B2752,0.704,0.0,0.0,118.99,0.704,19038.399999999998,20942.239999999998,0.0
2011-05-24 23:00:00,B2752,0.391,0.0,0.0,118.99,0.391,19038.399999999998,20942.239999999998,0.0
2011-05-25 00:00:00,B2752,2.791,2.4,0.0,118.99,2.791,19038.399999999998,20942.239999999998,0.0
2011-05-25 01:00:00,B2752,2.791,2.4,0.0,118.99,2.791,19038.399999999998,20942.239999999998,0.0
2011-05-25 02:00:00,B2752,2.791,2.4,0.0,118.99,2.791,19038.399999999998,20942.239999999998,0.0
2011-05-25 03:00:00,B2752,2.791,2.4,0.0,118.99,2.791,19038.399999999998,20942.239999999998,0.0
2011-05-25 04:00:00,B2752,2.791,2.4,0.0,118.99,2.791,19038.399999999998,20942.239999999998,0.0
2011-05-25 05:00:00,B2752,0.704,0.0,0.0,118.99,0.704,19038.399999999998,20942.239999999998,0.0
2011-05-25 06:00:00,B2752,2.582,0.0,4.86,118.99,-5.648000000000001,19038.399999999998,20942.239999999998,8.23
2011-05-25 07:00:00,B2752,0.705,0.0,5.43,118.99,-5.995,19038.399999999998,20942.239999999998,6.7
2011-05-25 08:00:00,B2752,0.392,0.0,6.03,118.99,-6.388,19038.399999999998,20942.239999999998,6.78
2011-05-25 09:00:00,B2752,0.391,0.0,6.79,118.99,-7.019,19038.399999999998,20942.239999999998,7.41
2011-05-25 10:00:00,B2752,0.391,0.0,7.15,118.99,-7.349,19038.399999999998,20942.239999999998,7.74
2011-05-25 11:00:00,B2752,0.391,0.0,7.66,118.99,-7.7989999999999995,19038.399999999998,20942.239999999998,8.19
2011-05-25 12:00:00,B2752,2.582,0.0,8.32,118.99,-6.1979999999999995,19038.399999999998,20942.239999999998,8.78
2011-05-25 13:00:00,B2752,0.704,0.0,8.85,118.99,-8.546,19038.399999999998,20942.239999999998,9.25
2011-05-25 14:00:00,B2752,0.391,0.0,8.6,118.99,-8.569,19038.399999999998,20942.239999999998,8.96
2011-05-25 15:00:00,B2752,0.391,0.0,7.79,118.99,-7.7490000000000006,19038.399999999998,20942.239999999998,8.14
2011-05-25 16:00:00,B2752,0.391,0.0,6.66,118.99,-6.589,19038.399999999998,20942.239999999998,6.98
2011-05-25 17:00:00,B2752,0.704,0.0,4.78,118.99,-4.346,19038.399999999998,20942.239999999998,5.05
2011-05-25 18:00:00,B2752,2.582,0.0,2.23,118.99,0.12199999999999989,19038.399999999998,20942.239999999998,2.46
2011-05-25 19:00:00,B2752,3.208,0.0,0.0,118.99,3.208,19038.399999999998,20942.239999999998,0.0
2011-05-25 20:00:00,B2752,0.704,0.0,0.0,118.99,0.704,19038.399999999998,20942.239999999998,0.0
2011-05-25 21:00:00,B2752,0.704,0.0,0.0,118.99,0.704,19038.399999999998,20942.239999999998,0.0
2011-05-25 22:00:00,B2752,0.704,0.0,0.0,118.99,0.704,19038.399999999998,20942.239999999998,0.0
2011-05-25 23:00:00,B2752,0.391,0.0,0.0,118.99,0.391,19038.399999999998,20942.239999999998,0.0
2011-05-26 00:00:00,B2752,2.791,2.4,0.0,118.99,2.791,19038.399999999998,20942.239999999998,0.0
2011-05-26 01:00:00,B2752,2.791,2.4,0.0,118.99,2.791,19038.399999999998,20942.239999999998,0.0
2011-05-26 02:00:00,B2752,2.791,2.4,0.0,118.99,2.791,19038.399999999998,20942.239999999998,0.0
2011-05-26 03:00:00,B2752,2.791,2.4,0.0,118.99,2.791,19038.399999999998,20942.239999999998,0.0
2011-05-26 04:00:00,B2752,2.791,2.4,0.0,118.99,2.791,19038.399999999998,20942.239999999998,0.0
2011-05-26 05:00:00,B2752,0.704,0.0,0.0,118.99,0.704,19038.399999999998,20942.239999999998,0.0
2011-05-26 06:00:00,B2752,2.582,0.0,5.05,118.99,-5.978000000000001,19038.399999999998,20942.239999999998,8.56
2011-05-26 07:00:00,B2752,0.705,0.0,6.07,118.99,-6.825,19038.399999999998,20942.239999999998,7.53
2011-05-26 08:00:00,B2752,0.392,0.0,7.6,118.99,-7.998,19038.399999999998,20942.239999999998,8.39
2011-05-26 09:00:00,B2752,0.391,0.0,8.77,118.99,-8.959,19038.399999999998,20942.239999999998,9.35
2011-05-26 10:00:00,B2752,0.391,0.0,9.44,118.99,-9.549,19038.399999999998,20942.239999999998,9.94
2011-05-26 11:00:00,B2752,0.391,0.0,9.95,118.99,-9.929,19038.399999999998,20942.239999999998,10.32
2011-05-26 12:00:00,B2752,2.582,0.0,10.48,118.99,-8.168,19038.399999999998,20942.239999999998,10.75
2011-05-26 13:00:00,B2752,0.704,0.0,10.08,118.99,-9.686,19038.399999999998,20942.239999999998,10.39
2011-05-26 14:00:00,B2752,0.391,0.0,8.78,118.99,-8.759,19038.399999999998,20942.239999999998,9.15
2011-05-26 15:00:00,B2752,0.391,0.0,6.65,118.99,-6.669,19038.399999999998,20942.239999999998,7.06
2011-05-26 16:00:00,B2752,0.391,0.0,4.39,118.99,-4.409,19038.399999999998,20942.239999999998,4.8
2011-05-26 17:00:00,B2752,0.704,0.0,2.75,118.99,-2.356,19038.399999999998,20942.239999999998,3.06
2011-05-26 18:00:00,B2752,2.582,0.0,1.51,118.99,0.9319999999999999,19038.399999999998,20942.239999999998,1.65
2011-05-26 19:00:00,B2752,3.208,0.0,0.0,118.99,3.208,19038.399999999998,20942.239999999998,0.0
2011-05-26 20:00:00,B2752,0.704,0.0,0.0,118.99,0.704,19038.399999999998,20942.239999999998,0.0
2011-05-26 21:00:00,B2752,0.704,0.0,0.0,118.99,0.704,19038.399999999998,20942.239999999998,0.0
2011-05-26 22:00:00,B2752,0.704,0.0,0.0,118.99,0.704,19038.399999999998,20942.239999999998,0.0
2011-05-26 23:00:00,B2752,0.391,0.0,0.0,118.99,0.391,19038.399999999998,20942.239999999998,0.0
2011-05-27 00:00:00,B2752,2.791,2.4,0.0,118.99,2.791,19038.399999999998,20942.239999999998,0.0
2011-05-27 01:00:00,B2752,2.791,2.4,0.0,118.99,2.791,19038.399999999998,20942.239999999998,0.0
2011-05-27 02:00:00,B2752,2.791,2.4,0.0,118.99,2.791,19038.399999999998,20942.239999999998,0.0
2011-05-27 03:00:00,B2752,2.791,2.4,0.0,118.99,2.791,19038.399999999998,20942.239999999998,0.0
2011-05-27 04:00:00,B2752,2.791,2.4,0.0,118.99,2.791,19038.399999999998,20942.239999999998,0.0
2011-05-27 05:00:00,B2752,0.704,0.0,0.0,118.99,0.704,19038.399999999998,20942.239999999998,0.0
2011-05-27 06:00:00,B2752,2.582,0.0,3.87,118.99,-3.4379999999999997,19038.399999999998,20942.239999999998,6.02
2011-05-27 07:00:00,B2752,0.705,0.0,4.46,118.99,-4.775,19038.399999999998,20942.239999999998,5.48
2011-05-27 08:00:00,B2752,0.392,0.0,4.93,118.99,-5.247999999999999,19038.399999999998,20942.239999999998,5.64
2011-05-27 09:00:00,B2752,0.391,0.0,5.96,118.99,-6.269,19038.399999999998,20942.239999999998,6.66
2011-05-27 10:00:00,B2752,0.391,0.0,7.25,118.99,-7.559,19038.399999999998,20942.239999999998,7.95
2011-05-27 11:00:00,B2752,0.391,0.0,8.52,118.99,-8.689,19038.399999999998,20942.239999999998,9.08
2011-05-27 12:00:00,B2752,2.582,0.0,8.66,118.99,-6.508,19038.399999999998,20942.239999999998,9.09
2011-05-27 13:00:00,B2752,0.704,0.0,8.35,118.99,-8.085999999999999,19038.399999999998,20942.239999999998,8.79
2011-05-27 14:00:00,B2752,0.391,0.0,7.32,118.99,-7.379,19038.399999999998,20942.239999999998,7.77
2011-05-27 15:00:00,B2752,0.391,0.0,5.84,118.99,-5.879,19038.399999999998,20942.239999999998,6.27
2011-05-27 16:00:00,B2752,0.391,0.0,3.59,118.99,-3.529,19038.399999999998,20942.239999999998,3.92
2011-05-27 17:00:00,B2752,0.704,0.0,1.18,118.99,-0.556,19038.399999999998,20942.239999999998,1.26
2011-05-27 18:00:00,B2752,2.582,0.0,0.0,118.99,2.582,19038.399999999998,20942.239999999998,0.0
2011-05-27 19:00:00,B2752,3.208,0.0,0.0,118.99,3.208,19038.399999999998,20942.239999999998,0.0
2011-05-27 20:00:00,B2752,0.704,0.0,0.0,118.99,0.704,19038.399999999998,20942.239999999998,0.0
2011-05-27 21:00:00,B2752,0.704,0.0,0.0,118.99,0.704,19038.399999999998,20942.239999999998,0.0
2011-05-27 22:00:00,B2752,0.704,0.0,0.0,118.99,0.704,19038.399999999998,20942.239999999998,0.0
2011-05-27 23:00:00,B2752,0.391,0.0,0.0,118.99,0.391,19038.399999999998,20942.239999999998,0.0
2011-05-28 00:00:00,B2752,0.391,0.0,0.0,118.99,0.391,19038.399999999998,20942.239999999998,0.0
2011-05-28 01:00:00,B2752,0.391,0.0,0.0,118.99,0.391,19038.399999999998,20942.239999999998,0.0
2011-05-28 02:00:00,B2752,0.391,0.0,0.0,118.99,0.391,19038.399999999998,20942.239999999998,0.0
2011-05-28 03:00:00,B2752,0.391,0.0,0.0,118.99,0.391,19038.399999999998,20942.239999999998,0.0
2011-05-28 04:00:00,B2752,0.391,0.0,0.0,118.99,0.391,19038.399999999998,20942.239999999998,0.0
2011-05-28 05:00:00,B2752,0.704,0.0,0.0,118.99,0.704,19038.399999999998,20942.239999999998,0.0
2011-05-28 06:00:00,B2752,2.581,0.0,1.66,118.99,0.48099999999999987,19038.399999999998,20942.239999999998,2.1
2011-05-28 07:00:00,B2752,0.704,0.0,2.59,118.99,-2.426,19038.399999999998,20942.239999999998,3.13
2011-05-28 08:00:00,B2752,2.792,2.4,4.1,118.99,-1.9080000000000004,19038.399999999998,20942.239999999998,4.7
2011-05-28 09:00:00,B2752,2.792,2.4,5.2,118.99,-2.9779999999999998,19038.399999999998,20942.239999999998,5.77
2011-05-28 10:00:00,B2752,2.792,2.4,6.17,118.99,-3.928,19038.399999999998,20942.239999999998,6.72
2011-05-28 11:00:00,B2752,2.792,2.4,7.92,118.99,-5.588000000000001,19038.399999999998,20942.239999999998,8.38
2011-05-28 12:00:00,B2752,4.982,2.4,9.09,118.99,-4.428,19038.399999999998,20942.239999999998,9.41
2011-05-28 13:00:00,B2752,0.704,0.0,8.77,118.99,-8.415999999999999,19038.399999999998,20942.239999999998,9.12
2011-05-28 14:00:00,B2752,0.391,0.0,7.89,118.99,-7.898999999999999,19038.399999999998,20942.239999999998,8.29
2011-05-28 15:00:00,B2752,0.391,0.0,6.96,118.99,-6.939,19038.399999999998,20942.239999999998,7.33
2011-05-28 16:00:00,B2752,0.391,0.0,5.53,118.99,-5.489,19038.399999999998,20942.239999999998,5.88
2011-05-28 17:00:00,B2752,0.704,0.0,3.67,118.99,-3.2060000000000004,19038.399999999998,20942.239999999998,3.91
2011-05-28 18:00:00,B2752,2.582,0.0,1.56,118.99,0.8719999999999999,19038.399999999998,20942.239999999998,1.71
2011-05-28 19:00:00,B2752,3.208,0.0,0.0,118.99,3.208,19038.399999999998,20942.239999999998,0.0
2011-05-28 20:00:00,B2752,0.704,0.0,0.0,118.99,0.704,19038.399999999998,20942.239999999998,0.0
2011-05-28 21:00:00,B2752,0.704,0.0,0.0,118.99,0.704,19038.399999999998,20942.239999999998,0.0
2011-05-28 22:00:00,B2752,0.704,0.0,0.0,118.99,0.704,19038.399999999998,20942.239999999998,0.0
2011-05-28 23:00:00,B2752,0.391,0.0,0.0,118.99,0.391,19038.399999999998,20942.239999999998,0.0
2011-05-29 00:00:00,B2752,0.391,0.0,0.0,118.99,0.391,19038.399999999998,20942.239999999998,0.0
2011-05-29 01:00:00,B2752,0.391,0.0,0.0,118.99,0.391,19038.399999999998,20942.239999999998,0.0
2011-05-29 02:00:00,B2752,0.391,0.0,0.0,118.99,0.391,19038.399999999998,20942.239999999998,0.0
2011-05-29 03:00:00,B2752,0.391,0.0,0.0,118.99,0.391,19038.399999999998,20942.239999999998,0.0
2011-05-29 04:00:00,B2752,0.391,0.0,0.0,118.99,0.391,19038.399999999998,20942.239999999998,0.0
2011-05-29 05:00:00,B2752,0.704,0.0,0.0,118.99,0.704,19038.399999999998,20942.239999999998,0.0
2011-05-29 06:00:00,B2752,2.581,0.0,1.21,118.99,1.2309999999999999,19038.399999999998,20942.239999999998,1.35
2011-05-29 07:00:00,B2752,0.704,0.0,2.18,118.99,-1.7860000000000003,19038.399999999998,20942.239999999998,2.49
2011-05-29 08:00:00,B2752,2.791,2.4,4.48,118.99,-2.3190000000000004,19038.399999999998,20942.239999999998,5.11
2011-05-29 09:00:00,B2752,2.792,2.4,6.52,118.99,-4.348,19038.399999999998,20942.239999999998,7.14
2011-05-29 10:00:00,B2752,2.792,2.4,7.46,118.99,-5.228,19038.399999999998,20942.239999999998,8.02
2011-05-29 11:00:00,B2752,2.792,2.4,8.07,118.99,-5.7379999999999995,19038.399999999998,20942.239999999998,8.53
2011-05-29 12:00:00,B2752,4.982,2.4,8.44,118.99,-3.8679999999999994,19038.399999999998,20942.239999999998,8.85
2011-05-29 13:00:00,B2752,0.704,0.0,8.66,118.99,-8.346,19038.399999999998,20942.239999999998,9.05
2011-05-29 14:00:00,B2752,0.391,0.0,7.56,118.99,-7.539,19038.399999999998,20942.239999999998,7.93
2011-05-29 15:00:00,B2752,0.391,0.0,6.6,118.99,-6.579,19038.399999999998,20942.239999999998,6.97
2011-05-29 16:00:00,B2752,0.391,0.0,5.68,118.99,-5.629,19038.399999999998,20942.239999999998,6.02
2011-05-29 17:00:00,B2752,0.704,0.0,3.8,118.99,-3.346,19038.399999999998,20942.239999999998,4.05
2011-05-29 18:00:00,B2752,2.582,0.0,1.47,118.99,0.9719999999999998,19038.399999999998,20942.239999999998,1.61
2011-05-29 19:00:00,B2752,3.208,0.0,0.0,118.99,3.208,19038.399999999998,20942.239999999998,0.0
2011-05-29 20:00:00,B2752,0.704,0.0,0.0,118.99,0.704,19038.399999999998,20942.239999999998,0.0
2011-05-29 21:00:00,B2752,0.704,0.0,0.0,118.99,0.704,19038.399999999998,20942.239999999998,0.0
2011-05-29 22:00:00,B2752,0.704,0.0,0.0,118.99,0.704,19038.399999999998,20942.239999999998,0.0
2011-05-29 23:00:00,B2752,0.391,0.0,0.0,118.99,0.391,19038.399999999998,20942.239999999998,0.0
2011-05-30 00:00:00,B2752,2.791,2.4,0.0,118.99,2.791,19038.399999999998,20942.239999999998,0.0
2011-05-30 01:00:00,B2752,2.791,2.4,0.0,118.99,2.791,19038.399999999998,20942.239999999998,0.0
2011-05-30 02:00:00,B2752,2.791,2.4,0.0,118.99,2.791,19038.399999999998,20942.239999999998,0.0
2011-05-30 03:00:00,B2752,2.791,2.4,0.0,118.99,2.791,19038.399999999998,20942.239999999998,0.0
2011-05-30 04:00:00,B2752,2.791,2.4,0.0,118.99,2.791,19038.399999999998,20942.239999999998,0.0
2011-05-30 05:00:00,B2752,0.704,0.0,0.0,118.99,0.704,19038.399999999998,20942.239999999998,0.0
2011-05-30 06:00:00,B2752,2.582,0.0,3.81,118.99,-3.458,19038.399999999998,20942.239999999998,6.04
2011-05-30 07:00:00,B2752,0.705,0.0,5.14,118.99,-5.645,19038.399999999998,20942.239999999998,6.35
2011-05-30 08:00:00,B2752,0.392,0.0,6.87,118.99,-7.268,19038.399999999998,20942.239999999998,7.66
2011-05-30 09:00:00,B2752,0.391,0.0,8.17,118.99,-8.389,19038.399999999998,20942.239999999998,8.78
2011-05-30 10:00:00,B2752,0.391,0.0,9.48,118.99,-9.509,19038.399999999998,20942.239999999998,9.9
2011-05-30 11:00:00,B2752,0.391,0.0,10.36,118.99,-10.249,19038.399999999998,20942.239999999998,10.64
2011-05-30 12:00:00,B2752,2.582,0.0,10.47,118.99,-8.117999999999999,19038.399999999998,20942.239999999998,10.7
2011-05-30 13:00:00,B2752,0.704,0.0,10.18,118.99,-9.725999999999999,19038.399999999998,20942.239999999998,10.43
2011-05-30 14:00:00,B2752,0.391,0.0,9.54,118.99,-9.419,19038.399999999998,20942.239999999998,9.81
2011-05-30 15:00:00,B2752,0.391,0.0,8.51,118.99,-8.399,19038.399999999998,20942.239999999998,8.79
2011-05-30 16:00:00,B2752,0.391,0.0,7.02,118.99,-6.919,19038.399999999998,20942.239999999998,7.31
2011-05-30 17:00:00,B2752,0.704,0.0,5.12,118.99,-4.676,19038.399999999998,20942.239999999998,5.38
2011-05-30 18:00:00,B2752,2.582,0.0,2.43,118.99,-0.09800000000000031,19038.399999999998,20942.239999999998,2.68
2011-05-30 19:00:00,B2752,3.208,0.0,0.0,118.99,3.208,19038.399999999998,20942.239999999998,0.0
2011-05-30 20:00:00,B2752,0.704,0.0,0.0,118.99,0.704,19038.399999999998,20942.239999999998,0.0
2011-05-30 21:00:00,B2752,0.704,0.0,0.0,118.99,0.704,19038.399999999998,20942.239999999998,0.0
2011-05-30 22:00:00,B2752,0.704,0.0,0.0,118.99,0.704,19038.399999999998,20942.239999999998,0.0
2011-05-30 23:00:00,B2752,0.391,0.0,0.0,118.99,0.391,19038.399999999998,20942.239999999998,0.0
2011-05-31 00:00:00,B2752,2.791,2.4,0.0,118.99,2.791,19038.399999999998,20942.239999999998,0.0
2011-05-31 01:00:00,B2752,2.791,2.4,0.0,118.99,2.791,19038.399999999998,20942.239999999998,0.0
2011-05-31 02:00:00,B2752,2.791,2.4,0.0,118.99,2.791,19038.399999999998,20942.239999999998,0.0
2011-05-31 03:00:00,B2752,2.791,2.4,0.0,118.99,2.791,19038.399999999998,20942.239999999998,0.0
2011-05-31 04:00:00,B2752,2.791,2.4,0.0,118.99,2.791,19038.399999999998,20942.239999999998,0.0
2011-05-31 05:00:00,B2752,0.704,0.0,0.0,118.99,0.704,19038.399999999998,20942.239999999998,0.0
2011-05-31 06:00:00,B2752,2.582,0.0,5.42,118.99,-6.728000000000001,19038.399999999998,20942.239999999998,9.31
2011-05-31 07:00:00,B2752,0.705,0.0,6.8,118.99,-7.845000000000001,19038.399999999998,20942.239999999998,8.55
2011-05-31 08:00:00,B2752,0.392,0.0,8.38,118.99,-8.698,19038.399999999998,20942.239999999998,9.09
2011-05-31 09:00:00,B2752,0.391,0.0,9.31,118.99,-9.349,19038.399999999998,20942.239999999998,9.74
2011-05-31 10:00:00,B2752,0.391,0.0,10.05,118.99,-10.009,19038.399999999998,20942.239999999998,10.4
2011-05-31 11:00:00,B2752,0.391,0.0,10.49,118.99,-10.369,19038.399999999998,20942.239999999998,10.76
2011-05-31 12:00:00,B2752,2.582,0.0,10.57,118.99,-8.218,19038.399999999998,20942.239999999998,10.8
2011-05-31 13:00:00,B2752,0.704,0.0,10.26,118.99,-9.796,19038.399999999998,20942.239999999998,10.5
2011-05-31 14:00:00,B2752,0.391,0.0,9.54,118.99,-9.409,19038.399999999998,20942.239999999998,9.8
2011-05-31 15:00:00,B2752,0.391,0.0,8.3,118.99,-8.189,19038.399999999998,20942.239999999998,8.58
2011-05-31 16:00:00,B2752,0.391,0.0,6.91,118.99,-6.799,19038.399999999998,20942.239999999998,7.19
2011-05-31 17:00:00,B2752,0.704,0.0,5.12,118.99,-4.666,19038.399999999998,20942.239999999998,5.37
2011-05-31 18:00:00,B2752,2.582,0.0,2.43,118.99,-0.09800000000000031,19038.399999999998,20942.239999999998,2.68
2011-05-31 19:00:00,B2752,3.208,0.0,0.0,118.99,3.208,19038.399999999998,20942.239999999998,0.0
2011-05-31 20:00:00,B2752,0.704,0.0,0.0,118.99,0.704,19038.399999999998,20942.239999999998,0.0
2011-05-31 21:00:00,B2752,0.704,0.0,0.0,118.99,0.704,19038.399999999998,20942.239999999998,0.0
2011-05-31 22:00:00,B2752,0.704,0.0,0.0,118.99,0.704,19038.399999999998,20942.239999999998,0.0
2011-05-31 23:00:00,B2752,0.391,0.0,0.0,118.99,0.391,19038.399999999998,20942.239999999998,0.0
2011-06-01 00:00:00,B2752,2.791,2.4,0.0,118.99,2.791,19038.399999999998,20942.239999999998,0.0
2011-06-01 01:00:00,B2752,2.791,2.4,0.0,118.99,2.791,19038.399999999998,20942.239999999998,0.0
2011-06-01 02:00:00,B2752,2.791,2.4,0.0,118.99,2.791,19038.399999999998,20942.239999999998,0.0
2011-06-01 03:00:00,B2752,2.791,2.4,0.0,118.99,2.791,19038.399999999998,20942.239999999998,0.0
2011-06-01 04:00:00,B2752,2.791,2.4,0.0,118.99,2.791,19038.399999999998,20942.239999999998,0.0
2011-06-01 05:00:00,B2752,0.704,0.0,0.0,118.99,0.704,19038.399999999998,20942.239999999998,0.0
2011-06-01 06:00:00,B2752,2.582,0.0,5.19,118.99,-6.218000000000001,19038.399999999998,20942.239999999998,8.8
2011-06-01 07:00:00,B2752,0.705,0.0,6.5,118.99,-7.445,19038.399999999998,20942.239999999998,8.15
2011-06-01 08:00:00,B2752,0.392,0.0,7.82,118.99,-8.178,19038.399999999998,20942.239999999998,8.57
2011-06-01 09:00:00,B2752,0.391,0.0,8.29,118.99,-8.459,19038.399999999998,20942.239999999998,8.85
2011-06-01 10:00:00,B2752,0.391,0.0,9.01,118.99,-9.079,19038.399999999998,20942.239999999998,9.47
2011-06-01 11:00:00,B2752,0.391,0.0,9.44,118.99,-9.359,19038.399999999998,20942.239999999998,9.75
2011-06-01 12:00:00,B2752,2.582,0.0,8.86,118.99,-6.558000000000001,19038.399999999998,20942.239999999998,9.14
2011-06-01 13:00:00,B2752,0.704,0.0,8.11,118.99,-7.706,19038.399999999998,20942.239999999998,8.41
2011-06-01 14:00:00,B2752,0.391,0.0,8.12,118.99,-7.9990000000000006,19038.399999999998,20942.239999999998,8.39
2011-06-01 15:00:00,B2752,0.391,0.0,7.92,118.99,-7.7989999999999995,19038.399999999998,20942.239999999998,8.19
2011-06-01 16:00:00,B2752,0.391,0.0,6.62,118.99,-6.499,19038.399999999998,20942.239999999998,6.89
2011-06-01 17:00:00,B2752,0.704,0.0,4.76,118.99,-4.306,19038.399999999998,20942.239999999998,5.01
2011-06-01 18:00:00,B2752,2.582,0.0,2.23,118.99,0.11199999999999966,19038.399999999998,20942.239999999998,2.47
2011-06-01 19:00:00,B2752,3.208,0.0,0.0,118.99,3.208,19038.399999999998,20942.239999999998,0.0
2011-06-01 20:00:00,B2752,0.704,0.0,0.0,118.99,0.704,19038.399999999998,20942.239999999998,0.0
2011-06-01 21:00:00,B2752,0.704,0.0,0.0,118.99,0.704,19038.399999999998,20942.239999999998,0.0
2011-06-01 22:00:00,B2752,0.704,0.0,0.0,118.99,0.704,19038.399999999998,20942.239999999998,0.0
2011-06-01 23:00:00,B2752,0.391,0.0,0.0,118.99,0.391,19038.399999999998,20942.239999999998,0.0
2011-06-02 00:00:00,B2752,2.791,2.4,0.0,118.99,2.791,19038.399999999998,20942.239999999998,0.0
2011-06-02 01:00:00,B2752,2.791,2.4,0.0,118.99,2.791,19038.399999999998,20942.239999999998,0.0
2011-06-02 02:00:00,B2752,2.791,2.4,0.0,118.99,2.791,19038.399999999998,20942.239999999998,0.0
2011-06-02 03:00:00,B2752,2.791,2.4,0.0,118.99,2.791,19038.399999999998,20942.239999999998,0.0
2011-06-02 04:00:00,B2752,2.791,2.4,0.0,118.99,2.791,19038.399999999998,20942.239999999998,0.0
2011-06-02 05:00:00,B2752,0.704,0.0,0.0,118.99,0.704,19038.399999999998,20942.239999999998,0.0
2011-06-02 06:00:00,B2752,2.582,0.0,2.21,118.99,-0.17799999999999994,19038.399999999998,20942.239999999998,2.76
2011-06-02 07:00:00,B2752,0.705,0.0,3.51,118.99,-3.505,19038.399999999998,20942.239999999998,4.21
2011-06-02 08:00:00,B2752,0.392,0.0,5.21,118.99,-5.508,19038.399999999998,20942.239999999998,5.9
2011-06-02 09:00:00,B2752,0.391,0.0,6.17,118.99,-6.379,19038.399999999998,20942.239999999998,6.77
2011-06-02 10:00:00,B2752,0.391,0.0,6.2,118.99,-6.359,19038.399999999998,20942.239999999998,6.75
2011-06-02 11:00:00,B2752,0.391,0.0,6.44,118.99,-6.569,19038.399999999998,20942.239999999998,6.96
2011-06-02 12:00:00,B2752,2.582,0.0,6.97,118.99,-4.888,19038.399999999998,20942.239999999998,7.47
2011-06-02 13:00:00,B2752,0.704,0.0,7.84,118.99,-7.606000000000001,19038.399999999998,20942.239999999998,8.31
2011-06-02 14:00:00,B2752,0.391,0.0,8.1,118.99,-8.119,19038.399999999998,20942.239999999998,8.51
2011-06-02 15:00:00,B2752,0.391,0.0,7.07,118.99,-7.019,19038.399999999998,20942.239999999998,7.41
2011-06-02 16:00:00,B2752,0.391,0.0,5.69,118.99,-5.629,19038.399999999998,20942.239999999998,6.02
2011-06-02 17:00:00,B2752,0.704,0.0,3.25,118.99,-2.776,19038.399999999998,20942.239999999998,3.48
2011-06-02 18:00:00,B2752,2.582,0.0,1.08,118.99,1.422,19038.399999999998,20942.239999999998,1.16
2011-06-02 19:00:00,B2752,3.208,0.0,0.0,118.99,3.208,19038.399999999998,20942.239999999998,0.0
2011-06-02 20:00:00,B2752,0.704,0.0,0.0,118.99,0.704,19038.399999999998,20942.239999999998,0.0
2011-06-02 21:00:00,B2752,0.704,0.0,0.0,118.99,0.704,19038.399999999998,20942.239999999998,0.0
2011-06-02 22:00:00,B2752,0.704,0.0,0.0,118.99,0.704,19038.399999999998,20942.239999999998,0.0
2011-06-02 23:00:00,B2752,0.391,0.0,0.0,118.99,0.391,19038.399999999998,20942.239999999998,0.0
2011-06-03 00:00:00,B2752,2.791,2.4,0.0,118.99,2.791,19038.399999999998,20942.239999999998,0.0
2011-06-03 01:00:00,B2752,2.791,2.4,0.0,118.99,2.791,19038.399999999998,20942.239999999998,0.0
2011-06-03 02:00:00,B2752,2.791,2.4,0.0,118.99,2.791,19038.399999999998,20942.239999999998,0.0
2011-06-03 03:00:00,B2752,2.791,2.4,0.0,118.99,2.791,19038.399999999998,20942.239999999998,0.0
2011-06-03 04:00:00,B2752,2.791,2.4,0.0,118.99,2.791,19038.399999999998,20942.239999999998,0.0
2011-06-03 05:00:00,B2752,0.704,0.0,0.0,118.99,0.704,19038.399999999998,20942.239999999998,0.0
2011-06-03 06:00:00,B2752,2.582,0.0,2.43,118.99,-0.8380000000000001,19038.399999999998,20942.239999999998,3.42
2011-06-03 07:00:00,B2752,0.705,0.0,4.06,118.99,-4.3149999999999995,19038.399999999998,20942.239999999998,5.02
2011-06-03 08:00:00,B2752,0.392,0.0,5.91,118.99,-6.1979999999999995,19038.399999999998,20942.239999999998,6.59
2011-06-03 09:00:00,B2752,0.391,0.0,6.93,118.99,-7.029,19038.399999999998,20942.239999999998,7.42
2011-06-03 10:00:00,B2752,0.391,0.0,7.72,118.99,-7.779,19038.399999999998,20942.239999999998,8.17
2011-06-03 11:00:00,B2752,0.391,0.0,8.44,118.99,-8.489,19038.399999999998,20942.239999999998,8.88
2011-06-03 12:00:00,B2752,2.582,0.0,8.69,118.99,-6.478000000000001,19038.399999999998,20942.239999999998,9.06
2011-06-03 13:00:00,B2752,0.704,0.0,8.48,118.99,-8.096,19038.399999999998,20942.239999999998,8.8
2011-06-03 14:00:00,B2752,0.391,0.0,7.66,118.99,-7.599,19038.399999999998,20942.239999999998,7.99
2011-06-03 15:00:00,B2752,0.391,0.0,6.75,118.99,-6.689,19038.399999999998,20942.239999999998,7.08
2011-06-03 16:00:00,B2752,0.391,0.0,6.08,118.99,-5.999,19038.399999999998,20942.239999999998,6.39
2011-06-03 17:00:00,B2752,0.704,0.0,4.66,118.99,-4.216,19038.399999999998,20942.239999999998,4.92
2011-06-03 18:00:00,B2752,2.582,0.0,2.24,118.99,0.10199999999999987,19038.399999999998,20942.239999999998,2.48
2011-06-03 19:00:00,B2752,3.208,0.0,0.0,118.99,3.208,19038.399999999998,20942.239999999998,0.0
2011-06-03 20:00:00,B2752,0.704,0.0,0.0,118.99,0.704,19038.399999999998,20942.239999999998,0.0
2011-06-03 21:00:00,B2752,0.704,0.0,0.0,118.99,0.704,19038.399999999998,20942.239999999998,0.0
2011-06-03 22:00:00,B2752,0.704,0.0,0.0,118.99,0.704,19038.399999999998,20942.239999999998,0.0
2011-06-03 23:00:00,B2752,0.391,0.0,0.0,118.99,0.391,19038.399999999998,20942.239999999998,0.0
2011-06-04 00:00:00,B2752,0.391,0.0,0.0,118.99,0.391,19038.399999999998,20942.239999999998,0.0
2011-06-04 01:00:00,B2752,0.391,0.0,0.0,118.99,0.391,19038.399999999998,20942.239999999998,0.0
2011-06-04 02:00:00,B2752,0.391,0.0,0.0,118.99,0.391,19038.399999999998,20942.239999999998,0.0
2011-06-04 03:00:00,B2752,0.391,0.0,0.0,118.99,0.391,19038.399999999998,20942.239999999998,0.0
2011-06-04 04:00:00,B2752,0.391,0.0,0.0,118.99,0.391,19038.399999999998,20942.239999999998,0.0
2011-06-04 05:00:00,B2752,0.704,0.0,0.0,118.99,0.704,19038.399999999998,20942.239999999998,0.0
2011-06-04 06:00:00,B2752,2.581,0.0,5.87,118.99,-7.679,19038.399999999998,20942.239999999998,10.26
2011-06-04 07:00:00,B2752,0.704,0.0,6.9,118.99,-7.956,19038.399999999998,20942.239999999998,8.66
2011-06-04 08:00:00,B2752,2.792,2.4,8.17,118.99,-6.098000000000001,19038.399999999998,20942.239999999998,8.89
2011-06-04 09:00:00,B2752,2.792,2.4,9.05,118.99,-6.678000000000001,19038.399999999998,20942.239999999998,9.47
2011-06-04 10:00:00,B2752,2.792,2.4,9.15,118.99,-6.747999999999999,19038.399999999998,20942.239999999998,9.54
2011-06-04 11:00:00,B2752,2.792,2.4,8.72,118.99,-6.338000000000001,19038.399999999998,20942.239999999998,9.13
2011-06-04 12:00:00,B2752,4.982,2.4,9.25,118.99,-4.658,19038.399999999998,20942.239999999998,9.64
2011-06-04 13:00:00,B2752,0.704,0.0,9.65,118.99,-9.256,19038.399999999998,20942.239999999998,9.96
2011-06-04 14:00:00,B2752,0.391,0.0,9.01,118.99,-8.899,19038.399999999998,20942.239999999998,9.29
2011-06-04 15:00:00,B2752,0.391,0.0,7.8,118.99,-7.679,19038.399999999998,20942.239999999998,8.07
2011-06-04 16:00:00,B2752,0.391,0.0,6.38,118.99,-6.269,19038.399999999998,20942.239999999998,6.66
2011-06-04 17:00:00,B2752,0.704,0.0,4.29,118.99,-3.8260000000000005,19038.399999999998,20942.239999999998,4.53
2011-06-04 18:00:00,B2752,2.582,0.0,1.8,118.99,0.6019999999999999,19038.399999999998,20942.239999999998,1.98
2011-06-04 19:00:00,B2752,3.208,0.0,0.0,118.99,3.208,19038.399999999998,20942.239999999998,0.0
2011-06-04 20:00:00,B2752,0.704,0.0,0.0,118.99,0.704,19038.399999999998,20942.239999999998,0.0
2011-06-04 21:00:00,B2752,0.704,0.0,0.0,118.99,0.704,19038.399999999998,20942.239999999998,0.0
2011-06-04 22:00:00,B2752,0.704,0.0,0.0,118.99,0.704,19038.399999999998,20942.239999999998,0.0
2011-06-04 23:00:00,B2752,0.391,0.0,0.0,118.99,0.391,19038.399999999998,20942.239999999998,0.0
2011-06-05 00:00:00,B2752,0.391,0.0,0.0,118.99,0.391,19038.399999999998,20942.239999999998,0.0
2011-06-05 01:00:00,B2752,0.391,0.0,0.0,118.99,0.391,19038.399999999998,20942.239999999998,0.0
2011-06-05 02:00:00,B2752,0.391,0.0,0.0,118.99,0.391,19038.399999999998,20942.239999999998,0.0
2011-06-05 03:00:00,B2752,0.391,0.0,0.0,118.99,0.391,19038.399999999998,20942.239999999998,0.0
2011-06-05 04:00:00,B2752,0.391,0.0,0.0,118.99,0.391,19038.399999999998,20942.239999999998,0.0
2011-06-05 05:00:00,B2752,0.704,0.0,0.0,118.99,0.704,19038.399999999998,20942.239999999998,0.0
2011-06-05 06:00:00,B2752,2.581,0.0,2.67,118.99,-1.379,19038.399999999998,20942.239999999998,3.96
2011-06-05 07:00:00,B2752,0.704,0.0,5.09,118.99,-5.646,19038.399999999998,20942.239999999998,6.35
2011-06-05 08:00:00,B2752,2.791,2.4,6.04,118.99,-3.929,19038.399999999998,20942.239999999998,6.72
2011-06-05 09:00:00,B2752,2.792,2.4,6.16,118.99,-3.8980000000000006,19038.399999999998,20942.239999999998,6.69
2011-06-05 10:00:00,B2752,2.792,2.4,7.45,118.99,-5.138,19038.399999999998,20942.239999999998,7.93
2011-06-05 11:00:00,B2752,2.792,2.4,8.44,118.99,-6.018000000000001,19038.399999999998,20942.239999999998,8.81
2011-06-05 12:00:00,B2752,4.982,2.4,9.32,118.99,-4.608,19038.399999999998,20942.239999999998,9.59
2011-06-05 13:00:00,B2752,0.704,0.0,9.72,118.99,-9.276,19038.399999999998,20942.239999999998,9.98
2011-06-05 14:00:00,B2752,0.391,0.0,9.31,118.99,-9.179,19038.399999999998,20942.239999999998,9.57
2011-06-05 15:00:00,B2752,0.391,0.0,8.39,118.99,-8.269,19038.399999999998,20942.239999999998,8.66
2011-06-05 16:00:00,B2752,0.391,0.0,6.99,118.99,-6.879,19038.399999999998,20942.239999999998,7.27
2011-06-05 17:00:00,B2752,0.704,0.0,5.12,118.99,-4.666,19038.399999999998,20942.239999999998,5.37
2011-06-05 18:00:00,B2752,2.582,0.0,2.46,118.99,-0.13800000000000034,19038.399999999998,20942.239999999998,2.72
2011-06-05 19:00:00,B2752,3.208,0.0,0.0,118.99,3.208,19038.399999999998,20942.239999999998,0.0
2011-06-05 20:00:00,B2752,0.704,0.0,0.0,118.99,0.704,19038.399999999998,20942.239999999998,0.0
2011-06-05 21:00:00,B2752,0.704,0.0,0.0,118.99,0.704,19038.399999999998,20942.239999999998,0.0
2011-06-05 22:00:00,B2752,0.704,0.0,0.0,118.99,0.704,19038.399999999998,20942.239999999998,0.0
2011-06-05 23:00:00,B2752,0.391,0.0,0.0,118.99,0.391,19038.399999999998,20942.239999999998,0.0
2011-06-06 00:00:00,B2752,2.791,2.4,0.0,118.99,2.791,19038.399999999998,20942.239999999998,0.0
2011-06-06 01:00:00,B2752,2.791,2.4,0.0,118.99,2.791,19038.399999999998,20942.239999999998,0.0
2011-06-06 02:00:00,B2752,2.791,2.4,0.0,118.99,2.791,19038.399999999998,20942.239999999998,0.0
2011-06-06 03:00:00,B2752,2.791,2.4,0.0,118.99,2.791,19038.399999999998,20942.239999999998,0.0
2011-06-06 04:00:00,B2752,2.791,2.4,0.0,118.99,2.791,19038.399999999998,20942.239999999998,0.0
2011-06-06 05:00:00,B2752,0.704,0.0,0.0,118.99,0.704,19038.399999999998,20942.239999999998,0.0
2011-06-06 06:00:00,B2752,2.582,0.0,6.04,118.99,-7.888000000000001,19038.399999999998,20942.239999999998,10.47
2011-06-06 07:00:00,B2752,0.705,0.0,6.99,118.99,-8.075,19038.399999999998,20942.239999999998,8.78
2011-06-06 08:00:00,B2752,0.392,0.0,8.24,118.99,-8.628,19038.399999999998,20942.239999999998,9.02
2011-06-06 09:00:00,B2752,0.391,0.0,9.07,118.99,-9.159,19038.399999999998,20942.239999999998,9.55
2011-06-06 10:00:00,B2752,0.391,0.0,9.82,118.99,-9.849,19038.399999999998,20942.239999999998,10.24
2011-06-06 11:00:00,B2752,0.391,0.0,10.36,118.99,-10.299,19038.399999999998,20942.239999999998,10.69
2011-06-06 12:00:00,B2752,2.582,0.0,10.51,118.99,-8.168,19038.399999999998,20942.239999999998,10.75
2011-06-06 13:00:00,B2752,0.704,0.0,10.19,118.99,-9.735999999999999,19038.399999999998,20942.239999999998,10.44
2011-06-06 14:00:00,B2752,0.391,0.0,9.58,118.99,-9.459,19038.399999999998,20942.239999999998,9.85
2011-06-06 15:00:00,B2752,0.391,0.0,8.51,118.99,-8.399,19038.399999999998,20942.239999999998,8.79
2011-06-06 16:00:00,B2752,0.391,0.0,7.02,118.99,-6.919,19038.399999999998,20942.239999999998,7.31
2011-06-06 17:00:00,B2752,0.704,0.0,5.18,118.99,-4.736000000000001,19038.399999999998,20942.239999999998,5.44
2011-06-06 18:00:00,B2752,2.582,0.0,2.54,118.99,-0.2280000000000002,19038.399999999998,20942.239999999998,2.81
2011-06-06 19:00:00,B2752,3.208,0.0,0.0,118.99,3.208,19038.399999999998,20942.239999999998,0.0
2011-06-06 20:00:00,B2752,0.704,0.0,0.0,118.99,0.704,19038.399999999998,20942.239999999998,0.0
2011-06-06 21:00:00,B2752,0.704,0.0,0.0,118.99,0.704,19038.399999999998,20942.239999999998,0.0
2011-06-06 22:00:00,B2752,0.704,0.0,0.0,118.99,0.704,19038.399999999998,20942.239999999998,0.0
2011-06-06 23:00:00,B2752,0.391,0.0,0.0,118.99,0.391,19038.399999999998,20942.239999999998,0.0
2011-06-07 00:00:00,B2752,2.791,2.4,0.0,118.99,2.791,19038.399999999998,20942.239999999998,0.0
2011-06-07 01:00:00,B2752,2.791,2.4,0.0,118.99,2.791,19038.399999999998,20942.239999999998,0.0
2011-06-07 02:00:00,B2752,2.791,2.4,0.0,118.99,2.791,19038.399999999998,20942.239999999998,0.0
2011-06-07 03:00:00,B2752,2.791,2.4,0.0,118.99,2.791,19038.399999999998,20942.239999999998,0.0
2011-06-07 04:00:00,B2752,2.791,2.4,0.0,118.99,2.791,19038.399999999998,20942.239999999998,0.0
2011-06-07 05:00:00,B2752,0.704,0.0,0.0,118.99,0.704,19038.399999999998,20942.239999999998,0.0
2011-06-07 06:00:00,B2752,2.582,0.0,4.12,118.99,-3.6580000000000004,19038.399999999998,20942.239999999998,6.24
2011-06-07 07:00:00,B2752,0.705,0.0,6.02,118.99,-6.775,19038.399999999998,20942.239999999998,7.48
2011-06-07 08:00:00,B2752,0.392,0.0,8.03,118.99,-8.438,19038.399999999998,20942.239999999998,8.83
2011-06-07 09:00:00,B2752,0.391,0.0,9.1,118.99,-9.189,19038.399999999998,20942.239999999998,9.58
2011-06-07 10:00:00,B2752,0.391,0.0,10.07,118.99,-10.039,19038.399999999998,20942.239999999998,10.43
2011-06-07 11:00:00,B2752,0.391,0.0,10.52,118.99,-10.399,19038.399999999998,20942.239999999998,10.79
2011-06-07 12:00:00,B2752,2.582,0.0,10.53,118.99,-8.178,19038.399999999998,20942.239999999998,10.76
2011-06-07 13:00:00,B2752,0.704,0.0,10.13,118.99,-9.676,19038.399999999998,20942.239999999998,10.38
2011-06-07 14:00:00,B2752,0.391,0.0,9.17,118.99,-9.079,19038.399999999998,20942.239999999998,9.47
2011-06-07 15:00:00,B2752,0.391,0.0,7.6,118.99,-7.529,19038.399999999998,20942.239999999998,7.92
2011-06-07 16:00:00,B2752,0.391,0.0,5.44,118.99,-5.359,19038.399999999998,20942.239999999998,5.75
2011-06-07 17:00:00,B2752,0.704,0.0,3.6,118.99,-3.146,19038.399999999998,20942.239999999998,3.85
2011-06-07 18:00:00,B2752,2.582,0.0,1.6,118.99,0.8319999999999999,19038.399999999998,20942.239999999998,1.75
2011-06-07 19:00:00,B2752,3.208,0.0,0.0,118.99,3.208,19038.399999999998,20942.239999999998,0.0
2011-06-07 20:00:00,B2752,0.704,0.0,0.0,118.99,0.704,19038.399999999998,20942.239999999998,0.0
2011-06-07 21:00:00,B2752,0.704,0.0,0.0,118.99,0.704,19038.399999999998,20942.239999999998,0.0
2011-06-07 22:00:00,B2752,0.704,0.0,0.0,118.99,0.704,19038.399999999998,20942.239999999998,0.0
2011-06-07 23:00:00,B2752,0.391,0.0,0.0,118.99,0.391,19038.399999999998,20942.239999999998,0.0
2011-06-08 00:00:00,B2752,2.791,2.4,0.0,118.99,2.791,19038.399999999998,20942.239999999998,0.0
2011-06-08 01:00:00,B2752,2.791,2.4,0.0,118.99,2.791,19038.399999999998,20942.239999999998,0.0
2011-06-08 02:00:00,B2752,2.791,2.4,0.0,118.99,2.791,19038.399999999998,20942.239999999998,0.0
2011-06-08 03:00:00,B2752,2.791,2.4,0.0,118.99,2.791,19038.399999999998,20942.239999999998,0.0
2011-06-08 04:00:00,B2752,2.791,2.4,0.0,118.99,2.791,19038.399999999998,20942.239999999998,0.0
2011-06-08 05:00:00,B2752,0.704,0.0,0.0,118.99,0.704,19038.399999999998,20942.239999999998,0.0
2011-06-08 06:00:00,B2752,2.582,0.0,2.17,118.99,-0.278,19038.399999999998,20942.239999999998,2.86
2011-06-08 07:00:00,B2752,0.705,0.0,3.78,118.99,-3.915,19038.399999999998,20942.239999999998,4.62
2011-06-08 08:00:00,B2752,0.392,0.0,5.89,118.99,-6.188,19038.399999999998,20942.239999999998,6.58
2011-06-08 09:00:00,B2752,0.391,0.0,6.8,118.99,-6.989,19038.399999999998,20942.239999999998,7.38
2011-06-08 10:00:00,B2752,0.391,0.0,7.37,118.99,-7.579,19038.399999999998,20942.239999999998,7.97
2011-06-08 11:00:00,B2752,0.391,0.0,9.05,118.99,-9.109,19038.399999999998,20942.239999999998,9.5
2011-06-08 12:00:00,B2752,2.582,0.0,10.02,118.99,-7.758,19038.399999999998,20942.239999999998,10.34
2011-06-08 13:00:00,B2752,0.704,0.0,10.01,118.99,-9.575999999999999,19038.399999999998,20942.239999999998,10.28
2011-06-08 14:00:00,B2752,0.391,0.0,9.45,118.99,-9.329,19038.399999999998,20942.239999999998,9.72
2011-06-08 15:00:00,B2752,0.391,0.0,8.31,118.99,-8.199,19038.399999999998,20942.239999999998,8.59
2011-06-08 16:00:00,B2752,0.391,0.0,6.83,118.99,-6.719,19038.399999999998,20942.239999999998,7.11
2011-06-08 17:00:00,B2752,0.704,0.0,4.97,118.99,-4.526000000000001,19038.399999999998,20942.239999999998,5.23
2011-06-08 18:00:00,B2752,2.582,0.0,2.46,118.99,-0.13800000000000034,19038.399999999998,20942.239999999998,2.72
2011-06-08 19:00:00,B2752,3.208,0.0,0.0,118.99,3.208,19038.399999999998,20942.239999999998,0.0
2011-06-08 20:00:00,B2752,0.704,0.0,0.0,118.99,0.704,19038.399999999998,20942.239999999998,0.0
2011-06-08 21:00:00,B2752,0.704,0.0,0.0,118.99,0.704,19038.399999999998,20942.239999999998,0.0
2011-06-08 22:00:00,B2752,0.704,0.0,0.0,118.99,0.704,19038.399999999998,20942.239999999998,0.0
2011-06-08 23:00:00,B2752,0.391,0.0,0.0,118.99,0.391,19038.399999999998,20942.239999999998,0.0
2011-06-09 00:00:00,B2752,2.791,2.4,0.0,118.99,2.791,19038.399999999998,20942.239999999998,0.0
2011-06-09 01:00:00,B2752,2.791,2.4,0.0,118.99,2.791,19038.399999999998,20942.239999999998,0.0
2011-06-09 02:00:00,B2752,2.791,2.4,0.0,118.99,2.791,19038.399999999998,20942.239999999998,0.0
2011-06-09 03:00:00,B2752,2.791,2.4,0.0,118.99,2.791,19038.399999999998,20942.239999999998,0.0
2011-06-09 04:00:00,B2752,2.791,2.4,0.0,118.99,2.791,19038.399999999998,20942.239999999998,0.0
2011-06-09 05:00:00,B2752,0.704,0.0,0.0,118.99,0.704,19038.399999999998,20942.239999999998,0.0
2011-06-09 06:00:00,B2752,2.582,0.0,5.58,118.99,-6.9479999999999995,19038.399999999998,20942.239999999998,9.53
2011-06-09 07:00:00,B2752,0.705,0.0,6.7,118.99,-7.705,19038.399999999998,20942.239999999998,8.41
2011-06-09 08:00:00,B2752,0.392,0.0,8.13,118.99,-8.538,19038.399999999998,20942.239999999998,8.93
2011-06-09 09:00:00,B2752,0.391,0.0,9.18,118.99,-9.279,19038.399999999998,20942.239999999998,9.67
2011-06-09 10:00:00,B2752,0.391,0.0,10.05,118.99,-10.049,19038.399999999998,20942.239999999998,10.44
2011-06-09 11:00:00,B2752,0.391,0.0,10.71,118.99,-10.619,19038.399999999998,20942.239999999998,11.01
2011-06-09 12:00:00,B2752,2.582,0.0,10.25,118.99,-7.9479999999999995,19038.399999999998,20942.239999999998,10.53
2011-06-09 13:00:00,B2752,0.704,0.0,8.84,118.99,-8.436,19038.399999999998,20942.239999999998,9.14
2011-06-09 14:00:00,B2752,0.391,0.0,8.64,118.99,-8.549,19038.399999999998,20942.239999999998,8.94
2011-06-09 15:00:00,B2752,0.391,0.0,8.53,118.99,-8.419,19038.399999999998,20942.239999999998,8.81
2011-06-09 16:00:00,B2752,0.391,0.0,7.15,118.99,-7.039,19038.399999999998,20942.239999999998,7.43
2011-06-09 17:00:00,B2752,0.704,0.0,5.32,118.99,-4.876,19038.399999999998,20942.239999999998,5.58
2011-06-09 18:00:00,B2752,2.582,0.0,2.58,118.99,-0.278,19038.399999999998,20942.239999999998,2.86
2011-06-09 19:00:00,B2752,3.208,0.0,0.0,118.99,3.208,19038.399999999998,20942.239999999998,0.0
2011-06-09 20:00:00,B2752,0.704,0.0,0.0,118.99,0.704,19038.399999999998,20942.239999999998,0.0
2011-06-09 21:00:00,B2752,0.704,0.0,0.0,118.99,0.704,19038.399999999998,20942.239999999998,0.0
2011-06-09 22:00:00,B2752,0.704,0.0,0.0,118.99,0.704,19038.399999999998,20942.239999999998,0.0
2011-06-09 23:00:00,B2752,0.391,0.0,0.0,118.99,0.391,19038.399999999998,20942.239999999998,0.0
2011-06-10 00:00:00,B2752,2.791,2.4,0.0,118.99,2.791,19038.399999999998,20942.239999999998,0.0
2011-06-10 01:00:00,B2752,2.791,2.4,0.0,118.99,2.791,19038.399999999998,20942.239999999998,0.0
2011-06-10 02:00:00,B2752,2.791,2.4,0.0,118.99,2.791,19038.399999999998,20942.239999999998,0.0
2011-06-10 03:00:00,B2752,2.791,2.4,0.0,118.99,2.791,19038.399999999998,20942.239999999998,0.0
2011-06-10 04:00:00,B2752,2.791,2.4,0.0,118.99,2.791,19038.399999999998,20942.239999999998,0.0
2011-06-10 05:00:00,B2752,0.704,0.0,0.0,118.99,0.704,19038.399999999998,20942.239999999998,0.0
2011-06-10 06:00:00,B2752,2.582,0.0,6.31,118.99,-8.478000000000002,19038.399999999998,20942.239999999998,11.06
2011-06-10 07:00:00,B2752,0.705,0.0,7.36,118.99,-8.555,19038.399999999998,20942.239999999998,9.26
2011-06-10 08:00:00,B2752,0.392,0.0,8.71,118.99,-9.098,19038.399999999998,20942.239999999998,9.49
2011-06-10 09:00:00,B2752,0.391,0.0,9.58,118.99,-9.609,19038.399999999998,20942.239999999998,10.0
2011-06-10 10:00:00,B2752,0.391,0.0,10.2,118.99,-10.169,19038.399999999998,20942.239999999998,10.56
2011-06-10 11:00:00,B2752,0.391,0.0,10.65,118.99,-10.529,19038.399999999998,20942.239999999998,10.92
2011-06-10 12:00:00,B2752,2.582,0.0,10.74,118.99,-8.378,19038.399999999998,20942.239999999998,10.96
2011-06-10 13:00:00,B2752,0.704,0.0,10.44,118.99,-9.975999999999999,19038.399999999998,20942.239999999998,10.68
2011-06-10 14:00:00,B2752,0.391,0.0,9.79,118.99,-9.649,19038.399999999998,20942.239999999998,10.04
2011-06-10 15:00:00,B2752,0.391,0.0,8.64,118.99,-8.529,19038.399999999998,20942.239999999998,8.92
2011-06-10 16:00:00,B2752,0.391,0.0,6.93,118.99,-6.869,19038.399999999998,20942.239999999998,7.26
2011-06-10 17:00:00,B2752,0.704,0.0,5.0,118.99,-4.636,19038.399999999998,20942.239999999998,5.34
2011-06-10 18:00:00,B2752,2.582,0.0,2.51,118.99,-0.18800000000000017,19038.399999999998,20942.239999999998,2.77
2011-06-10 19:00:00,B2752,3.208,0.0,0.0,118.99,3.208,19038.399999999998,20942.239999999998,0.0
2011-06-10 20:00:00,B2752,0.704,0.0,0.0,118.99,0.704,19038.399999999998,20942.239999999998,0.0
2011-06-10 21:00:00,B2752,0.704,0.0,0.0,118.99,0.704,19038.399999999998,20942.239999999998,0.0
2011-06-10 22:00:00,B2752,0.704,0.0,0.0,118.99,0.704,19038.399999999998,20942.239999999998,0.0
2011-06-10 23:00:00,B2752,0.391,0.0,0.0,118.99,0.391,19038.399999999998,20942.239999999998,0.0
2011-06-11 00:00:00,B2752,0.391,0.0,0.0,118.99,0.391,19038.399999999998,20942.239999999998,0.0
2011-06-11 01:00:00,B2752,0.391,0.0,0.0,118.99,0.391,19038.399999999998,20942.239999999998,0.0
2011-06-11 02:00:00,B2752,0.391,0.0,0.0,118.99,0.391,19038.399999999998,20942.239999999998,0.0
2011-06-11 03:00:00,B2752,0.391,0.0,0.0,118.99,0.391,19038.399999999998,20942.239999999998,0.0
2011-06-11 04:00:00,B2752,0.391,0.0,0.0,118.99,0.391,19038.399999999998,20942.239999999998,0.0
2011-06-11 05:00:00,B2752,0.704,0.0,0.0,118.99,0.704,19038.399999999998,20942.239999999998,0.0
2011-06-11 06:00:00,B2752,2.581,0.0,5.92,118.99,-7.569000000000001,19038.399999999998,20942.239999999998,10.15
2011-06-11 07:00:00,B2752,0.704,0.0,6.73,118.99,-7.736,19038.399999999998,20942.239999999998,8.44
2011-06-11 08:00:00,B2752,2.792,2.4,7.83,118.99,-5.868,19038.399999999998,20942.239999999998,8.66
2011-06-11 09:00:00,B2752,2.792,2.4,8.82,118.99,-6.568,19038.399999999998,20942.239999999998,9.36
2011-06-11 10:00:00,B2752,2.792,2.4,9.82,118.99,-7.468,19038.399999999998,20942.239999999998,10.26
2011-06-11 11:00:00,B2752,2.792,2.4,10.19,118.99,-7.7379999999999995,19038.399999999998,20942.239999999998,10.53
2011-06-11 12:00:00,B2752,4.982,2.4,10.32,118.99,-5.627999999999999,19038.399999999998,20942.239999999998,10.61
2011-06-11 13:00:00,B2752,0.704,0.0,10.28,118.99,-9.866,19038.399999999998,20942.239999999998,10.57
2011-06-11 14:00:00,B2752,0.391,0.0,9.62,118.99,-9.499,19038.399999999998,20942.239999999998,9.89
2011-06-11 15:00:00,B2752,0.391,0.0,8.5,118.99,-8.399,19038.399999999998,20942.239999999998,8.79
2011-06-11 16:00:00,B2752,0.391,0.0,7.11,118.99,-7.009,19038.399999999998,20942.239999999998,7.4
2011-06-11 17:00:00,B2752,0.704,0.0,5.16,118.99,-4.716,19038.399999999998,20942.239999999998,5.42
2011-06-11 18:00:00,B2752,2.582,0.0,2.42,118.99,-0.08800000000000008,19038.399999999998,20942.239999999998,2.67
2011-06-11 19:00:00,B2752,3.208,0.0,0.0,118.99,3.208,19038.399999999998,20942.239999999998,0.0
2011-06-11 20:00:00,B2752,0.704,0.0,0.0,118.99,0.704,19038.399999999998,20942.239999999998,0.0
2011-06-11 21:00:00,B2752,0.704,0.0,0.0,118.99,0.704,19038.399999999998,20942.239999999998,0.0
2011-06-11 22:00:00,B2752,0.704,0.0,0.0,118.99,0.704,19038.399999999998,20942.239999999998,0.0
2011-06-11 23:00:00,B2752,0.391,0.0,0.0,118.99,0.391,19038.399999999998,20942.239999999998,0.0
2011-06-12 00:00:00,B2752,0.391,0.0,0.0,118.99,0.391,19038.399999999998,20942.239999999998,0.0
2011-06-12 01:00:00,B2752,0.391,0.0,0.0,118.99,0.391,19038.399999999998,20942.239999999998,0.0
2011-06-12 02:00:00,B2752,0.391,0.0,0.0,118.99,0.391,19038.399999999998,20942.239999999998,0.0
2011-06-12 03:00:00,B2752,0.391,0.0,0.0,118.99,0.391,19038.399999999998,20942.239999999998,0.0
2011-06-12 04:00:00,B2752,0.391,0.0,0.0,118.99,0.391,19038.399999999998,20942.239999999998,0.0
2011-06-12 05:00:00,B2752,0.704,0.0,0.0,118.99,0.704,19038.399999999998,20942.239999999998,0.0
2011-06-12 06:00:00,B2752,2.581,0.0,2.32,118.99,-0.4990000000000001,19038.399999999998,20942.239999999998,3.08
2011-06-12 07:00:00,B2752,0.704,0.0,2.76,118.99,-2.6260000000000003,19038.399999999998,20942.239999999998,3.33
2011-06-12 08:00:00,B2752,2.791,2.4,4.02,118.99,-1.8089999999999997,19038.399999999998,20942.239999999998,4.6
2011-06-12 09:00:00,B2752,2.792,2.4,5.46,118.99,-3.248,19038.399999999998,20942.239999999998,6.04
2011-06-12 10:00:00,B2752,2.792,2.4,6.78,118.99,-4.538,19038.399999999998,20942.239999999998,7.33
2011-06-12 11:00:00,B2752,2.792,2.4,7.44,118.99,-5.088,19038.399999999998,20942.239999999998,7.88
2011-06-12 12:00:00,B2752,4.982,2.4,7.77,118.99,-3.137999999999999,19038.399999999998,20942.239999999998,8.12
2011-06-12 13:00:00,B2752,0.704,0.0,7.71,118.99,-7.3660000000000005,19038.399999999998,20942.239999999998,8.07
2011-06-12 14:00:00,B2752,0.391,0.0,6.07,118.99,-6.069,19038.399999999998,20942.239999999998,6.46
2011-06-12 15:00:00,B2752,0.391,0.0,5.24,118.99,-5.249,19038.399999999998,20942.239999999998,5.64
2011-06-12 16:00:00,B2752,0.391,0.0,5.04,118.99,-4.999,19038.399999999998,20942.239999999998,5.39
2011-06-12 17:00:00,B2752,0.704,0.0,3.95,118.99,-3.5060000000000002,19038.399999999998,20942.239999999998,4.21
2011-06-12 18:00:00,B2752,2.582,0.0,1.7,118.99,0.7119999999999997,19038.399999999998,20942.239999999998,1.87
2011-06-12 19:00:00,B2752,3.208,0.0,0.0,118.99,3.208,19038.399999999998,20942.239999999998,0.0
2011-06-12 20:00:00,B2752,0.704,0.0,0.0,118.99,0.704,19038.399999999998,20942.239999999998,0.0
2011-06-12 21:00:00,B2752,0.704,0.0,0.0,118.99,0.704,19038.399999999998,20942.239999999998,0.0
2011-06-12 22:00:00,B2752,0.704,0.0,0.0,118.99,0.704,19038.399999999998,20942.239999999998,0.0
2011-06-12 23:00:00,B2752,0.391,0.0,0.0,118.99,0.391,19038.399999999998,20942.239999999998,0.0
2011-06-13 00:00:00,B2752,2.791,2.4,0.0,118.99,2.791,19038.399999999998,20942.239999999998,0.0
2011-06-13 01:00:00,B2752,2.791,2.4,0.0,118.99,2.791,19038.399999999998,20942.239999999998,0.0
2011-06-13 02:00:00,B2752,2.791,2.4,0.0,118.99,2.791,19038.399999999998,20942.239999999998,0.0
2011-06-13 03:00:00,B2752,2.791,2.4,0.0,118.99,2.791,19038.399999999998,20942.239999999998,0.0
2011-06-13 04:00:00,B2752,2.791,2.4,0.0,118.99,2.791,19038.399999999998,20942.239999999998,0.0
2011-06-13 05:00:00,B2752,0.704,0.0,0.0,118.99,0.704,19038.399999999998,20942.239999999998,0.0
2011-06-13 06:00:00,B2752,2.582,0.0,3.55,118.99,-2.878,19038.399999999998,20942.239999999998,5.46
2011-06-13 07:00:00,B2752,0.705,0.0,3.53,118.99,-3.6550000000000002,19038.399999999998,20942.239999999998,4.36
2011-06-13 08:00:00,B2752,0.392,0.0,4.93,118.99,-5.117999999999999,19038.399999999998,20942.239999999998,5.51
2011-06-13 09:00:00,B2752,0.391,0.0,6.97,118.99,-7.049,19038.399999999998,20942.239999999998,7.44
2011-06-13 10:00:00,B2752,0.391,0.0,8.17,118.99,-8.249,19038.399999999998,20942.239999999998,8.64
2011-06-13 11:00:00,B2752,0.391,0.0,8.48,118.99,-8.509,19038.399999999998,20942.239999999998,8.9
2011-06-13 12:00:00,B2752,2.582,0.0,8.37,118.99,-6.138000000000001,19038.399999999998,20942.239999999998,8.72
2011-06-13 13:00:00,B2752,0.704,0.0,8.2,118.99,-7.835999999999999,19038.399999999998,20942.239999999998,8.54
2011-06-13 14:00:00,B2752,0.391,0.0,7.99,118.99,-7.978999999999999,19038.399999999998,20942.239999999998,8.37
2011-06-13 15:00:00,B2752,0.391,0.0,7.22,118.99,-7.179,19038.399999999998,20942.239999999998,7.57
2011-06-13 16:00:00,B2752,0.391,0.0,5.98,118.99,-5.889,19038.399999999998,20942.239999999998,6.28
2011-06-13 17:00:00,B2752,0.704,0.0,4.52,118.99,-4.066,19038.399999999998,20942.239999999998,4.77
2011-06-13 18:00:00,B2752,2.582,0.0,2.18,118.99,0.1719999999999997,19038.399999999998,20942.239999999998,2.41
2011-06-13 19:00:00,B2752,3.208,0.0,0.0,118.99,3.208,19038.399999999998,20942.239999999998,0.0
2011-06-13 20:00:00,B2752,0.704,0.0,0.0,118.99,0.704,19038.399999999998,20942.239999999998,0.0
2011-06-13 21:00:00,B2752,0.704,0.0,0.0,118.99,0.704,19038.399999999998,20942.239999999998,0.0
2011-06-13 22:00:00,B2752,0.704,0.0,0.0,118.99,0.704,19038.399999999998,20942.239999999998,0.0
2011-06-13 23:00:00,B2752,0.391,0.0,0.0,118.99,0.391,19038.399999999998,20942.239999999998,0.0
2011-06-14 00:00:00,B2752,2.791,2.4,0.0,118.99,2.791,19038.399999999998,20942.239999999998,0.0
2011-06-14 01:00:00,B2752,2.791,2.4,0.0,118.99,2.791,19038.399999999998,20942.239999999998,0.0
2011-06-14 02:00:00,B2752,2.791,2.4,0.0,118.99,2.791,19038.399999999998,20942.239999999998,0.0
2011-06-14 03:00:00,B2752,2.791,2.4,0.0,118.99,2.791,19038.399999999998,20942.239999999998,0.0
2011-06-14 04:00:00,B2752,2.791,2.4,0.0,118.99,2.791,19038.399999999998,20942.239999999998,0.0
2011-06-14 05:00:00,B2752,0.704,0.0,0.0,118.99,0.704,19038.399999999998,20942.239999999998,0.0
2011-06-14 06:00:00,B2752,2.582,0.0,5.66,118.99,-7.108,19038.399999999998,20942.239999999998,9.69
2011-06-14 07:00:00,B2752,0.705,0.0,6.4,118.99,-7.334999999999999,19038.399999999998,20942.239999999998,8.04
2011-06-14 08:00:00,B2752,0.392,0.0,7.42,118.99,-7.787999999999999,19038.399999999998,20942.239999999998,8.18
2011-06-14 09:00:00,B2752,0.391,0.0,7.61,118.99,-7.699,19038.399999999998,20942.239999999998,8.09
2011-06-14 10:00:00,B2752,0.391,0.0,7.93,118.99,-7.959,19038.399999999998,20942.239999999998,8.35
2011-06-14 11:00:00,B2752,0.391,0.0,8.66,118.99,-8.669,19038.399999999998,20942.239999999998,9.06
2011-06-14 12:00:00,B2752,2.582,0.0,8.68,118.99,-6.4479999999999995,19038.399999999998,20942.239999999998,9.03
2011-06-14 13:00:00,B2752,0.704,0.0,8.3,118.99,-7.906,19038.399999999998,20942.239999999998,8.61
2011-06-14 14:00:00,B2752,0.391,0.0,7.55,118.99,-7.529,19038.399999999998,20942.239999999998,7.92
2011-06-14 15:00:00,B2752,0.391,0.0,7.28,118.99,-7.239,19038.399999999998,20942.239999999998,7.63
2011-06-14 16:00:00,B2752,0.391,0.0,6.89,118.99,-6.809,19038.399999999998,20942.239999999998,7.2
2011-06-14 17:00:00,B2752,0.704,0.0,5.3,118.99,-4.8660000000000005,19038.399999999998,20942.239999999998,5.57
2011-06-14 18:00:00,B2752,2.582,0.0,2.62,118.99,-0.31800000000000006,19038.399999999998,20942.239999999998,2.9
2011-06-14 19:00:00,B2752,3.208,0.0,0.0,118.99,3.208,19038.399999999998,20942.239999999998,0.0
2011-06-14 20:00:00,B2752,0.704,0.0,0.0,118.99,0.704,19038.399999999998,20942.239999999998,0.0
2011-06-14 21:00:00,B2752,0.704,0.0,0.0,118.99,0.704,19038.399999999998,20942.239999999998,0.0
2011-06-14 22:00:00,B2752,0.704,0.0,0.0,118.99,0.704,19038.399999999998,20942.239999999998,0.0
2011-06-14 23:00:00,B2752,0.391,0.0,0.0,118.99,0.391,19038.399999999998,20942.239999999998,0.0
2011-06-15 00:00:00,B2752,2.791,2.4,0.0,118.99,2.791,19038.399999999998,20942.239999999998,0.0
2011-06-15 01:00:00,B2752,2.791,2.4,0.0,118.99,2.791,19038.399999999998,20942.239999999998,0.0
2011-06-15 02:00:00,B2752,2.791,2.4,0.0,118.99,2.791,19038.399999999998,20942.239999999998,0.0
2011-06-15 03:00:00,B2752,2.791,2.4,0.0,118.99,2.791,19038.399999999998,20942.239999999998,0.0
2011-06-15 04:00:00,B2752,2.791,2.4,0.0,118.99,2.791,19038.399999999998,20942.239999999998,0.0
2011-06-15 05:00:00,B2752,0.704,0.0,0.0,118.99,0.704,19038.399999999998,20942.239999999998,0.0
2011-06-15 06:00:00,B2752,2.582,0.0,5.18,118.99,-5.787999999999999,19038.399999999998,20942.239999999998,8.37
2011-06-15 07:00:00,B2752,0.705,0.0,6.65,118.99,-7.625,19038.399999999998,20942.239999999998,8.33
2011-06-15 08:00:00,B2752,0.392,0.0,7.95,118.99,-8.378,19038.399999999998,20942.239999999998,8.77
2011-06-15 09:00:00,B2752,0.391,0.0,8.45,118.99,-8.609,19038.399999999998,20942.239999999998,9.0
2011-06-15 10:00:00,B2752,0.391,0.0,8.52,118.99,-8.629,19038.399999999998,20942.239999999998,9.02
2011-06-15 11:00:00,B2752,0.391,0.0,8.37,118.99,-8.399,19038.399999999998,20942.239999999998,8.79
2011-06-15 12:00:00,B2752,2.582,0.0,8.66,118.99,-6.478000000000001,19038.399999999998,20942.239999999998,9.06
2011-06-15 13:00:00,B2752,0.704,0.0,8.31,118.99,-8.046,19038.399999999998,20942.239999999998,8.75
2011-06-15 14:00:00,B2752,0.391,0.0,7.4,118.99,-7.449,19038.399999999998,20942.239999999998,7.84
2011-06-15 15:00:00,B2752,0.391,0.0,6.8,118.99,-6.819,19038.399999999998,20942.239999999998,7.21
2011-06-15 16:00:00,B2752,0.391,0.0,6.09,118.99,-6.039,19038.399999999998,20942.239999999998,6.43
2011-06-15 17:00:00,B2752,0.704,0.0,4.8,118.99,-4.376,19038.399999999998,20942.239999999998,5.08
2011-06-15 18:00:00,B2752,2.582,0.0,2.54,118.99,-0.2280000000000002,19038.399999999998,20942.239999999998,2.81
2011-06-15 19:00:00,B2752,3.208,0.0,0.0,118.99,3.208,19038.399999999998,20942.239999999998,0.0
2011-06-15 20:00:00,B2752,0.704,0.0,0.0,118.99,0.704,19038.399999999998,20942.239999999998,0.0
2011-06-15 21:00:00,B2752,0.704,0.0,0.0,118.99,0.704,19038.399999999998,20942.239999999998,0.0
2011-06-15 22:00:00,B2752,0.704,0.0,0.0,118.99,0.704,19038.399999999998,20942.239999999998,0.0
2011-06-15 23:00:00,B2752,0.391,0.0,0.0,118.99,0.391,19038.399999999998,20942.239999999998,0.0
2011-06-16 00:00:00,B2752,2.791,2.4,0.0,118.99,2.791,19038.399999999998,20942.239999999998,0.0
2011-06-16 01:00:00,B2752,2.791,2.4,0.0,118.99,2.791,19038.399999999998,20942.239999999998,0.0
2011-06-16 02:00:00,B2752,2.791,2.4,0.0,118.99,2.791,19038.399999999998,20942.239999999998,0.0
2011-06-16 03:00:00,B2752,2.791,2.4,0.0,118.99,2.791,19038.399999999998,20942.239999999998,0.0
2011-06-16 04:00:00,B2752,2.791,2.4,0.0,118.99,2.791,19038.399999999998,20942.239999999998,0.0
2011-06-16 05:00:00,B2752,0.704,0.0,0.0,118.99,0.704,19038.399999999998,20942.239999999998,0.0
2011-06-16 06:00:00,B2752,2.582,0.0,6.21,118.99,-8.187999999999999,19038.399999999998,20942.239999999998,10.77
2011-06-16 07:00:00,B2752,0.705,0.0,7.17,118.99,-8.334999999999999,19038.399999999998,20942.239999999998,9.04
2011-06-16 08:00:00,B2752,0.392,0.0,8.16,118.99,-8.608,19038.399999999998,20942.239999999998,9.0
2011-06-16 09:00:00,B2752,0.391,0.0,8.77,118.99,-8.899,19038.399999999998,20942.239999999998,9.29
2011-06-16 10:00:00,B2752,0.391,0.0,9.16,118.99,-9.199,19038.399999999998,20942.239999999998,9.59
2011-06-16 11:00:00,B2752,0.391,0.0,8.99,118.99,-9.039,19038.399999999998,20942.239999999998,9.43
2011-06-16 12:00:00,B2752,2.582,0.0,8.88,118.99,-6.748,19038.399999999998,20942.239999999998,9.33
2011-06-16 13:00:00,B2752,0.704,0.0,9.12,118.99,-8.756,19038.399999999998,20942.239999999998,9.46
2011-06-16 14:00:00,B2752,0.391,0.0,9.01,118.99,-8.899,19038.399999999998,20942.239999999998,9.29
2011-06-16 15:00:00,B2752,0.391,0.0,8.28,118.99,-8.179,19038.399999999998,20942.239999999998,8.57
2011-06-16 16:00:00,B2752,0.391,0.0,7.05,118.99,-6.939,19038.399999999998,20942.239999999998,7.33
2011-06-16 17:00:00,B2752,0.704,0.0,4.77,118.99,-4.3260000000000005,19038.399999999998,20942.239999999998,5.03
2011-06-16 18:00:00,B2752,2.582,0.0,2.01,118.99,0.3819999999999997,19038.399999999998,20942.239999999998,2.2
2011-06-16 19:00:00,B2752,3.208,0.0,0.0,118.99,3.208,19038.399999999998,20942.239999999998,0.0
2011-06-16 20:00:00,B2752,0.704,0.0,0.0,118.99,0.704,19038.399999999998,20942.239999999998,0.0
2011-06-16 21:00:00,B2752,0.704,0.0,0.0,118.99,0.704,19038.399999999998,20942.239999999998,0.0
2011-06-16 22:00:00,B2752,0.704,0.0,0.0,118.99,0.704,19038.399999999998,20942.239999999998,0.0
2011-06-16 23:00:00,B2752,0.391,0.0,0.0,118.99,0.391,19038.399999999998,20942.239999999998,0.0
2011-06-17 00:00:00,B2752,2.791,2.4,0.0,118.99,2.791,19038.399999999998,20942.239999999998,0.0
2011-06-17 01:00:00,B2752,2.791,2.4,0.0,118.99,2.791,19038.399999999998,20942.239999999998,0.0
2011-06-17 02:00:00,B2752,2.791,2.4,0.0,118.99,2.791,19038.399999999998,20942.239999999998,0.0
2011-06-17 03:00:00,B2752,2.791,2.4,0.0,118.99,2.791,19038.399999999998,20942.239999999998,0.0
2011-06-17 04:00:00,B2752,2.791,2.4,0.0,118.99,2.791,19038.399999999998,20942.239999999998,0.0
2011-06-17 05:00:00,B2752,0.704,0.0,0.0,118.99,0.704,19038.399999999998,20942.239999999998,0.0
2011-06-17 06:00:00,B2752,2.582,0.0,3.15,118.99,-2.128,19038.399999999998,20942.239999999998,4.71
2011-06-17 07:00:00,B2752,0.705,0.0,5.02,118.99,-5.5649999999999995,19038.399999999998,20942.239999999998,6.27
2011-06-17 08:00:00,B2752,0.392,0.0,6.89,118.99,-7.218,19038.399999999998,20942.239999999998,7.61
2011-06-17 09:00:00,B2752,0.391,0.0,8.56,118.99,-8.629,19038.399999999998,20942.239999999998,9.02
2011-06-17 10:00:00,B2752,0.391,0.0,9.59,118.99,-9.599,19038.399999999998,20942.239999999998,9.99
2011-06-17 11:00:00,B2752,0.391,0.0,9.99,118.99,-9.899,19038.399999999998,20942.239999999998,10.29
2011-06-17 12:00:00,B2752,2.582,0.0,10.32,118.99,-7.978000000000001,19038.399999999998,20942.239999999998,10.56
2011-06-17 13:00:00,B2752,0.704,0.0,10.1,118.99,-9.645999999999999,19038.399999999998,20942.239999999998,10.35
2011-06-17 14:00:00,B2752,0.391,0.0,9.41,118.99,-9.279,19038.399999999998,20942.239999999998,9.67
2011-06-17 15:00:00,B2752,0.391,0.0,8.38,118.99,-8.259,19038.399999999998,20942.239999999998,8.65
2011-06-17 16:00:00,B2752,0.391,0.0,6.96,118.99,-6.849,19038.399999999998,20942.239999999998,7.24
2011-06-17 17:00:00,B2752,0.704,0.0,5.12,118.99,-4.676,19038.399999999998,20942.239999999998,5.38
2011-06-17 18:00:00,B2752,2.582,0.0,2.53,118.99,-0.20800000000000018,19038.399999999998,20942.239999999998,2.79
2011-06-17 19:00:00,B2752,3.208,0.0,0.0,118.99,3.208,19038.399999999998,20942.239999999998,0.0
2011-06-17 20:00:00,B2752,0.704,0.0,0.0,118.99,0.704,19038.399999999998,20942.239999999998,0.0
2011-06-17 21:00:00,B2752,0.704,0.0,0.0,118.99,0.704,19038.399999999998,20942.239999999998,0.0
2011-06-17 22:00:00,B2752,0.704,0.0,0.0,118.99,0.704,19038.399999999998,20942.239999999998,0.0
2011-06-17 23:00:00,B2752,0.391,0.0,0.0,118.99,0.391,19038.399999999998,20942.239999999998,0.0
2011-06-18 00:00:00,B2752,0.391,0.0,0.0,118.99,0.391,19038.399999999998,20942.239999999998,0.0
2011-06-18 01:00:00,B2752,0.391,0.0,0.0,118.99,0.391,19038.399999999998,20942.239999999998,0.0
2011-06-18 02:00:00,B2752,0.391,0.0,0.0,118.99,0.391,19038.399999999998,20942.239999999998,0.0
2011-06-18 03:00:00,B2752,0.391,0.0,0.0,118.99,0.391,19038.399999999998,20942.239999999998,0.0
2011-06-18 04:00:00,B2752,0.391,0.0,0.0,118.99,0.391,19038.399999999998,20942.239999999998,0.0
2011-06-18 05:00:00,B2752,0.704,0.0,0.0,118.99,0.704,19038.399999999998,20942.239999999998,0.0
2011-06-18 06:00:00,B2752,2.581,0.0,4.41,118.99,-4.439,19038.399999999998,20942.239999999998,7.02
2011-06-18 07:00:00,B2752,0.704,0.0,5.29,118.99,-5.886,19038.399999999998,20942.239999999998,6.59
2011-06-18 08:00:00,B2752,2.792,2.4,6.51,118.99,-4.458,19038.399999999998,20942.239999999998,7.25
2011-06-18 09:00:00,B2752,2.792,2.4,7.34,118.99,-5.118,19038.399999999998,20942.239999999998,7.91
2011-06-18 10:00:00,B2752,2.792,2.4,7.65,118.99,-5.368,19038.399999999998,20942.239999999998,8.16
2011-06-18 11:00:00,B2752,2.792,2.4,8.92,118.99,-6.508000000000001,19038.399999999998,20942.239999999998,9.3
2011-06-18 12:00:00,B2752,4.982,2.4,10.13,118.99,-5.4479999999999995,19038.399999999998,20942.239999999998,10.43
2011-06-18 13:00:00,B2752,0.704,0.0,9.88,118.99,-9.466,19038.399999999998,20942.239999999998,10.17
2011-06-18 14:00:00,B2752,0.391,0.0,9.37,118.99,-9.269,19038.399999999998,20942.239999999998,9.66
2011-06-18 15:00:00,B2752,0.391,0.0,8.51,118.99,-8.389,19038.399999999998,20942.239999999998,8.78
2011-06-18 16:00:00,B2752,0.391,0.0,7.13,118.99,-7.019,19038.399999999998,20942.239999999998,7.41
2011-06-18 17:00:00,B2752,0.704,0.0,5.29,118.99,-4.846,19038.399999999998,20942.239999999998,5.55
2011-06-18 18:00:00,B2752,2.582,0.0,2.65,118.99,-0.3480000000000003,19038.399999999998,20942.239999999998,2.93
2011-06-18 19:00:00,B2752,3.208,0.0,0.0,118.99,3.208,19038.399999999998,20942.239999999998,0.0
2011-06-18 20:00:00,B2752,0.704,0.0,0.0,118.99,0.704,19038.399999999998,20942.239999999998,0.0
2011-06-18 21:00:00,B2752,0.704,0.0,0.0,118.99,0.704,19038.399999999998,20942.239999999998,0.0
2011-06-18 22:00:00,B2752,0.704,0.0,0.0,118.99,0.704,19038.399999999998,20942.239999999998,0.0
2011-06-18 23:00:00,B2752,0.391,0.0,0.0,118.99,0.391,19038.399999999998,20942.239999999998,0.0
2011-06-19 00:00:00,B2752,0.391,0.0,0.0,118.99,0.391,19038.399999999998,20942.239999999998,0.0
2011-06-19 01:00:00,B2752,0.391,0.0,0.0,118.99,0.391,19038.399999999998,20942.239999999998,0.0
2011-06-19 02:00:00,B2752,0.391,0.0,0.0,118.99,0.391,19038.399999999998,20942.239999999998,0.0
2011-06-19 03:00:00,B2752,0.391,0.0,0.0,118.99,0.391,19038.399999999998,20942.239999999998,0.0
2011-06-19 04:00:00,B2752,0.391,0.0,0.0,118.99,0.391,19038.399999999998,20942.239999999998,0.0
2011-06-19 05:00:00,B2752,0.704,0.0,0.0,118.99,0.704,19038.399999999998,20942.239999999998,0.0
2011-06-19 06:00:00,B2752,2.581,0.0,5.86,118.99,-7.469000000000001,19038.399999999998,20942.239999999998,10.05
2011-06-19 07:00:00,B2752,0.704,0.0,6.93,118.99,-8.046,19038.399999999998,20942.239999999998,8.75
2011-06-19 08:00:00,B2752,2.791,2.4,8.19,118.99,-6.209,19038.399999999998,20942.239999999998,9.0
2011-06-19 09:00:00,B2752,2.792,2.4,8.84,118.99,-6.568,19038.399999999998,20942.239999999998,9.36
2011-06-19 10:00:00,B2752,2.792,2.4,9.36,118.99,-7.038,19038.399999999998,20942.239999999998,9.83
2011-06-19 11:00:00,B2752,2.792,2.4,10.1,118.99,-7.638,19038.399999999998,20942.239999999998,10.43
2011-06-19 12:00:00,B2752,4.982,2.4,10.55,118.99,-5.807999999999999,19038.399999999998,20942.239999999998,10.79
2011-06-19 13:00:00,B2752,0.704,0.0,10.29,118.99,-9.825999999999999,19038.399999999998,20942.239999999998,10.53
2011-06-19 14:00:00,B2752,0.391,0.0,9.66,118.99,-9.529,19038.399999999998,20942.239999999998,9.92
2011-06-19 15:00:00,B2752,0.391,0.0,8.62,118.99,-8.499,19038.399999999998,20942.239999999998,8.89
2011-06-19 16:00:00,B2752,0.391,0.0,7.2,118.99,-7.079,19038.399999999998,20942.239999999998,7.47
2011-06-19 17:00:00,B2752,0.704,0.0,5.33,118.99,-4.886,19038.399999999998,20942.239999999998,5.59
2011-06-19 18:00:00,B2752,2.582,0.0,2.66,118.99,-0.3680000000000003,19038.399999999998,20942.239999999998,2.95
2011-06-19 19:00:00,B2752,3.208,0.0,0.0,118.99,3.208,19038.399999999998,20942.239999999998,0.0
2011-06-19 20:00:00,B2752,0.704,0.0,0.0,118.99,0.704,19038.399999999998,20942.239999999998,0.0
2011-06-19 21:00:00,B2752,0.704,0.0,0.0,118.99,0.704,19038.399999999998,20942.239999999998,0.0
2011-06-19 22:00:00,B2752,0.704,0.0,0.0,118.99,0.704,19038.399999999998,20942.239999999998,0.0
2011-06-19 23:00:00,B2752,0.391,0.0,0.0,118.99,0.391,19038.399999999998,20942.239999999998,0.0
2011-06-20 00:00:00,B2752,2.791,2.4,0.0,118.99,2.791,19038.399999999998,20942.239999999998,0.0
2011-06-20 01:00:00,B2752,2.791,2.4,0.0,118.99,2.791,19038.399999999998,20942.239999999998,0.0
2011-06-20 02:00:00,B2752,2.791,2.4,0.0,118.99,2.791,19038.399999999998,20942.239999999998,0.0
2011-06-20 03:00:00,B2752,2.791,2.4,0.0,118.99,2.791,19038.399999999998,20942.239999999998,0.0
2011-06-20 04:00:00,B2752,2.791,2.4,0.0,118.99,2.791,19038.399999999998,20942.239999999998,0.0
2011-06-20 05:00:00,B2752,0.704,0.0,0.0,118.99,0.704,19038.399999999998,20942.239999999998,0.0
2011-06-20 06:00:00,B2752,2.582,0.0,5.09,118.99,-5.828,19038.399999999998,20942.239999999998,8.41
2011-06-20 07:00:00,B2752,0.705,0.0,5.93,118.99,-6.675,19038.399999999998,20942.239999999998,7.38
2011-06-20 08:00:00,B2752,0.392,0.0,7.44,118.99,-7.897999999999999,19038.399999999998,20942.239999999998,8.29
2011-06-20 09:00:00,B2752,0.391,0.0,8.91,118.99,-9.029,19038.399999999998,20942.239999999998,9.42
2011-06-20 10:00:00,B2752,0.391,0.0,10.01,118.99,-10.009,19038.399999999998,20942.239999999998,10.4
2011-06-20 11:00:00,B2752,0.391,0.0,10.53,118.99,-10.429,19038.399999999998,20942.239999999998,10.82
2011-06-20 12:00:00,B2752,2.582,0.0,10.68,118.99,-8.318000000000001,19038.399999999998,20942.239999999998,10.9
2011-06-20 13:00:00,B2752,0.704,0.0,10.36,118.99,-9.886,19038.399999999998,20942.239999999998,10.59
2011-06-20 14:00:00,B2752,0.391,0.0,9.71,118.99,-9.569,19038.399999999998,20942.239999999998,9.96
2011-06-20 15:00:00,B2752,0.391,0.0,8.65,118.99,-8.519,19038.399999999998,20942.239999999998,8.91
2011-06-20 16:00:00,B2752,0.391,0.0,7.21,118.99,-7.089,19038.399999999998,20942.239999999998,7.48
2011-06-20 17:00:00,B2752,0.704,0.0,5.37,118.99,-4.926,19038.399999999998,20942.239999999998,5.63
2011-06-20 18:00:00,B2752,2.582,0.0,2.7,118.99,-0.39800000000000013,19038.399999999998,20942.239999999998,2.98
2011-06-20 19:00:00,B2752,3.208,0.0,0.0,118.99,3.208,19038.399999999998,20942.239999999998,0.0
2011-06-20 20:00:00,B2752,0.704,0.0,0.0,118.99,0.704,19038.399999999998,20942.239999999998,0.0
2011-06-20 21:00:00,B2752,0.704,0.0,0.0,118.99,0.704,19038.399999999998,20942.239999999998,0.0
2011-06-20 22:00:00,B2752,0.704,0.0,0.0,118.99,0.704,19038.399999999998,20942.239999999998,0.0
2011-06-20 23:00:00,B2752,0.391,0.0,0.0,118.99,0.391,19038.399999999998,20942.239999999998,0.0
2011-06-21 00:00:00,B2752,2.791,2.4,0.0,118.99,2.791,19038.399999999998,20942.239999999998,0.0
2011-06-21 01:00:00,B2752,2.791,2.4,0.0,118.99,2.791,19038.399999999998,20942.239999999998,0.0
2011-06-21 02:00:00,B2752,2.791,2.4,0.0,118.99,2.791,19038.399999999998,20942.239999999998,0.0
2011-06-21 03:00:00,B2752,2.791,2.4,0.0,118.99,2.791,19038.399999999998,20942.239999999998,0.0
2011-06-21 04:00:00,B2752,2.791,2.4,0.0,118.99,2.791,19038.399999999998,20942.239999999998,0.0
2011-06-21 05:00:00,B2752,0.704,0.0,0.0,118.99,0.704,19038.399999999998,20942.239999999998,0.0
2011-06-21 06:00:00,B2752,2.582,0.0,5.67,118.99,-6.928,19038.399999999998,20942.239999999998,9.51
2011-06-21 07:00:00,B2752,0.705,0.0,6.74,118.99,-7.795,19038.399999999998,20942.239999999998,8.5
2011-06-21 08:00:00,B2752,0.392,0.0,8.41,118.99,-8.838000000000001,19038.399999999998,20942.239999999998,9.23
2011-06-21 09:00:00,B2752,0.391,0.0,9.35,118.99,-9.389,19038.399999999998,20942.239999999998,9.78
2011-06-21 10:00:00,B2752,0.391,0.0,10.11,118.99,-10.079,19038.399999999998,20942.239999999998,10.47
2011-06-21 11:00:00,B2752,0.391,0.0,10.53,118.99,-10.409,19038.399999999998,20942.239999999998,10.8
2011-06-21 12:00:00,B2752,2.582,0.0,10.64,118.99,-8.277999999999999,19038.399999999998,20942.239999999998,10.86
2011-06-21 13:00:00,B2752,0.704,0.0,10.33,118.99,-9.856,19038.399999999998,20942.239999999998,10.56
2011-06-21 14:00:00,B2752,0.391,0.0,9.68,118.99,-9.549,19038.399999999998,20942.239999999998,9.94
2011-06-21 15:00:00,B2752,0.391,0.0,8.67,118.99,-8.539,19038.399999999998,20942.239999999998,8.93
2011-06-21 16:00:00,B2752,0.391,0.0,7.25,118.99,-7.129,19038.399999999998,20942.239999999998,7.52
2011-06-21 17:00:00,B2752,0.704,0.0,5.4,118.99,-4.956,19038.399999999998,20942.239999999998,5.66
2011-06-21 18:00:00,B2752,2.582,0.0,2.72,118.99,-0.42799999999999994,19038.399999999998,20942.239999999998,3.01
2011-06-21 19:00:00,B2752,3.208,0.0,0.0,118.99,3.208,19038.399999999998,20942.239999999998,0.0
2011-06-21 20:00:00,B2752,0.704,0.0,0.0,118.99,0.704,19038.399999999998,20942.239999999998,0.0
2011-06-21 21:00:00,B2752,0.704,0.0,0.0,118.99,0.704,19038.399999999998,20942.239999999998,0.0
2011-06-21 22:00:00,B2752,0.704,0.0,0.0,118.99,0.704,19038.399999999998,20942.239999999998,0.0
2011-06-21 23:00:00,B2752,0.391,0.0,0.0,118.99,0.391,19038.399999999998,20942.239999999998,0.0
2011-06-22 00:00:00,B2752,2.791,2.4,0.0,118.99,2.791,19038.399999999998,20942.239999999998,0.0
2011-06-22 01:00:00,B2752,2.791,2.4,0.0,118.99,2.791,19038.399999999998,20942.239999999998,0.0
2011-06-22 02:00:00,B2752,2.791,2.4,0.0,118.99,2.791,19038.399999999998,20942.239999999998,0.0
2011-06-22 03:00:00,B2752,2.791,2.4,0.0,118.99,2.791,19038.399999999998,20942.239999999998,0.0
2011-06-22 04:00:00,B2752,2.791,2.4,0.0,118.99,2.791,19038.399999999998,20942.239999999998,0.0
2011-06-22 05:00:00,B2752,0.704,0.0,0.0,118.99,0.704,19038.399999999998,20942.239999999998,0.0
2011-06-22 06:00:00,B2752,2.582,0.0,6.11,118.99,-7.957999999999999,19038.399999999998,20942.239999999998,10.54
2011-06-22 07:00:00,B2752,0.705,0.0,7.08,118.99,-8.255,19038.399999999998,20942.239999999998,8.96
2011-06-22 08:00:00,B2752,0.392,0.0,8.48,118.99,-8.908000000000001,19038.399999999998,20942.239999999998,9.3
2011-06-22 09:00:00,B2752,0.391,0.0,9.38,118.99,-9.419,19038.399999999998,20942.239999999998,9.81
2011-06-22 10:00:00,B2752,0.391,0.0,10.12,118.99,-10.079,19038.399999999998,20942.239999999998,10.47
2011-06-22 11:00:00,B2752,0.391,0.0,10.56,118.99,-10.429,19038.399999999998,20942.239999999998,10.82
2011-06-22 12:00:00,B2752,2.582,0.0,10.61,118.99,-8.238,19038.399999999998,20942.239999999998,10.82
2011-06-22 13:00:00,B2752,0.704,0.0,10.24,118.99,-9.766,19038.399999999998,20942.239999999998,10.47
2011-06-22 14:00:00,B2752,0.391,0.0,9.55,118.99,-9.409,19038.399999999998,20942.239999999998,9.8
2011-06-22 15:00:00,B2752,0.391,0.0,8.5,118.99,-8.369,19038.399999999998,20942.239999999998,8.76
2011-06-22 16:00:00,B2752,0.391,0.0,7.06,118.99,-6.939,19038.399999999998,20942.239999999998,7.33
2011-06-22 17:00:00,B2752,0.704,0.0,5.22,118.99,-4.766,19038.399999999998,20942.239999999998,5.47
2011-06-22 18:00:00,B2752,2.582,0.0,2.61,118.99,-0.29800000000000004,19038.399999999998,20942.239999999998,2.88
2011-06-22 19:00:00,B2752,3.208,0.0,0.0,118.99,3.208,19038.399999999998,20942.239999999998,0.0
2011-06-22 20:00:00,B2752,0.704,0.0,0.0,118.99,0.704,19038.399999999998,20942.239999999998,0.0
2011-06-22 21:00:00,B2752,0.704,0.0,0.0,118.99,0.704,19038.399999999998,20942.239999999998,0.0
2011-06-22 22:00:00,B2752,0.704,0.0,0.0,118.99,0.704,19038.399999999998,20942.239999999998,0.0
2011-06-22 23:00:00,B2752,0.391,0.0,0.0,118.99,0.391,19038.399999999998,20942.239999999998,0.0
2011-06-23 00:00:00,B2752,2.791,2.4,0.0,118.99,2.791,19038.399999999998,20942.239999999998,0.0
2011-06-23 01:00:00,B2752,2.791,2.4,0.0,118.99,2.791,19038.399999999998,20942.239999999998,0.0
2011-06-23 02:00:00,B2752,2.791,2.4,0.0,118.99,2.791,19038.399999999998,20942.239999999998,0.0
2011-06-23 03:00:00,B2752,2.791,2.4,0.0,118.99,2.791,19038.399999999998,20942.239999999998,0.0
2011-06-23 04:00:00,B2752,2.791,2.4,0.0,118.99,2.791,19038.399999999998,20942.239999999998,0.0
2011-06-23 05:00:00,B2752,0.704,0.0,0.0,118.99,0.704,19038.399999999998,20942.239999999998,0.0
2011-06-23 06:00:00,B2752,2.582,0.0,6.33,118.99,-8.488,19038.399999999998,20942.239999999998,11.07
2011-06-23 07:00:00,B2752,0.705,0.0,7.06,118.99,-8.235,19038.399999999998,20942.239999999998,8.94
2011-06-23 08:00:00,B2752,0.392,0.0,8.35,118.99,-8.768,19038.399999999998,20942.239999999998,9.16
2011-06-23 09:00:00,B2752,0.391,0.0,9.39,118.99,-9.409,19038.399999999998,20942.239999999998,9.8
2011-06-23 10:00:00,B2752,0.391,0.0,9.9,118.99,-9.839,19038.399999999998,20942.239999999998,10.23
2011-06-23 11:00:00,B2752,0.391,0.0,10.34,118.99,-10.209,19038.399999999998,20942.239999999998,10.6
2011-06-23 12:00:00,B2752,2.582,0.0,10.44,118.99,-8.068000000000001,19038.399999999998,20942.239999999998,10.65
2011-06-23 13:00:00,B2752,0.704,0.0,10.09,118.99,-9.616,19038.399999999998,20942.239999999998,10.32
2011-06-23 14:00:00,B2752,0.391,0.0,9.42,118.99,-9.279,19038.399999999998,20942.239999999998,9.67
2011-06-23 15:00:00,B2752,0.391,0.0,8.45,118.99,-8.319,19038.399999999998,20942.239999999998,8.71
2011-06-23 16:00:00,B2752,0.391,0.0,7.1,118.99,-6.969,19038.399999999998,20942.239999999998,7.36
2011-06-23 17:00:00,B2752,0.704,0.0,5.32,118.99,-4.8660000000000005,19038.399999999998,20942.239999999998,5.57
2011-06-23 18:00:00,B2752,2.582,0.0,2.7,118.99,-0.40800000000000036,19038.399999999998,20942.239999999998,2.99
2011-06-23 19:00:00,B2752,3.208,0.0,0.0,118.99,3.148,19038.399999999998,20942.239999999998,0.06
2011-06-23 20:00:00,B2752,0.704,0.0,0.0,118.99,0.704,19038.399999999998,20942.239999999998,0.0
2011-06-23 21:00:00,B2752,0.704,0.0,0.0,118.99,0.704,19038.399999999998,20942.239999999998,0.0
2011-06-23 22:00:00,B2752,0.704,0.0,0.0,118.99,0.704,19038.399999999998,20942.239999999998,0.0
2011-06-23 23:00:00,B2752,0.391,0.0,0.0,118.99,0.391,19038.399999999998,20942.239999999998,0.0
2011-06-24 00:00:00,B2752,2.791,2.4,0.0,118.99,2.791,19038.399999999998,20942.239999999998,0.0
2011-06-24 01:00:00,B2752,2.791,2.4,0.0,118.99,2.791,19038.399999999998,20942.239999999998,0.0
2011-06-24 02:00:00,B2752,2.791,2.4,0.0,118.99,2.791,19038.399999999998,20942.239999999998,0.0
2011-06-24 03:00:00,B2752,2.791,2.4,0.0,118.99,2.791,19038.399999999998,20942.239999999998,0.0
2011-06-24 04:00:00,B2752,2.791,2.4,0.0,118.99,2.791,19038.399999999998,20942.239999999998,0.0
2011-06-24 05:00:00,B2752,0.704,0.0,0.0,118.99,0.704,19038.399999999998,20942.239999999998,0.0
2011-06-24 06:00:00,B2752,2.582,0.0,6.36,118.99,-8.518,19038.399999999998,20942.239999999998,11.1
2011-06-24 07:00:00,B2752,0.705,0.0,7.29,118.99,-8.525,19038.399999999998,20942.239999999998,9.23
2011-06-24 08:00:00,B2752,0.392,0.0,8.65,118.99,-9.068000000000001,19038.399999999998,20942.239999999998,9.46
2011-06-24 09:00:00,B2752,0.391,0.0,9.46,118.99,-9.489,19038.399999999998,20942.239999999998,9.88
2011-06-24 10:00:00,B2752,0.391,0.0,10.1,118.99,-10.049,19038.399999999998,20942.239999999998,10.44
2011-06-24 11:00:00,B2752,0.391,0.0,10.48,118.99,-10.349,19038.399999999998,20942.239999999998,10.74
2011-06-24 12:00:00,B2752,2.582,0.0,10.51,118.99,-8.158000000000001,19038.399999999998,20942.239999999998,10.74
2011-06-24 13:00:00,B2752,0.704,0.0,10.21,118.99,-9.745999999999999,19038.399999999998,20942.239999999998,10.45
2011-06-24 14:00:00,B2752,0.391,0.0,9.58,118.99,-9.439,19038.399999999998,20942.239999999998,9.83
2011-06-24 15:00:00,B2752,0.391,0.0,8.56,118.99,-8.429,19038.399999999998,20942.239999999998,8.82
2011-06-24 16:00:00,B2752,0.391,0.0,7.16,118.99,-7.029,19038.399999999998,20942.239999999998,7.42
2011-06-24 17:00:00,B2752,0.704,0.0,5.3,118.99,-4.856,19038.399999999998,20942.239999999998,5.56
2011-06-24 18:00:00,B2752,2.582,0.0,2.59,118.99,-0.278,19038.399999999998,20942.239999999998,2.86
2011-06-24 19:00:00,B2752,3.208,0.0,0.0,118.99,3.208,19038.399999999998,20942.239999999998,0.0
2011-06-24 20:00:00,B2752,0.704,0.0,0.0,118.99,0.704,19038.399999999998,20942.239999999998,0.0
2011-06-24 21:00:00,B2752,0.704,0.0,0.0,118.99,0.704,19038.399999999998,20942.239999999998,0.0
2011-06-24 22:00:00,B2752,0.704,0.0,0.0,118.99,0.704,19038.399999999998,20942.239999999998,0.0
2011-06-24 23:00:00,B2752,0.391,0.0,0.0,118.99,0.391,19038.399999999998,20942.239999999998,0.0
2011-06-25 00:00:00,B2752,0.391,0.0,0.0,118.99,0.391,19038.399999999998,20942.239999999998,0.0
2011-06-25 01:00:00,B2752,0.391,0.0,0.0,118.99,0.391,19038.399999999998,20942.239999999998,0.0
2011-06-25 02:00:00,B2752,0.391,0.0,0.0,118.99,0.391,19038.399999999998,20942.239999999998,0.0
2011-06-25 03:00:00,B2752,0.391,0.0,0.0,118.99,0.391,19038.399999999998,20942.239999999998,0.0
2011-06-25 04:00:00,B2752,0.391,0.0,0.0,118.99,0.391,19038.399999999998,20942.239999999998,0.0
2011-06-25 05:00:00,B2752,0.704,0.0,0.0,118.99,0.704,19038.399999999998,20942.239999999998,0.0
2011-06-25 06:00:00,B2752,2.581,0.0,4.09,118.99,-3.6990000000000003,19038.399999999998,20942.239999999998,6.28
2011-06-25 07:00:00,B2752,0.704,0.0,5.94,118.99,-6.696000000000001,19038.399999999998,20942.239999999998,7.4
2011-06-25 08:00:00,B2752,2.792,2.4,7.76,118.99,-5.827999999999999,19038.399999999998,20942.239999999998,8.62
2011-06-25 09:00:00,B2752,2.792,2.4,9.01,118.99,-6.718,19038.399999999998,20942.239999999998,9.51
2011-06-25 10:00:00,B2752,2.792,2.4,9.52,118.99,-7.128,19038.399999999998,20942.239999999998,9.92
2011-06-25 11:00:00,B2752,2.792,2.4,9.83,118.99,-7.348000000000001,19038.399999999998,20942.239999999998,10.14
2011-06-25 12:00:00,B2752,4.982,2.4,10.13,118.99,-5.398000000000001,19038.399999999998,20942.239999999998,10.38
2011-06-25 13:00:00,B2752,0.704,0.0,9.99,118.99,-9.536,19038.399999999998,20942.239999999998,10.24
2011-06-25 14:00:00,B2752,0.391,0.0,9.43,118.99,-9.299,19038.399999999998,20942.239999999998,9.69
2011-06-25 15:00:00,B2752,0.391,0.0,8.42,118.99,-8.289,19038.399999999998,20942.239999999998,8.68
2011-06-25 16:00:00,B2752,0.391,0.0,7.05,118.99,-6.929,19038.399999999998,20942.239999999998,7.32
2011-06-25 17:00:00,B2752,0.704,0.0,5.23,118.99,-4.7860000000000005,19038.399999999998,20942.239999999998,5.49
2011-06-25 18:00:00,B2752,2.582,0.0,2.65,118.99,-0.3480000000000003,19038.399999999998,20942.239999999998,2.93
2011-06-25 19:00:00,B2752,3.208,0.0,0.0,118.99,3.208,19038.399999999998,20942.239999999998,0.0
2011-06-25 20:00:00,B2752,0.704,0.0,0.0,118.99,0.704,19038.399999999998,20942.239999999998,0.0
2011-06-25 21:00:00,B2752,0.704,0.0,0.0,118.99,0.704,19038.399999999998,20942.239999999998,0.0
2011-06-25 22:00:00,B2752,0.704,0.0,0.0,118.99,0.704,19038.399999999998,20942.239999999998,0.0
2011-06-25 23:00:00,B2752,0.391,0.0,0.0,118.99,0.391,19038.399999999998,20942.239999999998,0.0
2011-06-26 00:00:00,B2752,0.391,0.0,0.0,118.99,0.391,19038.399999999998,20942.239999999998,0.0
2011-06-26 01:00:00,B2752,0.391,0.0,0.0,118.99,0.391,19038.399999999998,20942.239999999998,0.0
2011-06-26 02:00:00,B2752,0.391,0.0,0.0,118.99,0.391,19038.399999999998,20942.239999999998,0.0
2011-06-26 03:00:00,B2752,0.391,0.0,0.0,118.99,0.391,19038.399999999998,20942.239999999998,0.0
2011-06-26 04:00:00,B2752,0.391,0.0,0.0,118.99,0.391,19038.399999999998,20942.239999999998,0.0
2011-06-26 05:00:00,B2752,0.704,0.0,0.0,118.99,0.704,19038.399999999998,20942.239999999998,0.0
2011-06-26 06:00:00,B2752,2.581,0.0,4.51,118.99,-4.599,19038.399999999998,20942.239999999998,7.18
2011-06-26 07:00:00,B2752,0.704,0.0,6.29,118.99,-7.206,19038.399999999998,20942.239999999998,7.91
2011-06-26 08:00:00,B2752,2.791,2.4,8.39,118.99,-6.439,19038.399999999998,20942.239999999998,9.23
2011-06-26 09:00:00,B2752,2.792,2.4,9.58,118.99,-7.218,19038.399999999998,20942.239999999998,10.01
2011-06-26 10:00:00,B2752,2.792,2.4,10.28,118.99,-7.848000000000001,19038.399999999998,20942.239999999998,10.64
2011-06-26 11:00:00,B2752,2.792,2.4,10.69,118.99,-8.198,19038.399999999998,20942.239999999998,10.99
2011-06-26 12:00:00,B2752,4.982,2.4,10.72,118.99,-5.988,19038.399999999998,20942.239999999998,10.97
2011-06-26 13:00:00,B2752,0.704,0.0,10.43,118.99,-9.975999999999999,19038.399999999998,20942.239999999998,10.68
2011-06-26 14:00:00,B2752,0.391,0.0,9.71,118.99,-9.579,19038.399999999998,20942.239999999998,9.97
2011-06-26 15:00:00,B2752,0.391,0.0,8.69,118.99,-8.559,19038.399999999998,20942.239999999998,8.95
2011-06-26 16:00:00,B2752,0.391,0.0,7.23,118.99,-7.119,19038.399999999998,20942.239999999998,7.51
2011-06-26 17:00:00,B2752,0.704,0.0,5.21,118.99,-4.766,19038.399999999998,20942.239999999998,5.47
2011-06-26 18:00:00,B2752,2.582,0.0,2.52,118.99,-0.18800000000000017,19038.399999999998,20942.239999999998,2.77
2011-06-26 19:00:00,B2752,3.208,0.0,0.0,118.99,3.208,19038.399999999998,20942.239999999998,0.0
2011-06-26 20:00:00,B2752,0.704,0.0,0.0,118.99,0.704,19038.399999999998,20942.239999999998,0.0
2011-06-26 21:00:00,B2752,0.704,0.0,0.0,118.99,0.704,19038.399999999998,20942.239999999998,0.0
2011-06-26 22:00:00,B2752,0.704,0.0,0.0,118.99,0.704,19038.399999999998,20942.239999999998,0.0
2011-06-26 23:00:00,B2752,0.391,0.0,0.0,118.99,0.391,19038.399999999998,20942.239999999998,0.0
2011-06-27 00:00:00,B2752,2.791,2.4,0.0,118.99,2.791,19038.399999999998,20942.239999999998,0.0
2011-06-27 01:00:00,B2752,2.791,2.4,0.0,118.99,2.791,19038.399999999998,20942.239999999998,0.0
2011-06-27 02:00:00,B2752,2.791,2.4,0.0,118.99,2.791,19038.399999999998,20942.239999999998,0.0
2011-06-27 03:00:00,B2752,2.791,2.4,0.0,118.99,2.791,19038.399999999998,20942.239999999998,0.0
2011-06-27 04:00:00,B2752,2.791,2.4,0.0,118.99,2.791,19038.399999999998,20942.239999999998,0.0
2011-06-27 05:00:00,B2752,0.704,0.0,0.0,118.99,0.704,19038.399999999998,20942.239999999998,0.0
2011-06-27 06:00:00,B2752,2.582,0.0,3.44,118.99,-2.6080000000000005,19038.399999999998,20942.239999999998,5.19
2011-06-27 07:00:00,B2752,0.705,0.0,4.13,118.99,-4.325,19038.399999999998,20942.239999999998,5.03
2011-06-27 08:00:00,B2752,0.392,0.0,6.0,118.99,-6.4479999999999995,19038.399999999998,20942.239999999998,6.84
2011-06-27 09:00:00,B2752,0.391,0.0,7.82,118.99,-8.159,19038.399999999998,20942.239999999998,8.55
2011-06-27 10:00:00,B2752,0.391,0.0,9.46,118.99,-9.589,19038.399999999998,20942.239999999998,9.98
2011-06-27 11:00:00,B2752,0.391,0.0,10.29,118.99,-10.229,19038.399999999998,20942.239999999998,10.62
2011-06-27 12:00:00,B2752,2.582,0.0,10.45,118.99,-8.138000000000002,19038.399999999998,20942.239999999998,10.72
2011-06-27 13:00:00,B2752,0.704,0.0,10.02,118.99,-9.606,19038.399999999998,20942.239999999998,10.31
2011-06-27 14:00:00,B2752,0.391,0.0,9.3,118.99,-9.209,19038.399999999998,20942.239999999998,9.6
2011-06-27 15:00:00,B2752,0.391,0.0,8.27,118.99,-8.169,19038.399999999998,20942.239999999998,8.56
2011-06-27 16:00:00,B2752,0.391,0.0,6.72,118.99,-6.609,19038.399999999998,20942.239999999998,7.0
2011-06-27 17:00:00,B2752,0.704,0.0,4.92,118.99,-4.466,19038.399999999998,20942.239999999998,5.17
2011-06-27 18:00:00,B2752,2.582,0.0,2.47,118.99,-0.13800000000000034,19038.399999999998,20942.239999999998,2.72
2011-06-27 19:00:00,B2752,3.208,0.0,0.0,118.99,3.208,19038.399999999998,20942.239999999998,0.0
2011-06-27 20:00:00,B2752,0.704,0.0,0.0,118.99,0.704,19038.399999999998,20942.239999999998,0.0
2011-06-27 21:00:00,B2752,0.704,0.0,0.0,118.99,0.704,19038.399999999998,20942.239999999998,0.0
2011-06-27 22:00:00,B2752,0.704,0.0,0.0,118.99,0.704,19038.399999999998,20942.239999999998,0.0
2011-06-27 23:00:00,B2752,0.391,0.0,0.0,118.99,0.391,19038.399999999998,20942.239999999998,0.0
2011-06-28 00:00:00,B2752,2.791,2.4,0.0,118.99,2.791,19038.399999999998,20942.239999999998,0.0
2011-06-28 01:00:00,B2752,2.791,2.4,0.0,118.99,2.791,19038.399999999998,20942.239999999998,0.0
2011-06-28 02:00:00,B2752,2.791,2.4,0.0,118.99,2.791,19038.399999999998,20942.239999999998,0.0
2011-06-28 03:00:00,B2752,2.791,2.4,0.0,118.99,2.791,19038.399999999998,20942.239999999998,0.0
2011-06-28 04:00:00,B2752,2.791,2.4,0.0,118.99,2.791,19038.399999999998,20942.239999999998,0.0
2011-06-28 05:00:00,B2752,0.704,0.0,0.0,118.99,0.704,19038.399999999998,20942.239999999998,0.0
2011-06-28 06:00:00,B2752,2.582,0.0,2.61,118.99,-1.1180000000000003,19038.399999999998,20942.239999999998,3.7
2011-06-28 07:00:00,B2752,0.705,0.0,4.66,118.99,-5.1049999999999995,19038.399999999998,20942.239999999998,5.81
2011-06-28 08:00:00,B2752,0.392,0.0,6.66,118.99,-7.037999999999999,19038.399999999998,20942.239999999998,7.43
2011-06-28 09:00:00,B2752,0.391,0.0,7.42,118.99,-7.638999999999999,19038.399999999998,20942.239999999998,8.03
2011-06-28 10:00:00,B2752,0.391,0.0,7.33,118.99,-7.539,19038.399999999998,20942.239999999998,7.93
2011-06-28 11:00:00,B2752,0.391,0.0,7.53,118.99,-7.619,19038.399999999998,20942.239999999998,8.01
2011-06-28 12:00:00,B2752,2.582,0.0,8.4,118.99,-6.218000000000001,19038.399999999998,20942.239999999998,8.8
2011-06-28 13:00:00,B2752,0.704,0.0,8.71,118.99,-8.436,19038.399999999998,20942.239999999998,9.14
2011-06-28 14:00:00,B2752,0.391,0.0,7.77,118.99,-7.849,19038.399999999998,20942.239999999998,8.24
2011-06-28 15:00:00,B2752,0.391,0.0,6.35,118.99,-6.379,19038.399999999998,20942.239999999998,6.77
2011-06-28 16:00:00,B2752,0.391,0.0,5.92,118.99,-5.879,19038.399999999998,20942.239999999998,6.27
2011-06-28 17:00:00,B2752,0.704,0.0,4.68,118.99,-4.226,19038.399999999998,20942.239999999998,4.93
2011-06-28 18:00:00,B2752,2.582,0.0,2.25,118.99,0.10199999999999987,19038.399999999998,20942.239999999998,2.48
2011-06-28 19:00:00,B2752,3.208,0.0,0.0,118.99,3.208,19038.399999999998,20942.239999999998,0.0
2011-06-28 20:00:00,B2752,0.704,0.0,0.0,118.99,0.704,19038.399999999998,20942.239999999998,0.0
2011-06-28 21:00:00,B2752,0.704,0.0,0.0,118.99,0.704,19038.399999999998,20942.239999999998,0.0
2011-06-28 22:00:00,B2752,0.704,0.0,0.0,118.99,0.704,19038.399999999998,20942.239999999998,0.0
2011-06-28 23:00:00,B2752,0.391,0.0,0.0,118.99,0.391,19038.399999999998,20942.239999999998,0.0
2011-06-29 00:00:00,B2752,2.791,2.4,0.0,118.99,2.791,19038.399999999998,20942.239999999998,0.0
2011-06-29 01:00:00,B2752,2.791,2.4,0.0,118.99,2.791,19038.399999999998,20942.239999999998,0.0
2011-06-29 02:00:00,B2752,2.791,2.4,0.0,118.99,2.791,19038.399999999998,20942.239999999998,0.0
2011-06-29 03:00:00,B2752,2.791,2.4,0.0,118.99,2.791,19038.399999999998,20942.239999999998,0.0
2011-06-29 04:00:00,B2752,2.791,2.4,0.0,118.99,2.791,19038.399999999998,20942.239999999998,0.0
2011-06-29 05:00:00,B2752,0.704,0.0,0.0,118.99,0.704,19038.399999999998,20942.239999999998,0.0
2011-06-29 06:00:00,B2752,2.582,0.0,5.42,118.99,-6.548000000000001,19038.399999999998,20942.239999999998,9.13
2011-06-29 07:00:00,B2752,0.705,0.0,6.41,118.99,-7.414999999999999,19038.399999999998,20942.239999999998,8.12
2011-06-29 08:00:00,B2752,0.392,0.0,7.99,118.99,-8.408000000000001,19038.399999999998,20942.239999999998,8.8
2011-06-29 09:00:00,B2752,0.391,0.0,8.96,118.99,-9.029,19038.399999999998,20942.239999999998,9.42
2011-06-29 10:00:00,B2752,0.391,0.0,9.69,118.99,-9.669,19038.399999999998,20942.239999999998,10.06
2011-06-29 11:00:00,B2752,0.391,0.0,10.19,118.99,-10.079,19038.399999999998,20942.239999999998,10.47
2011-06-29 12:00:00,B2752,2.582,0.0,10.36,118.99,-8.008,19038.399999999998,20942.239999999998,10.59
2011-06-29 13:00:00,B2752,0.704,0.0,10.06,118.99,-9.596,19038.399999999998,20942.239999999998,10.3
2011-06-29 14:00:00,B2752,0.391,0.0,9.4,118.99,-9.259,19038.399999999998,20942.239999999998,9.65
2011-06-29 15:00:00,B2752,0.391,0.0,8.38,118.99,-8.249,19038.399999999998,20942.239999999998,8.64
2011-06-29 16:00:00,B2752,0.391,0.0,6.99,118.99,-6.859,19038.399999999998,20942.239999999998,7.25
2011-06-29 17:00:00,B2752,0.704,0.0,5.19,118.99,-4.736000000000001,19038.399999999998,20942.239999999998,5.44
2011-06-29 18:00:00,B2752,2.582,0.0,2.62,118.99,-0.3080000000000003,19038.399999999998,20942.239999999998,2.89
2011-06-29 19:00:00,B2752,3.208,0.0,0.0,118.99,3.208,19038.399999999998,20942.239999999998,0.0
2011-06-29 20:00:00,B2752,0.704,0.0,0.0,118.99,0.704,19038.399999999998,20942.239999999998,0.0
2011-06-29 21:00:00,B2752,0.704,0.0,0.0,118.99,0.704,19038.399999999998,20942.239999999998,0.0
2011-06-29 22:00:00,B2752,0.704,0.0,0.0,118.99,0.704,19038.399999999998,20942.239999999998,0.0
2011-06-29 23:00:00,B2752,0.391,0.0,0.0,118.99,0.391,19038.399999999998,20942.239999999998,0.0
2011-06-30 00:00:00,B2752,2.791,2.4,0.0,118.99,2.791,19038.399999999998,20942.239999999998,0.0
2011-06-30 01:00:00,B2752,2.791,2.4,0.0,118.99,2.791,19038.399999999998,20942.239999999998,0.0
2011-06-30 02:00:00,B2752,2.791,2.4,0.0,118.99,2.791,19038.399999999998,20942.239999999998,0.0
2011-06-30 03:00:00,B2752,2.791,2.4,0.0,118.99,2.791,19038.399999999998,20942.239999999998,0.0
2011-06-30 04:00:00,B2752,2.791,2.4,0.0,118.99,2.791,19038.399999999998,20942.239999999998,0.0
2011-06-30 05:00:00,B2752,0.704,0.0,0.0,118.99,0.704,19038.399999999998,20942.239999999998,0.0
2011-06-30 06:00:00,B2752,2.582,0.0,4.2,118.99,-3.998,19038.399999999998,20942.239999999998,6.58
2011-06-30 07:00:00,B2752,0.705,0.0,5.69,118.99,-6.435,19038.399999999998,20942.239999999998,7.14
2011-06-30 08:00:00,B2752,0.392,0.0,7.77,118.99,-8.178,19038.399999999998,20942.239999999998,8.57
2011-06-30 09:00:00,B2752,0.391,0.0,9.26,118.99,-9.309,19038.399999999998,20942.239999999998,9.7
2011-06-30 10:00:00,B2752,0.391,0.0,10.03,118.99,-9.989,19038.399999999998,20942.239999999998,10.38
2011-06-30 11:00:00,B2752,0.391,0.0,10.49,118.99,-10.359,19038.399999999998,20942.239999999998,10.75
2011-06-30 12:00:00,B2752,2.582,0.0,10.58,118.99,-8.207999999999998,19038.399999999998,20942.239999999998,10.79
2011-06-30 13:00:00,B2752,0.704,0.0,10.25,118.99,-9.776,19038.399999999998,20942.239999999998,10.48
2011-06-30 14:00:00,B2752,0.391,0.0,9.57,118.99,-9.429,19038.399999999998,20942.239999999998,9.82
2011-06-30 15:00:00,B2752,0.391,0.0,8.48,118.99,-8.339,19038.399999999998,20942.239999999998,8.73
2011-06-30 16:00:00,B2752,0.391,0.0,7.08,118.99,-6.969,19038.399999999998,20942.239999999998,7.36
2011-06-30 17:00:00,B2752,0.704,0.0,5.32,118.99,-4.8660000000000005,19038.399999999998,20942.239999999998,5.57
2011-06-30 18:00:00,B2752,2.582,0.0,2.71,118.99,-0.40800000000000036,19038.399999999998,20942.239999999998,2.99
2011-06-30 19:00:00,B2752,3.208,0.0,0.0,118.99,3.148,19038.399999999998,20942.239999999998,0.06
2011-06-30 20:00:00,B2752,0.704,0.0,0.0,118.99,0.704,19038.399999999998,20942.239999999998,0.0
2011-06-30 21:00:00,B2752,0.704,0.0,0.0,118.99,0.704,19038.399999999998,20942.239999999998,0.0
2011-06-30 22:00:00,B2752,0.704,0.0,0.0,118.99,0.704,19038.399999999998,20942.239999999998,0.0
2011-06-30 23:00:00,B2752,0.391,0.0,0.0,118.99,0.391,19038.399999999998,20942.239999999998,0.0
2011-07-01 00:00:00,B2752,2.791,2.4,0.0,118.99,2.791,19038.399999999998,20942.239999999998,0.0
2011-07-01 01:00:00,B2752,2.791,2.4,0.0,118.99,2.791,19038.399999999998,20942.239999999998,0.0
2011-07-01 02:00:00,B2752,2.791,2.4,0.0,118.99,2.791,19038.399999999998,20942.239999999998,0.0
2011-07-01 03:00:00,B2752,2.791,2.4,0.0,118.99,2.791,19038.399999999998,20942.239999999998,0.0
2011-07-01 04:00:00,B2752,2.791,2.4,0.0,118.99,2.791,19038.399999999998,20942.239999999998,0.0
2011-07-01 05:00:00,B2752,0.704,0.0,0.0,118.99,0.704,19038.399999999998,20942.239999999998,0.0
2011-07-01 06:00:00,B2752,2.582,0.0,6.62,118.99,-9.117999999999999,19038.399999999998,20942.239999999998,11.7
2011-07-01 07:00:00,B2752,0.705,0.0,7.45,118.99,-8.775,19038.399999999998,20942.239999999998,9.48
2011-07-01 08:00:00,B2752,0.392,0.0,8.76,118.99,-9.198,19038.399999999998,20942.239999999998,9.59
2011-07-01 09:00:00,B2752,0.391,0.0,9.52,118.99,-9.559,19038.399999999998,20942.239999999998,9.95
2011-07-01 10:00:00,B2752,0.391,0.0,10.19,118.99,-10.159,19038.399999999998,20942.239999999998,10.55
2011-07-01 11:00:00,B2752,0.391,0.0,10.6,118.99,-10.469,19038.399999999998,20942.239999999998,10.86
2011-07-01 12:00:00,B2752,2.582,0.0,10.65,118.99,-8.288,19038.399999999998,20942.239999999998,10.87
2011-07-01 13:00:00,B2752,0.704,0.0,10.38,118.99,-9.905999999999999,19038.399999999998,20942.239999999998,10.61
2011-07-01 14:00:00,B2752,0.391,0.0,9.66,118.99,-9.519,19038.399999999998,20942.239999999998,9.91
2011-07-01 15:00:00,B2752,0.391,0.0,8.68,118.99,-8.549,19038.399999999998,20942.239999999998,8.94
2011-07-01 16:00:00,B2752,0.391,0.0,7.26,118.99,-7.149,19038.399999999998,20942.239999999998,7.54
2011-07-01 17:00:00,B2752,0.704,0.0,5.42,118.99,-4.966,19038.399999999998,20942.239999999998,5.67
2011-07-01 18:00:00,B2752,2.582,0.0,2.76,118.99,-0.4580000000000002,19038.399999999998,20942.239999999998,3.04
2011-07-01 19:00:00,B2752,3.208,0.0,0.0,118.99,3.148,19038.399999999998,20942.239999999998,0.06
2011-07-01 20:00:00,B2752,0.704,0.0,0.0,118.99,0.704,19038.399999999998,20942.239999999998,0.0
2011-07-01 21:00:00,B2752,0.704,0.0,0.0,118.99,0.704,19038.399999999998,20942.239999999998,0.0
2011-07-01 22:00:00,B2752,0.704,0.0,0.0,118.99,0.704,19038.399999999998,20942.239999999998,0.0
2011-07-01 23:00:00,B2752,0.391,0.0,0.0,118.99,0.391,19038.399999999998,20942.239999999998,0.0
2011-07-02 00:00:00,B2752,0.391,0.0,0.0,118.99,0.391,19038.399999999998,20942.239999999998,0.0
2011-07-02 01:00:00,B2752,0.391,0.0,0.0,118.99,0.391,19038.399999999998,20942.239999999998,0.0
2011-07-02 02:00:00,B2752,0.391,0.0,0.0,118.99,0.391,19038.399999999998,20942.239999999998,0.0
2011-07-02 03:00:00,B2752,0.391,0.0,0.0,118.99,0.391,19038.399999999998,20942.239999999998,0.0
2011-07-02 04:00:00,B2752,0.391,0.0,0.0,118.99,0.391,19038.399999999998,20942.239999999998,0.0
2011-07-02 05:00:00,B2752,0.704,0.0,0.0,118.99,0.704,19038.399999999998,20942.239999999998,0.0
2011-07-02 06:00:00,B2752,2.581,0.0,5.24,118.99,-6.139000000000001,19038.399999999998,20942.239999999998,8.72
2011-07-02 07:00:00,B2752,0.704,0.0,6.75,118.99,-7.856000000000001,19038.399999999998,20942.239999999998,8.56
2011-07-02 08:00:00,B2752,2.792,2.4,8.51,118.99,-6.577999999999999,19038.399999999998,20942.239999999998,9.37
2011-07-02 09:00:00,B2752,2.792,2.4,9.28,118.99,-6.958,19038.399999999998,20942.239999999998,9.75
2011-07-02 10:00:00,B2752,2.792,2.4,9.93,118.99,-7.5280000000000005,19038.399999999998,20942.239999999998,10.32
2011-07-02 11:00:00,B2752,2.792,2.4,10.32,118.99,-7.838000000000001,19038.399999999998,20942.239999999998,10.63
2011-07-02 12:00:00,B2752,4.982,2.4,10.46,118.99,-5.728000000000001,19038.399999999998,20942.239999999998,10.71
2011-07-02 13:00:00,B2752,0.704,0.0,10.17,118.99,-9.745999999999999,19038.399999999998,20942.239999999998,10.45
2011-07-02 14:00:00,B2752,0.391,0.0,9.53,118.99,-9.449,19038.399999999998,20942.239999999998,9.84
2011-07-02 15:00:00,B2752,0.391,0.0,8.42,118.99,-8.329,19038.399999999998,20942.239999999998,8.72
2011-07-02 16:00:00,B2752,0.391,0.0,7.07,118.99,-6.979,19038.399999999998,20942.239999999998,7.37
2011-07-02 17:00:00,B2752,0.704,0.0,5.22,118.99,-4.766,19038.399999999998,20942.239999999998,5.47
2011-07-02 18:00:00,B2752,2.582,0.0,2.6,118.99,-0.278,19038.399999999998,20942.239999999998,2.86
2011-07-02 19:00:00,B2752,3.208,0.0,0.0,118.99,3.208,19038.399999999998,20942.239999999998,0.0
2011-07-02 20:00:00,B2752,0.704,0.0,0.0,118.99,0.704,19038.399999999998,20942.239999999998,0.0
2011-07-02 21:00:00,B2752,0.704,0.0,0.0,118.99,0.704,19038.399999999998,20942.239999999998,0.0
2011-07-02 22:00:00,B2752,0.704,0.0,0.0,118.99,0.704,19038.399999999998,20942.239999999998,0.0
2011-07-02 23:00:00,B2752,0.391,0.0,0.0,118.99,0.391,19038.399999999998,20942.239999999998,0.0
2011-07-03 00:00:00,B2752,0.391,0.0,0.0,118.99,0.391,19038.399999999998,20942.239999999998,0.0
2011-07-03 01:00:00,B2752,0.391,0.0,0.0,118.99,0.391,19038.399999999998,20942.239999999998,0.0
2011-07-03 02:00:00,B2752,0.391,0.0,0.0,118.99,0.391,19038.399999999998,20942.239999999998,0.0
2011-07-03 03:00:00,B2752,0.391,0.0,0.0,118.99,0.391,19038.399999999998,20942.239999999998,0.0
2011-07-03 04:00:00,B2752,0.391,0.0,0.0,118.99,0.391,19038.399999999998,20942.239999999998,0.0
2011-07-03 05:00:00,B2752,0.704,0.0,0.0,118.99,0.704,19038.399999999998,20942.239999999998,0.0
2011-07-03 06:00:00,B2752,2.581,0.0,2.19,118.99,-0.38900000000000023,19038.399999999998,20942.239999999998,2.97
2011-07-03 07:00:00,B2752,0.704,0.0,3.89,118.99,-4.046,19038.399999999998,20942.239999999998,4.75
2011-07-03 08:00:00,B2752,2.791,2.4,5.86,118.99,-3.8590000000000004,19038.399999999998,20942.239999999998,6.65
2011-07-03 09:00:00,B2752,2.792,2.4,7.81,118.99,-5.598000000000001,19038.399999999998,20942.239999999998,8.39
2011-07-03 10:00:00,B2752,2.792,2.4,9.46,118.99,-7.138,19038.399999999998,20942.239999999998,9.93
2011-07-03 11:00:00,B2752,2.792,2.4,10.09,118.99,-7.708,19038.399999999998,20942.239999999998,10.5
2011-07-03 12:00:00,B2752,4.982,2.4,10.27,118.99,-5.608,19038.399999999998,20942.239999999998,10.59
2011-07-03 13:00:00,B2752,0.704,0.0,10.04,118.99,-9.636,19038.399999999998,20942.239999999998,10.34
2011-07-03 14:00:00,B2752,0.391,0.0,9.24,118.99,-9.189,19038.399999999998,20942.239999999998,9.58
2011-07-03 15:00:00,B2752,0.391,0.0,8.07,118.99,-8.029,19038.399999999998,20942.239999999998,8.42
2011-07-03 16:00:00,B2752,0.391,0.0,6.8,118.99,-6.739,19038.399999999998,20942.239999999998,7.13
2011-07-03 17:00:00,B2752,0.704,0.0,4.92,118.99,-4.486000000000001,19038.399999999998,20942.239999999998,5.19
2011-07-03 18:00:00,B2752,2.582,0.0,2.41,118.99,-0.06800000000000006,19038.399999999998,20942.239999999998,2.65
2011-07-03 19:00:00,B2752,3.208,0.0,0.0,118.99,3.208,19038.399999999998,20942.239999999998,0.0
2011-07-03 20:00:00,B2752,0.704,0.0,0.0,118.99,0.704,19038.399999999998,20942.239999999998,0.0
2011-07-03 21:00:00,B2752,0.704,0.0,0.0,118.99,0.704,19038.399999999998,20942.239999999998,0.0
2011-07-03 22:00:00,B2752,0.704,0.0,0.0,118.99,0.704,19038.399999999998,20942.239999999998,0.0
2011-07-03 23:00:00,B2752,0.391,0.0,0.0,118.99,0.391,19038.399999999998,20942.239999999998,0.0
2011-07-04 00:00:00,B2752,2.791,2.4,0.0,118.99,2.791,19038.399999999998,20942.239999999998,0.0
2011-07-04 01:00:00,B2752,2.791,2.4,0.0,118.99,2.791,19038.399999999998,20942.239999999998,0.0
2011-07-04 02:00:00,B2752,2.791,2.4,0.0,118.99,2.791,19038.399999999998,20942.239999999998,0.0
2011-07-04 03:00:00,B2752,2.791,2.4,0.0,118.99,2.791,19038.399999999998,20942.239999999998,0.0
2011-07-04 04:00:00,B2752,2.791,2.4,0.0,118.99,2.791,19038.399999999998,20942.239999999998,0.0
2011-07-04 05:00:00,B2752,0.704,0.0,0.0,118.99,0.704,19038.399999999998,20942.239999999998,0.0
2011-07-04 06:00:00,B2752,2.582,0.0,5.98,118.99,-7.748,19038.399999999998,20942.239999999998,10.33
2011-07-04 07:00:00,B2752,0.705,0.0,6.65,118.99,-7.715,19038.399999999998,20942.239999999998,8.42
2011-07-04 08:00:00,B2752,0.392,0.0,7.74,118.99,-8.218,19038.399999999998,20942.239999999998,8.61
2011-07-04 09:00:00,B2752,0.391,0.0,8.3,118.99,-8.469,19038.399999999998,20942.239999999998,8.86
2011-07-04 10:00:00,B2752,0.391,0.0,9.28,118.99,-9.319,19038.399999999998,20942.239999999998,9.71
2011-07-04 11:00:00,B2752,0.391,0.0,10.25,118.99,-10.159,19038.399999999998,20942.239999999998,10.55
2011-07-04 12:00:00,B2752,2.582,0.0,10.41,118.99,-8.058,19038.399999999998,20942.239999999998,10.64
2011-07-04 13:00:00,B2752,0.704,0.0,10.1,118.99,-9.636,19038.399999999998,20942.239999999998,10.34
2011-07-04 14:00:00,B2752,0.391,0.0,9.45,118.99,-9.309,19038.399999999998,20942.239999999998,9.7
2011-07-04 15:00:00,B2752,0.391,0.0,8.43,118.99,-8.299,19038.399999999998,20942.239999999998,8.69
2011-07-04 16:00:00,B2752,0.391,0.0,7.0,118.99,-6.879,19038.399999999998,20942.239999999998,7.27
2011-07-04 17:00:00,B2752,0.704,0.0,5.18,118.99,-4.726,19038.399999999998,20942.239999999998,5.43
2011-07-04 18:00:00,B2752,2.582,0.0,2.59,118.99,-0.26800000000000024,19038.399999999998,20942.239999999998,2.85
2011-07-04 19:00:00,B2752,3.208,0.0,0.0,118.99,3.208,19038.399999999998,20942.239999999998,0.0
2011-07-04 20:00:00,B2752,0.704,0.0,0.0,118.99,0.704,19038.399999999998,20942.239999999998,0.0
2011-07-04 21:00:00,B2752,0.704,0.0,0.0,118.99,0.704,19038.399999999998,20942.239999999998,0.0
2011-07-04 22:00:00,B2752,0.704,0.0,0.0,118.99,0.704,19038.399999999998,20942.239999999998,0.0
2011-07-04 23:00:00,B2752,0.391,0.0,0.0,118.99,0.391,19038.399999999998,20942.239999999998,0.0
2011-07-05 00:00:00,B2752,2.791,2.4,0.0,118.99,2.791,19038.399999999998,20942.239999999998,0.0
2011-07-05 01:00:00,B2752,2.791,2.4,0.0,118.99,2.791,19038.399999999998,20942.239999999998,0.0
2011-07-05 02:00:00,B2752,2.791,2.4,0.0,118.99,2.791,19038.399999999998,20942.239999999998,0.0
2011-07-05 03:00:00,B2752,2.791,2.4,0.0,118.99,2.791,19038.399999999998,20942.239999999998,0.0
2011-07-05 04:00:00,B2752,2.791,2.4,0.0,118.99,2.791,19038.399999999998,20942.239999999998,0.0
2011-07-05 05:00:00,B2752,0.704,0.0,0.0,118.99,0.704,19038.399999999998,20942.239999999998,0.0
2011-07-05 06:00:00,B2752,2.582,0.0,6.09,118.99,-8.058,19038.399999999998,20942.239999999998,10.64
2011-07-05 07:00:00,B2752,0.705,0.0,6.87,118.99,-8.045,19038.399999999998,20942.239999999998,8.75
2011-07-05 08:00:00,B2752,0.392,0.0,8.24,118.99,-8.638,19038.399999999998,20942.239999999998,9.03
2011-07-05 09:00:00,B2752,0.391,0.0,9.04,118.99,-9.069,19038.399999999998,20942.239999999998,9.46
2011-07-05 10:00:00,B2752,0.391,0.0,9.65,118.99,-9.609,19038.399999999998,20942.239999999998,10.0
2011-07-05 11:00:00,B2752,0.391,0.0,10.03,118.99,-9.909,19038.399999999998,20942.239999999998,10.3
2011-07-05 12:00:00,B2752,2.582,0.0,10.09,118.99,-7.728000000000001,19038.399999999998,20942.239999999998,10.31
2011-07-05 13:00:00,B2752,0.704,0.0,9.75,118.99,-9.286,19038.399999999998,20942.239999999998,9.99
2011-07-05 14:00:00,B2752,0.391,0.0,9.08,118.99,-8.949,19038.399999999998,20942.239999999998,9.34
2011-07-05 15:00:00,B2752,0.391,0.0,8.09,118.99,-7.959,19038.399999999998,20942.239999999998,8.35
2011-07-05 16:00:00,B2752,0.391,0.0,6.66,118.99,-6.549,19038.399999999998,20942.239999999998,6.94
2011-07-05 17:00:00,B2752,0.704,0.0,4.86,118.99,-4.396,19038.399999999998,20942.239999999998,5.1
2011-07-05 18:00:00,B2752,2.582,0.0,2.36,118.99,-0.018000000000000238,19038.399999999998,20942.239999999998,2.6
2011-07-05 19:00:00,B2752,3.208,0.0,0.0,118.99,3.208,19038.399999999998,20942.239999999998,0.0
2011-07-05 20:00:00,B2752,0.704,0.0,0.0,118.99,0.704,19038.399999999998,20942.239999999998,0.0
2011-07-05 21:00:00,B2752,0.704,0.0,0.0,118.99,0.704,19038.399999999998,20942.239999999998,0.0
2011-07-05 22:00:00,B2752,0.704,0.0,0.0,118.99,0.704,19038.399999999998,20942.239999999998,0.0
2011-07-05 23:00:00,B2752,0.391,0.0,0.0,118.99,0.391,19038.399999999998,20942.239999999998,0.0
2011-07-06 00:00:00,B2752,2.791,2.4,0.0,118.99,2.791,19038.399999999998,20942.239999999998,0.0
2011-07-06 01:00:00,B2752,2.791,2.4,0.0,118.99,2.791,19038.399999999998,20942.239999999998,0.0
2011-07-06 02:00:00,B2752,2.791,2.4,0.0,118.99,2.791,19038.399999999998,20942.239999999998,0.0
2011-07-06 03:00:00,B2752,2.791,2.4,0.0,118.99,2.791,19038.399999999998,20942.239999999998,0.0
2011-07-06 04:00:00,B2752,2.791,2.4,0.0,118.99,2.791,19038.399999999998,20942.239999999998,0.0
2011-07-06 05:00:00,B2752,0.704,0.0,0.0,118.99,0.704,19038.399999999998,20942.239999999998,0.0
2011-07-06 06:00:00,B2752,2.582,0.0,4.1,118.99,-4.048,19038.399999999998,20942.239999999998,6.63
2011-07-06 07:00:00,B2752,0.705,0.0,5.84,118.99,-6.695,19038.399999999998,20942.239999999998,7.4
2011-07-06 08:00:00,B2752,0.392,0.0,7.57,118.99,-7.967999999999999,19038.399999999998,20942.239999999998,8.36
2011-07-06 09:00:00,B2752,0.391,0.0,8.32,118.99,-8.469,19038.399999999998,20942.239999999998,8.86
2011-07-06 10:00:00,B2752,0.391,0.0,8.72,118.99,-8.779,19038.399999999998,20942.239999999998,9.17
2011-07-06 11:00:00,B2752,0.391,0.0,9.4,118.99,-9.329,19038.399999999998,20942.239999999998,9.72
2011-07-06 12:00:00,B2752,2.582,0.0,9.78,118.99,-7.457999999999999,19038.399999999998,20942.239999999998,10.04
2011-07-06 13:00:00,B2752,0.704,0.0,9.43,118.99,-9.006,19038.399999999998,20942.239999999998,9.71
2011-07-06 14:00:00,B2752,0.391,0.0,8.55,118.99,-8.499,19038.399999999998,20942.239999999998,8.89
2011-07-06 15:00:00,B2752,0.391,0.0,7.44,118.99,-7.379,19038.399999999998,20942.239999999998,7.77
2011-07-06 16:00:00,B2752,0.391,0.0,6.18,118.99,-6.089,19038.399999999998,20942.239999999998,6.48
2011-07-06 17:00:00,B2752,0.704,0.0,4.39,118.99,-3.936,19038.399999999998,20942.239999999998,4.64
2011-07-06 18:00:00,B2752,2.582,0.0,2.16,118.99,0.21199999999999974,19038.399999999998,20942.239999999998,2.37
2011-07-06 19:00:00,B2752,3.208,0.0,0.0,118.99,3.208,19038.399999999998,20942.239999999998,0.0
2011-07-06 20:00:00,B2752,0.704,0.0,0.0,118.99,0.704,19038.399999999998,20942.239999999998,0.0
2011-07-06 21:00:00,B2752,0.704,0.0,0.0,118.99,0.704,19038.399999999998,20942.239999999998,0.0
2011-07-06 22:00:00,B2752,0.704,0.0,0.0,118.99,0.704,19038.399999999998,20942.239999999998,0.0
2011-07-06 23:00:00,B2752,0.391,0.0,0.0,118.99,0.391,19038.399999999998,20942.239999999998,0.0
2011-07-07 00:00:00,B2752,2.791,2.4,0.0,118.99,2.791,19038.399999999998,20942.239999999998,0.0
2011-07-07 01:00:00,B2752,2.791,2.4,0.0,118.99,2.791,19038.399999999998,20942.239999999998,0.0
2011-07-07 02:00:00,B2752,2.791,2.4,0.0,118.99,2.791,19038.399999999998,20942.239999999998,0.0
2011-07-07 03:00:00,B2752,2.791,2.4,0.0,118.99,2.791,19038.399999999998,20942.239999999998,0.0
2011-07-07 04:00:00,B2752,2.791,2.4,0.0,118.99,2.791,19038.399999999998,20942.239999999998,0.0
2011-07-07 05:00:00,B2752,0.704,0.0,0.0,118.99,0.704,19038.399999999998,20942.239999999998,0.0
2011-07-07 06:00:00,B2752,2.582,0.0,4.5,118.99,-4.478,19038.399999999998,20942.239999999998,7.06
2011-07-07 07:00:00,B2752,0.705,0.0,5.94,118.99,-6.735,19038.399999999998,20942.239999999998,7.44
2011-07-07 08:00:00,B2752,0.392,0.0,8.04,118.99,-8.498000000000001,19038.399999999998,20942.239999999998,8.89
2011-07-07 09:00:00,B2752,0.391,0.0,9.25,118.99,-9.339,19038.399999999998,20942.239999999998,9.73
2011-07-07 10:00:00,B2752,0.391,0.0,10.08,118.99,-10.059,19038.399999999998,20942.239999999998,10.45
2011-07-07 11:00:00,B2752,0.391,0.0,10.51,118.99,-10.389,19038.399999999998,20942.239999999998,10.78
2011-07-07 12:00:00,B2752,2.582,0.0,10.51,118.99,-8.168,19038.399999999998,20942.239999999998,10.75
2011-07-07 13:00:00,B2752,0.704,0.0,10.13,118.99,-9.686,19038.399999999998,20942.239999999998,10.39
2011-07-07 14:00:00,B2752,0.391,0.0,9.36,118.99,-9.249,19038.399999999998,20942.239999999998,9.64
2011-07-07 15:00:00,B2752,0.391,0.0,8.3,118.99,-8.189,19038.399999999998,20942.239999999998,8.58
2011-07-07 16:00:00,B2752,0.391,0.0,6.88,118.99,-6.779,19038.399999999998,20942.239999999998,7.17
2011-07-07 17:00:00,B2752,0.704,0.0,5.0,118.99,-4.546,19038.399999999998,20942.239999999998,5.25
2011-07-07 18:00:00,B2752,2.582,0.0,2.49,118.99,-0.14800000000000013,19038.399999999998,20942.239999999998,2.73
2011-07-07 19:00:00,B2752,3.208,0.0,0.0,118.99,3.208,19038.399999999998,20942.239999999998,0.0
2011-07-07 20:00:00,B2752,0.704,0.0,0.0,118.99,0.704,19038.399999999998,20942.239999999998,0.0
2011-07-07 21:00:00,B2752,0.704,0.0,0.0,118.99,0.704,19038.399999999998,20942.239999999998,0.0
2011-07-07 22:00:00,B2752,0.704,0.0,0.0,118.99,0.704,19038.399999999998,20942.239999999998,0.0
2011-07-07 23:00:00,B2752,0.391,0.0,0.0,118.99,0.391,19038.399999999998,20942.239999999998,0.0
2011-07-08 00:00:00,B2752,2.791,2.4,0.0,118.99,2.791,19038.399999999998,20942.239999999998,0.0
2011-07-08 01:00:00,B2752,2.791,2.4,0.0,118.99,2.791,19038.399999999998,20942.239999999998,0.0
2011-07-08 02:00:00,B2752,2.791,2.4,0.0,118.99,2.791,19038.399999999998,20942.239999999998,0.0
2011-07-08 03:00:00,B2752,2.791,2.4,0.0,118.99,2.791,19038.399999999998,20942.239999999998,0.0
2011-07-08 04:00:00,B2752,2.791,2.4,0.0,118.99,2.791,19038.399999999998,20942.239999999998,0.0
2011-07-08 05:00:00,B2752,0.704,0.0,0.0,118.99,0.704,19038.399999999998,20942.239999999998,0.0
2011-07-08 06:00:00,B2752,2.582,0.0,6.19,118.99,-8.258,19038.399999999998,20942.239999999998,10.84
2011-07-08 07:00:00,B2752,0.705,0.0,6.84,118.99,-8.025,19038.399999999998,20942.239999999998,8.73
2011-07-08 08:00:00,B2752,0.392,0.0,8.15,118.99,-8.608,19038.399999999998,20942.239999999998,9.0
2011-07-08 09:00:00,B2752,0.391,0.0,9.09,118.99,-9.179,19038.399999999998,20942.239999999998,9.57
2011-07-08 10:00:00,B2752,0.391,0.0,10.06,118.99,-10.019,19038.399999999998,20942.239999999998,10.41
2011-07-08 11:00:00,B2752,0.391,0.0,10.49,118.99,-10.369,19038.399999999998,20942.239999999998,10.76
2011-07-08 12:00:00,B2752,2.582,0.0,10.53,118.99,-8.168,19038.399999999998,20942.239999999998,10.75
2011-07-08 13:00:00,B2752,0.704,0.0,10.22,118.99,-9.756,19038.399999999998,20942.239999999998,10.46
2011-07-08 14:00:00,B2752,0.391,0.0,9.53,118.99,-9.399,19038.399999999998,20942.239999999998,9.79
2011-07-08 15:00:00,B2752,0.391,0.0,8.48,118.99,-8.359,19038.399999999998,20942.239999999998,8.75
2011-07-08 16:00:00,B2752,0.391,0.0,7.06,118.99,-6.949,19038.399999999998,20942.239999999998,7.34
2011-07-08 17:00:00,B2752,0.704,0.0,5.21,118.99,-4.756,19038.399999999998,20942.239999999998,5.46
2011-07-08 18:00:00,B2752,2.582,0.0,2.59,118.99,-0.258,19038.399999999998,20942.239999999998,2.84
2011-07-08 19:00:00,B2752,3.208,0.0,0.0,118.99,3.1580000000000004,19038.399999999998,20942.239999999998,0.05
2011-07-08 20:00:00,B2752,0.704,0.0,0.0,118.99,0.704,19038.399999999998,20942.239999999998,0.0
2011-07-08 21:00:00,B2752,0.704,0.0,0.0,118.99,0.704,19038.399999999998,20942.239999999998,0.0
2011-07-08 22:00:00,B2752,0.704,0.0,0.0,118.99,0.704,19038.399999999998,20942.239999999998,0.0
2011-07-08 23:00:00,B2752,0.391,0.0,0.0,118.99,0.391,19038.399999999998,20942.239999999998,0.0
2011-07-09 00:00:00,B2752,0.391,0.0,0.0,118.99,0.391,19038.399999999998,20942.239999999998,0.0
2011-07-09 01:00:00,B2752,0.391,0.0,0.0,118.99,0.391,19038.399999999998,20942.239999999998,0.0
2011-07-09 02:00:00,B2752,0.391,0.0,0.0,118.99,0.391,19038.399999999998,20942.239999999998,0.0
2011-07-09 03:00:00,B2752,0.391,0.0,0.0,118.99,0.391,19038.399999999998,20942.239999999998,0.0
2011-07-09 04:00:00,B2752,0.391,0.0,0.0,118.99,0.391,19038.399999999998,20942.239999999998,0.0
2011-07-09 05:00:00,B2752,0.704,0.0,0.0,118.99,0.704,19038.399999999998,20942.239999999998,0.0
2011-07-09 06:00:00,B2752,2.581,0.0,6.14,118.99,-8.189,19038.399999999998,20942.239999999998,10.77
2011-07-09 07:00:00,B2752,0.704,0.0,6.97,118.99,-8.196,19038.399999999998,20942.239999999998,8.9
2011-07-09 08:00:00,B2752,2.792,2.4,8.36,118.99,-6.378,19038.399999999998,20942.239999999998,9.17
2011-07-09 09:00:00,B2752,2.792,2.4,9.07,118.99,-6.708,19038.399999999998,20942.239999999998,9.5
2011-07-09 10:00:00,B2752,2.792,2.4,9.73,118.99,-7.288,19038.399999999998,20942.239999999998,10.08
2011-07-09 11:00:00,B2752,2.792,2.4,10.24,118.99,-7.718,19038.399999999998,20942.239999999998,10.51
2011-07-09 12:00:00,B2752,4.982,2.4,10.33,118.99,-5.5680000000000005,19038.399999999998,20942.239999999998,10.55
2011-07-09 13:00:00,B2752,0.704,0.0,9.97,118.99,-9.495999999999999,19038.399999999998,20942.239999999998,10.2
2011-07-09 14:00:00,B2752,0.391,0.0,9.34,118.99,-9.199,19038.399999999998,20942.239999999998,9.59
2011-07-09 15:00:00,B2752,0.391,0.0,8.31,118.99,-8.189,19038.399999999998,20942.239999999998,8.58
2011-07-09 16:00:00,B2752,0.391,0.0,6.92,118.99,-6.799,19038.399999999998,20942.239999999998,7.19
2011-07-09 17:00:00,B2752,0.704,0.0,5.11,118.99,-4.656000000000001,19038.399999999998,20942.239999999998,5.36
2011-07-09 18:00:00,B2752,2.582,0.0,2.53,118.99,-0.19799999999999995,19038.399999999998,20942.239999999998,2.78
2011-07-09 19:00:00,B2752,3.208,0.0,0.0,118.99,3.208,19038.399999999998,20942.239999999998,0.0
2011-07-09 20:00:00,B2752,0.704,0.0,0.0,118.99,0.704,19038.399999999998,20942.239999999998,0.0
2011-07-09 21:00:00,B2752,0.704,0.0,0.0,118.99,0.704,19038.399999999998,20942.239999999998,0.0
2011-07-09 22:00:00,B2752,0.704,0.0,0.0,118.99,0.704,19038.399999999998,20942.239999999998,0.0
2011-07-09 23:00:00,B2752,0.391,0.0,0.0,118.99,0.391,19038.399999999998,20942.239999999998,0.0
2011-07-10 00:00:00,B2752,0.391,0.0,0.0,118.99,0.391,19038.399999999998,20942.239999999998,0.0
2011-07-10 01:00:00,B2752,0.391,0.0,0.0,118.99,0.391,19038.399999999998,20942.239999999998,0.0
2011-07-10 02:00:00,B2752,0.391,0.0,0.0,118.99,0.391,19038.399999999998,20942.239999999998,0.0
2011-07-10 03:00:00,B2752,0.391,0.0,0.0,118.99,0.391,19038.399999999998,20942.239999999998,0.0
2011-07-10 04:00:00,B2752,0.391,0.0,0.0,118.99,0.391,19038.399999999998,20942.239999999998,0.0
2011-07-10 05:00:00,B2752,0.704,0.0,0.0,118.99,0.704,19038.399999999998,20942.239999999998,0.0
2011-07-10 06:00:00,B2752,2.581,0.0,5.84,118.99,-7.519,19038.399999999998,20942.239999999998,10.1
2011-07-10 07:00:00,B2752,0.704,0.0,6.56,118.99,-7.656,19038.399999999998,20942.239999999998,8.36
2011-07-10 08:00:00,B2752,2.791,2.4,8.22,118.99,-6.248999999999999,19038.399999999998,20942.239999999998,9.04
2011-07-10 09:00:00,B2752,2.792,2.4,9.17,118.99,-6.838000000000001,19038.399999999998,20942.239999999998,9.63
2011-07-10 10:00:00,B2752,2.792,2.4,9.89,118.99,-7.458,19038.399999999998,20942.239999999998,10.25
2011-07-10 11:00:00,B2752,2.792,2.4,10.32,118.99,-7.808,19038.399999999998,20942.239999999998,10.6
2011-07-10 12:00:00,B2752,4.982,2.4,10.43,118.99,-5.678,19038.399999999998,20942.239999999998,10.66
2011-07-10 13:00:00,B2752,0.704,0.0,10.14,118.99,-9.665999999999999,19038.399999999998,20942.239999999998,10.37
2011-07-10 14:00:00,B2752,0.391,0.0,9.46,118.99,-9.319,19038.399999999998,20942.239999999998,9.71
2011-07-10 15:00:00,B2752,0.391,0.0,8.46,118.99,-8.339,19038.399999999998,20942.239999999998,8.73
2011-07-10 16:00:00,B2752,0.391,0.0,7.07,118.99,-6.949,19038.399999999998,20942.239999999998,7.34
2011-07-10 17:00:00,B2752,0.704,0.0,5.22,118.99,-4.766,19038.399999999998,20942.239999999998,5.47
2011-07-10 18:00:00,B2752,2.582,0.0,2.6,118.99,-0.26800000000000024,19038.399999999998,20942.239999999998,2.85
2011-07-10 19:00:00,B2752,3.208,0.0,0.0,118.99,3.208,19038.399999999998,20942.239999999998,0.0
2011-07-10 20:00:00,B2752,0.704,0.0,0.0,118.99,0.704,19038.399999999998,20942.239999999998,0.0
2011-07-10 21:00:00,B2752,0.704,0.0,0.0,118.99,0.704,19038.399999999998,20942.239999999998,0.0
2011-07-10 22:00:00,B2752,0.704,0.0,0.0,118.99,0.704,19038.399999999998,20942.239999999998,0.0
2011-07-10 23:00:00,B2752,0.391,0.0,0.0,118.99,0.391,19038.399999999998,20942.239999999998,0.0
2011-07-11 00:00:00,B2752,2.791,2.4,0.0,118.99,2.791,19038.399999999998,20942.239999999998,0.0
2011-07-11 01:00:00,B2752,2.791,2.4,0.0,118.99,2.791,19038.399999999998,20942.239999999998,0.0
2011-07-11 02:00:00,B2752,2.791,2.4,0.0,118.99,2.791,19038.399999999998,20942.239999999998,0.0
2011-07-11 03:00:00,B2752,2.791,2.4,0.0,118.99,2.791,19038.399999999998,20942.239999999998,0.0
2011-07-11 04:00:00,B2752,2.791,2.4,0.0,118.99,2.791,19038.399999999998,20942.239999999998,0.0
2011-07-11 05:00:00,B2752,0.704,0.0,0.0,118.99,0.704,19038.399999999998,20942.239999999998,0.0
2011-07-11 06:00:00,B2752,2.582,0.0,5.06,118.99,-5.838,19038.399999999998,20942.239999999998,8.42
2011-07-11 07:00:00,B2752,0.705,0.0,6.34,118.99,-7.365,19038.399999999998,20942.239999999998,8.07
2011-07-11 08:00:00,B2752,0.392,0.0,8.05,118.99,-8.458,19038.399999999998,20942.239999999998,8.85
2011-07-11 09:00:00,B2752,0.391,0.0,8.99,118.99,-9.039,19038.399999999998,20942.239999999998,9.43
2011-07-11 10:00:00,B2752,0.391,0.0,9.67,118.99,-9.639,19038.399999999998,20942.239999999998,10.03
2011-07-11 11:00:00,B2752,0.391,0.0,10.1,118.99,-9.979,19038.399999999998,20942.239999999998,10.37
2011-07-11 12:00:00,B2752,2.582,0.0,10.14,118.99,-7.787999999999999,19038.399999999998,20942.239999999998,10.37
2011-07-11 13:00:00,B2752,0.704,0.0,9.87,118.99,-9.415999999999999,19038.399999999998,20942.239999999998,10.12
2011-07-11 14:00:00,B2752,0.391,0.0,9.18,118.99,-9.049,19038.399999999998,20942.239999999998,9.44
2011-07-11 15:00:00,B2752,0.391,0.0,8.15,118.99,-8.029,19038.399999999998,20942.239999999998,8.42
2011-07-11 16:00:00,B2752,0.391,0.0,6.78,118.99,-6.659,19038.399999999998,20942.239999999998,7.05
2011-07-11 17:00:00,B2752,0.704,0.0,4.91,118.99,-4.446000000000001,19038.399999999998,20942.239999999998,5.15
2011-07-11 18:00:00,B2752,2.582,0.0,2.37,118.99,-0.008000000000000007,19038.399999999998,20942.239999999998,2.59
2011-07-11 19:00:00,B2752,3.208,0.0,0.0,118.99,3.208,19038.399999999998,20942.239999999998,0.0
2011-07-11 20:00:00,B2752,0.704,0.0,0.0,118.99,0.704,19038.399999999998,20942.239999999998,0.0
2011-07-11 21:00:00,B2752,0.704,0.0,0.0,118.99,0.704,19038.399999999998,20942.239999999998,0.0
2011-07-11 22:00:00,B2752,0.704,0.0,0.0,118.99,0.704,19038.399999999998,20942.239999999998,0.0
2011-07-11 23:00:00,B2752,0.391,0.0,0.0,118.99,0.391,19038.399999999998,20942.239999999998,0.0
2011-07-12 00:00:00,B2752,2.791,2.4,0.0,118.99,2.791,19038.399999999998,20942.239999999998,0.0
2011-07-12 01:00:00,B2752,2.791,2.4,0.0,118.99,2.791,19038.399999999998,20942.239999999998,0.0
2011-07-12 02:00:00,B2752,2.791,2.4,0.0,118.99,2.791,19038.399999999998,20942.239999999998,0.0
2011-07-12 03:00:00,B2752,2.791,2.4,0.0,118.99,2.791,19038.399999999998,20942.239999999998,0.0
2011-07-12 04:00:00,B2752,2.791,2.4,0.0,118.99,2.791,19038.399999999998,20942.239999999998,0.0
2011-07-12 05:00:00,B2752,0.704,0.0,0.0,118.99,0.704,19038.399999999998,20942.239999999998,0.0
2011-07-12 06:00:00,B2752,2.582,0.0,2.33,118.99,-0.6180000000000003,19038.399999999998,20942.239999999998,3.2
2011-07-12 07:00:00,B2752,0.705,0.0,3.43,118.99,-3.505,19038.399999999998,20942.239999999998,4.21
2011-07-12 08:00:00,B2752,0.392,0.0,5.04,118.99,-5.338,19038.399999999998,20942.239999999998,5.73
2011-07-12 09:00:00,B2752,0.391,0.0,5.96,118.99,-6.189,19038.399999999998,20942.239999999998,6.58
2011-07-12 10:00:00,B2752,0.391,0.0,6.65,118.99,-6.749,19038.399999999998,20942.239999999998,7.14
2011-07-12 11:00:00,B2752,0.391,0.0,7.72,118.99,-7.679,19038.399999999998,20942.239999999998,8.07
2011-07-12 12:00:00,B2752,2.582,0.0,7.39,118.99,-5.1080000000000005,19038.399999999998,20942.239999999998,7.69
2011-07-12 13:00:00,B2752,0.704,0.0,6.91,118.99,-6.526000000000001,19038.399999999998,20942.239999999998,7.23
2011-07-12 14:00:00,B2752,0.391,0.0,6.98,118.99,-6.949,19038.399999999998,20942.239999999998,7.34
2011-07-12 15:00:00,B2752,0.391,0.0,6.99,118.99,-6.959,19038.399999999998,20942.239999999998,7.35
2011-07-12 16:00:00,B2752,0.391,0.0,6.38,118.99,-6.289,19038.399999999998,20942.239999999998,6.68
2011-07-12 17:00:00,B2752,0.704,0.0,4.45,118.99,-3.9860000000000007,19038.399999999998,20942.239999999998,4.69
2011-07-12 18:00:00,B2752,2.582,0.0,2.08,118.99,0.30200000000000005,19038.399999999998,20942.239999999998,2.28
2011-07-12 19:00:00,B2752,3.208,0.0,0.0,118.99,3.208,19038.399999999998,20942.239999999998,0.0
2011-07-12 20:00:00,B2752,0.704,0.0,0.0,118.99,0.704,19038.399999999998,20942.239999999998,0.0
2011-07-12 21:00:00,B2752,0.704,0.0,0.0,118.99,0.704,19038.399999999998,20942.239999999998,0.0
2011-07-12 22:00:00,B2752,0.704,0.0,0.0,118.99,0.704,19038.399999999998,20942.239999999998,0.0
2011-07-12 23:00:00,B2752,0.391,0.0,0.0,118.99,0.391,19038.399999999998,20942.239999999998,0.0
2011-07-13 00:00:00,B2752,2.791,2.4,0.0,118.99,2.791,19038.399999999998,20942.239999999998,0.0
2011-07-13 01:00:00,B2752,2.791,2.4,0.0,118.99,2.791,19038.399999999998,20942.239999999998,0.0
2011-07-13 02:00:00,B2752,2.791,2.4,0.0,118.99,2.791,19038.399999999998,20942.239999999998,0.0
2011-07-13 03:00:00,B2752,2.791,2.4,0.0,118.99,2.791,19038.399999999998,20942.239999999998,0.0
2011-07-13 04:00:00,B2752,2.791,2.4,0.0,118.99,2.791,19038.399999999998,20942.239999999998,0.0
2011-07-13 05:00:00,B2752,0.704,0.0,0.0,118.99,0.704,19038.399999999998,20942.239999999998,0.0
2011-07-13 06:00:00,B2752,2.582,0.0,5.65,118.99,-7.287999999999999,19038.399999999998,20942.239999999998,9.87
2011-07-13 07:00:00,B2752,0.705,0.0,6.43,118.99,-7.515000000000001,19038.399999999998,20942.239999999998,8.22
2011-07-13 08:00:00,B2752,0.392,0.0,7.92,118.99,-8.328000000000001,19038.399999999998,20942.239999999998,8.72
2011-07-13 09:00:00,B2752,0.391,0.0,8.19,118.99,-8.279,19038.399999999998,20942.239999999998,8.67
2011-07-13 10:00:00,B2752,0.391,0.0,8.18,118.99,-8.279,19038.399999999998,20942.239999999998,8.67
2011-07-13 11:00:00,B2752,0.391,0.0,8.61,118.99,-8.639,19038.399999999998,20942.239999999998,9.03
2011-07-13 12:00:00,B2752,2.582,0.0,9.18,118.99,-6.957999999999999,19038.399999999998,20942.239999999998,9.54
2011-07-13 13:00:00,B2752,0.704,0.0,9.39,118.99,-9.036,19038.399999999998,20942.239999999998,9.74
2011-07-13 14:00:00,B2752,0.391,0.0,8.91,118.99,-8.819,19038.399999999998,20942.239999999998,9.21
2011-07-13 15:00:00,B2752,0.391,0.0,8.0,118.99,-7.9190000000000005,19038.399999999998,20942.239999999998,8.31
2011-07-13 16:00:00,B2752,0.391,0.0,6.72,118.99,-6.639,19038.399999999998,20942.239999999998,7.03
2011-07-13 17:00:00,B2752,0.704,0.0,5.01,118.99,-4.556,19038.399999999998,20942.239999999998,5.26
2011-07-13 18:00:00,B2752,2.582,0.0,2.47,118.99,-0.11800000000000033,19038.399999999998,20942.239999999998,2.7
2011-07-13 19:00:00,B2752,3.208,0.0,0.0,118.99,3.208,19038.399999999998,20942.239999999998,0.0
2011-07-13 20:00:00,B2752,0.704,0.0,0.0,118.99,0.704,19038.399999999998,20942.239999999998,0.0
2011-07-13 21:00:00,B2752,0.704,0.0,0.0,118.99,0.704,19038.399999999998,20942.239999999998,0.0
2011-07-13 22:00:00,B2752,0.704,0.0,0.0,118.99,0.704,19038.399999999998,20942.239999999998,0.0
2011-07-13 23:00:00,B2752,0.391,0.0,0.0,118.99,0.391,19038.399999999998,20942.239999999998,0.0
2011-07-14 00:00:00,B2752,2.791,2.4,0.0,118.99,2.791,19038.399999999998,20942.239999999998,0.0
2011-07-14 01:00:00,B2752,2.791,2.4,0.0,118.99,2.791,19038.399999999998,20942.239999999998,0.0
2011-07-14 02:00:00,B2752,2.791,2.4,0.0,118.99,2.791,19038.399999999998,20942.239999999998,0.0
2011-07-14 03:00:00,B2752,2.791,2.4,0.0,118.99,2.791,19038.399999999998,20942.239999999998,0.0
2011-07-14 04:00:00,B2752,2.791,2.4,0.0,118.99,2.791,19038.399999999998,20942.239999999998,0.0
2011-07-14 05:00:00,B2752,0.704,0.0,0.0,118.99,0.704,19038.399999999998,20942.239999999998,0.0
2011-07-14 06:00:00,B2752,2.582,0.0,6.67,118.99,-9.478000000000002,19038.399999999998,20942.239999999998,12.06
2011-07-14 07:00:00,B2752,0.705,0.0,7.12,118.99,-8.435,19038.399999999998,20942.239999999998,9.14
2011-07-14 08:00:00,B2752,0.392,0.0,8.52,118.99,-8.908000000000001,19038.399999999998,20942.239999999998,9.3
2011-07-14 09:00:00,B2752,0.391,0.0,9.32,118.99,-9.339,19038.399999999998,20942.239999999998,9.73
2011-07-14 10:00:00,B2752,0.391,0.0,9.98,118.99,-9.929,19038.399999999998,20942.239999999998,10.32
2011-07-14 11:00:00,B2752,0.391,0.0,10.33,118.99,-10.199,19038.399999999998,20942.239999999998,10.59
2011-07-14 12:00:00,B2752,2.582,0.0,10.37,118.99,-8.008,19038.399999999998,20942.239999999998,10.59
2011-07-14 13:00:00,B2752,0.704,0.0,10.05,118.99,-9.575999999999999,19038.399999999998,20942.239999999998,10.28
2011-07-14 14:00:00,B2752,0.391,0.0,9.34,118.99,-9.209,19038.399999999998,20942.239999999998,9.6
2011-07-14 15:00:00,B2752,0.391,0.0,8.36,118.99,-8.239,19038.399999999998,20942.239999999998,8.63
2011-07-14 16:00:00,B2752,0.391,0.0,6.93,118.99,-6.809,19038.399999999998,20942.239999999998,7.2
2011-07-14 17:00:00,B2752,0.704,0.0,5.09,118.99,-4.636,19038.399999999998,20942.239999999998,5.34
2011-07-14 18:00:00,B2752,2.582,0.0,2.49,118.99,-0.13800000000000034,19038.399999999998,20942.239999999998,2.72
2011-07-14 19:00:00,B2752,3.208,0.0,0.0,118.99,3.208,19038.399999999998,20942.239999999998,0.0
2011-07-14 20:00:00,B2752,0.704,0.0,0.0,118.99,0.704,19038.399999999998,20942.239999999998,0.0
2011-07-14 21:00:00,B2752,0.704,0.0,0.0,118.99,0.704,19038.399999999998,20942.239999999998,0.0
2011-07-14 22:00:00,B2752,0.704,0.0,0.0,118.99,0.704,19038.399999999998,20942.239999999998,0.0
2011-07-14 23:00:00,B2752,0.391,0.0,0.0,118.99,0.391,19038.399999999998,20942.239999999998,0.0
2011-07-15 00:00:00,B2752,2.791,2.4,0.0,118.99,2.791,19038.399999999998,20942.239999999998,0.0
2011-07-15 01:00:00,B2752,2.791,2.4,0.0,118.99,2.791,19038.399999999998,20942.239999999998,0.0
2011-07-15 02:00:00,B2752,2.791,2.4,0.0,118.99,2.791,19038.399999999998,20942.239999999998,0.0
2011-07-15 03:00:00,B2752,2.791,2.4,0.0,118.99,2.791,19038.399999999998,20942.239999999998,0.0
2011-07-15 04:00:00,B2752,2.791,2.4,0.0,118.99,2.791,19038.399999999998,20942.239999999998,0.0
2011-07-15 05:00:00,B2752,0.704,0.0,0.0,118.99,0.704,19038.399999999998,20942.239999999998,0.0
2011-07-15 06:00:00,B2752,2.582,0.0,6.49,118.99,-9.207999999999998,19038.399999999998,20942.239999999998,11.79
2011-07-15 07:00:00,B2752,0.705,0.0,6.93,118.99,-8.185,19038.399999999998,20942.239999999998,8.89
2011-07-15 08:00:00,B2752,0.392,0.0,8.29,118.99,-8.668000000000001,19038.399999999998,20942.239999999998,9.06
2011-07-15 09:00:00,B2752,0.391,0.0,9.06,118.99,-9.089,19038.399999999998,20942.239999999998,9.48
2011-07-15 10:00:00,B2752,0.391,0.0,9.72,118.99,-9.669,19038.399999999998,20942.239999999998,10.06
2011-07-15 11:00:00,B2752,0.391,0.0,10.11,118.99,-9.979,19038.399999999998,20942.239999999998,10.37
2011-07-15 12:00:00,B2752,2.582,0.0,10.12,118.99,-7.758,19038.399999999998,20942.239999999998,10.34
2011-07-15 13:00:00,B2752,0.704,0.0,9.77,118.99,-9.296,19038.399999999998,20942.239999999998,10.0
2011-07-15 14:00:00,B2752,0.391,0.0,9.12,118.99,-8.979,19038.399999999998,20942.239999999998,9.37
2011-07-15 15:00:00,B2752,0.391,0.0,8.11,118.99,-7.989000000000001,19038.399999999998,20942.239999999998,8.38
2011-07-15 16:00:00,B2752,0.391,0.0,6.73,118.99,-6.609,19038.399999999998,20942.239999999998,7.0
2011-07-15 17:00:00,B2752,0.704,0.0,4.97,118.99,-4.506,19038.399999999998,20942.239999999998,5.21
2011-07-15 18:00:00,B2752,2.582,0.0,2.41,118.99,-0.058000000000000274,19038.399999999998,20942.239999999998,2.64
2011-07-15 19:00:00,B2752,3.208,0.0,0.0,118.99,3.208,19038.399999999998,20942.239999999998,0.0
2011-07-15 20:00:00,B2752,0.704,0.0,0.0,118.99,0.704,19038.399999999998,20942.239999999998,0.0
2011-07-15 21:00:00,B2752,0.704,0.0,0.0,118.99,0.704,19038.399999999998,20942.239999999998,0.0
2011-07-15 22:00:00,B2752,0.704,0.0,0.0,118.99,0.704,19038.399999999998,20942.239999999998,0.0
2011-07-15 23:00:00,B2752,0.391,0.0,0.0,118.99,0.391,19038.399999999998,20942.239999999998,0.0
2011-07-16 00:00:00,B2752,0.391,0.0,0.0,118.99,0.391,19038.399999999998,20942.239999999998,0.0
2011-07-16 01:00:00,B2752,0.391,0.0,0.0,118.99,0.391,19038.399999999998,20942.239999999998,0.0
2011-07-16 02:00:00,B2752,0.391,0.0,0.0,118.99,0.391,19038.399999999998,20942.239999999998,0.0
2011-07-16 03:00:00,B2752,0.391,0.0,0.0,118.99,0.391,19038.399999999998,20942.239999999998,0.0
2011-07-16 04:00:00,B2752,0.391,0.0,0.0,118.99,0.391,19038.399999999998,20942.239999999998,0.0
2011-07-16 05:00:00,B2752,0.704,0.0,0.0,118.99,0.704,19038.399999999998,20942.239999999998,0.0
2011-07-16 06:00:00,B2752,2.581,0.0,6.5,118.99,-9.339,19038.399999999998,20942.239999999998,11.92
2011-07-16 07:00:00,B2752,0.704,0.0,6.89,118.99,-8.155999999999999,19038.399999999998,20942.239999999998,8.86
2011-07-16 08:00:00,B2752,2.792,2.4,8.12,118.99,-6.077999999999999,19038.399999999998,20942.239999999998,8.87
2011-07-16 09:00:00,B2752,2.792,2.4,8.83,118.99,-6.438000000000001,19038.399999999998,20942.239999999998,9.23
2011-07-16 10:00:00,B2752,2.792,2.4,9.43,118.99,-6.968,19038.399999999998,20942.239999999998,9.76
2011-07-16 11:00:00,B2752,2.792,2.4,9.82,118.99,-7.2780000000000005,19038.399999999998,20942.239999999998,10.07
2011-07-16 12:00:00,B2752,4.982,2.4,9.89,118.99,-5.127999999999999,19038.399999999998,20942.239999999998,10.11
2011-07-16 13:00:00,B2752,0.704,0.0,9.58,118.99,-9.106,19038.399999999998,20942.239999999998,9.81
2011-07-16 14:00:00,B2752,0.391,0.0,8.94,118.99,-8.809,19038.399999999998,20942.239999999998,9.2
2011-07-16 15:00:00,B2752,0.391,0.0,7.96,118.99,-7.829000000000001,19038.399999999998,20942.239999999998,8.22
2011-07-16 16:00:00,B2752,0.391,0.0,6.61,118.99,-6.479,19038.399999999998,20942.239999999998,6.87
2011-07-16 17:00:00,B2752,0.704,0.0,4.87,118.99,-4.396,19038.399999999998,20942.239999999998,5.1
2011-07-16 18:00:00,B2752,2.582,0.0,2.37,118.99,-0.008000000000000007,19038.399999999998,20942.239999999998,2.59
2011-07-16 19:00:00,B2752,3.208,0.0,0.0,118.99,3.208,19038.399999999998,20942.239999999998,0.0
2011-07-16 20:00:00,B2752,0.704,0.0,0.0,118.99,0.704,19038.399999999998,20942.239999999998,0.0
2011-07-16 21:00:00,B2752,0.704,0.0,0.0,118.99,0.704,19038.399999999998,20942.239999999998,0.0
2011-07-16 22:00:00,B2752,0.704,0.0,0.0,118.99,0.704,19038.399999999998,20942.239999999998,0.0
2011-07-16 23:00:00,B2752,0.391,0.0,0.0,118.99,0.391,19038.399999999998,20942.239999999998,0.0
2011-07-17 00:00:00,B2752,0.391,0.0,0.0,118.99,0.391,19038.399999999998,20942.239999999998,0.0
2011-07-17 01:00:00,B2752,0.391,0.0,0.0,118.99,0.391,19038.399999999998,20942.239999999998,0.0
2011-07-17 02:00:00,B2752,0.391,0.0,0.0,118.99,0.391,19038.399999999998,20942.239999999998,0.0
2011-07-17 03:00:00,B2752,0.391,0.0,0.0,118.99,0.391,19038.399999999998,20942.239999999998,0.0
2011-07-17 04:00:00,B2752,0.391,0.0,0.0,118.99,0.391,19038.399999999998,20942.239999999998,0.0
2011-07-17 05:00:00,B2752,0.704,0.0,0.0,118.99,0.704,19038.399999999998,20942.239999999998,0.0
2011-07-17 06:00:00,B2752,2.581,0.0,6.42,118.99,-9.219000000000001,19038.399999999998,20942.239999999998,11.8
2011-07-17 07:00:00,B2752,0.704,0.0,6.72,118.99,-7.936000000000001,19038.399999999998,20942.239999999998,8.64
2011-07-17 08:00:00,B2752,2.791,2.4,8.02,118.99,-5.978999999999999,19038.399999999998,20942.239999999998,8.77
2011-07-17 09:00:00,B2752,2.792,2.4,8.78,118.99,-6.398,19038.399999999998,20942.239999999998,9.19
2011-07-17 10:00:00,B2752,2.792,2.4,9.36,118.99,-6.898,19038.399999999998,20942.239999999998,9.69
2011-07-17 11:00:00,B2752,2.792,2.4,9.96,118.99,-7.428000000000001,19038.399999999998,20942.239999999998,10.22
2011-07-17 12:00:00,B2752,4.982,2.4,9.85,118.99,-5.088,19038.399999999998,20942.239999999998,10.07
2011-07-17 13:00:00,B2752,0.704,0.0,9.58,118.99,-9.136,19038.399999999998,20942.239999999998,9.84
2011-07-17 14:00:00,B2752,0.391,0.0,8.81,118.99,-8.719,19038.399999999998,20942.239999999998,9.11
2011-07-17 15:00:00,B2752,0.391,0.0,7.66,118.99,-7.569,19038.399999999998,20942.239999999998,7.96
2011-07-17 16:00:00,B2752,0.391,0.0,6.25,118.99,-6.159,19038.399999999998,20942.239999999998,6.55
2011-07-17 17:00:00,B2752,0.704,0.0,4.67,118.99,-4.216,19038.399999999998,20942.239999999998,4.92
2011-07-17 18:00:00,B2752,2.582,0.0,2.29,118.99,0.08199999999999985,19038.399999999998,20942.239999999998,2.5
2011-07-17 19:00:00,B2752,3.208,0.0,0.0,118.99,3.208,19038.399999999998,20942.239999999998,0.0
2011-07-17 20:00:00,B2752,0.704,0.0,0.0,118.99,0.704,19038.399999999998,20942.239999999998,0.0
2011-07-17 21:00:00,B2752,0.704,0.0,0.0,118.99,0.704,19038.399999999998,20942.239999999998,0.0
2011-07-17 22:00:00,B2752,0.704,0.0,0.0,118.99,0.704,19038.399999999998,20942.239999999998,0.0
2011-07-17 23:00:00,B2752,0.391,0.0,0.0,118.99,0.391,19038.399999999998,20942.239999999998,0.0
2011-07-18 00:00:00,B2752,2.791,2.4,0.0,118.99,2.791,19038.399999999998,20942.239999999998,0.0
2011-07-18 01:00:00,B2752,2.791,2.4,0.0,118.99,2.791,19038.399999999998,20942.239999999998,0.0
2011-07-18 02:00:00,B2752,2.791,2.4,0.0,118.99,2.791,19038.399999999998,20942.239999999998,0.0
2011-07-18 03:00:00,B2752,2.791,2.4,0.0,118.99,2.791,19038.399999999998,20942.239999999998,0.0
2011-07-18 04:00:00,B2752,2.791,2.4,0.0,118.99,2.791,19038.399999999998,20942.239999999998,0.0
2011-07-18 05:00:00,B2752,0.704,0.0,0.0,118.99,0.704,19038.399999999998,20942.239999999998,0.0
2011-07-18 06:00:00,B2752,2.582,0.0,6.52,118.99,-9.437999999999999,19038.399999999998,20942.239999999998,12.02
2011-07-18 07:00:00,B2752,0.705,0.0,6.8,118.99,-8.045,19038.399999999998,20942.239999999998,8.75
2011-07-18 08:00:00,B2752,0.392,0.0,8.14,118.99,-8.498000000000001,19038.399999999998,20942.239999999998,8.89
2011-07-18 09:00:00,B2752,0.391,0.0,8.91,118.99,-8.929,19038.399999999998,20942.239999999998,9.32
2011-07-18 10:00:00,B2752,0.391,0.0,9.56,118.99,-9.499,19038.399999999998,20942.239999999998,9.89
2011-07-18 11:00:00,B2752,0.391,0.0,9.93,118.99,-9.789,19038.399999999998,20942.239999999998,10.18
2011-07-18 12:00:00,B2752,2.582,0.0,10.03,118.99,-7.668,19038.399999999998,20942.239999999998,10.25
2011-07-18 13:00:00,B2752,0.704,0.0,9.7,118.99,-9.235999999999999,19038.399999999998,20942.239999999998,9.94
2011-07-18 14:00:00,B2752,0.391,0.0,9.08,118.99,-8.939,19038.399999999998,20942.239999999998,9.33
2011-07-18 15:00:00,B2752,0.391,0.0,8.06,118.99,-7.939,19038.399999999998,20942.239999999998,8.33
2011-07-18 16:00:00,B2752,0.391,0.0,6.68,118.99,-6.569,19038.399999999998,20942.239999999998,6.96
2011-07-18 17:00:00,B2752,0.704,0.0,4.86,118.99,-4.396,19038.399999999998,20942.239999999998,5.1
2011-07-18 18:00:00,B2752,2.582,0.0,2.31,118.99,0.06199999999999983,19038.399999999998,20942.239999999998,2.52
2011-07-18 19:00:00,B2752,3.208,0.0,0.0,118.99,3.208,19038.399999999998,20942.239999999998,0.0
2011-07-18 20:00:00,B2752,0.704,0.0,0.0,118.99,0.704,19038.399999999998,20942.239999999998,0.0
2011-07-18 21:00:00,B2752,0.704,0.0,0.0,118.99,0.704,19038.399999999998,20942.239999999998,0.0
2011-07-18 22:00:00,B2752,0.704,0.0,0.0,118.99,0.704,19038.399999999998,20942.239999999998,0.0
2011-07-18 23:00:00,B2752,0.391,0.0,0.0,118.99,0.391,19038.399999999998,20942.239999999998,0.0
2011-07-19 00:00:00,B2752,2.791,2.4,0.0,118.99,2.791,19038.399999999998,20942.239999999998,0.0
2011-07-19 01:00:00,B2752,2.791,2.4,0.0,118.99,2.791,19038.399999999998,20942.239999999998,0.0
2011-07-19 02:00:00,B2752,2.791,2.4,0.0,118.99,2.791,19038.399999999998,20942.239999999998,0.0
2011-07-19 03:00:00,B2752,2.791,2.4,0.0,118.99,2.791,19038.399999999998,20942.239999999998,0.0
2011-07-19 04:00:00,B2752,2.791,2.4,0.0,118.99,2.791,19038.399999999998,20942.239999999998,0.0
2011-07-19 05:00:00,B2752,0.704,0.0,0.0,118.99,0.704,19038.399999999998,20942.239999999998,0.0
2011-07-19 06:00:00,B2752,2.582,0.0,0.75,118.99,1.382,19038.399999999998,20942.239999999998,1.2
2011-07-19 07:00:00,B2752,0.705,0.0,6.61,118.99,-7.795,19038.399999999998,20942.239999999998,8.5
2011-07-19 08:00:00,B2752,0.392,0.0,8.02,118.99,-8.368,19038.399999999998,20942.239999999998,8.76
2011-07-19 09:00:00,B2752,0.391,0.0,8.76,118.99,-8.779,19038.399999999998,20942.239999999998,9.17
2011-07-19 10:00:00,B2752,0.391,0.0,9.4,118.99,-9.349,19038.399999999998,20942.239999999998,9.74
2011-07-19 11:00:00,B2752,0.391,0.0,9.8,118.99,-9.659,19038.399999999998,20942.239999999998,10.05
2011-07-19 12:00:00,B2752,2.582,0.0,9.84,118.99,-7.478000000000001,19038.399999999998,20942.239999999998,10.06
2011-07-19 13:00:00,B2752,0.704,0.0,9.5,118.99,-9.026,19038.399999999998,20942.239999999998,9.73
2011-07-19 14:00:00,B2752,0.391,0.0,8.83,118.99,-8.699,19038.399999999998,20942.239999999998,9.09
2011-07-19 15:00:00,B2752,0.391,0.0,7.82,118.99,-7.689,19038.399999999998,20942.239999999998,8.08
2011-07-19 16:00:00,B2752,0.391,0.0,6.49,118.99,-6.369,19038.399999999998,20942.239999999998,6.76
2011-07-19 17:00:00,B2752,0.704,0.0,4.72,118.99,-4.256,19038.399999999998,20942.239999999998,4.96
2011-07-19 18:00:00,B2752,2.582,0.0,2.25,118.99,0.12199999999999989,19038.399999999998,20942.239999999998,2.46
2011-07-19 19:00:00,B2752,3.208,0.0,0.0,118.99,3.208,19038.399999999998,20942.239999999998,0.0
2011-07-19 20:00:00,B2752,0.704,0.0,0.0,118.99,0.704,19038.399999999998,20942.239999999998,0.0
2011-07-19 21:00:00,B2752,0.704,0.0,0.0,118.99,0.704,19038.399999999998,20942.239999999998,0.0
2011-07-19 22:00:00,B2752,0.704,0.0,0.0,118.99,0.704,19038.399999999998,20942.239999999998,0.0
2011-07-19 23:00:00,B2752,0.391,0.0,0.0,118.99,0.391,19038.399999999998,20942.239999999998,0.0
2011-07-20 00:00:00,B2752,2.791,2.4,0.0,118.99,2.791,19038.399999999998,20942.239999999998,0.0
2011-07-20 01:00:00,B2752,2.791,2.4,0.0,118.99,2.791,19038.399999999998,20942.239999999998,0.0
2011-07-20 02:00:00,B2752,2.791,2.4,0.0,118.99,2.791,19038.399999999998,20942.239999999998,0.0
2011-07-20 03:00:00,B2752,2.791,2.4,0.0,118.99,2.791,19038.399999999998,20942.239999999998,0.0
2011-07-20 04:00:00,B2752,2.791,2.4,0.0,118.99,2.791,19038.399999999998,20942.239999999998,0.0
2011-07-20 05:00:00,B2752,0.704,0.0,0.0,118.99,0.704,19038.399999999998,20942.239999999998,0.0
2011-07-20 06:00:00,B2752,2.582,0.0,0.73,118.99,1.402,19038.399999999998,20942.239999999998,1.18
2011-07-20 07:00:00,B2752,0.705,0.0,6.57,118.99,-7.744999999999999,19038.399999999998,20942.239999999998,8.45
2011-07-20 08:00:00,B2752,0.392,0.0,7.93,118.99,-8.258000000000001,19038.399999999998,20942.239999999998,8.65
2011-07-20 09:00:00,B2752,0.391,0.0,8.6,118.99,-8.609,19038.399999999998,20942.239999999998,9.0
2011-07-20 10:00:00,B2752,0.391,0.0,9.2,118.99,-9.149,19038.399999999998,20942.239999999998,9.54
2011-07-20 11:00:00,B2752,0.391,0.0,9.63,118.99,-9.489,19038.399999999998,20942.239999999998,9.88
2011-07-20 12:00:00,B2752,2.582,0.0,9.61,118.99,-7.248,19038.399999999998,20942.239999999998,9.83
2011-07-20 13:00:00,B2752,0.704,0.0,9.29,118.99,-8.815999999999999,19038.399999999998,20942.239999999998,9.52
2011-07-20 14:00:00,B2752,0.391,0.0,8.78,118.99,-8.669,19038.399999999998,20942.239999999998,9.06
2011-07-20 15:00:00,B2752,0.391,0.0,7.61,118.99,-7.509,19038.399999999998,20942.239999999998,7.9
2011-07-20 16:00:00,B2752,0.391,0.0,6.25,118.99,-6.139,19038.399999999998,20942.239999999998,6.53
2011-07-20 17:00:00,B2752,0.704,0.0,4.43,118.99,-3.966,19038.399999999998,20942.239999999998,4.67
2011-07-20 18:00:00,B2752,2.582,0.0,2.04,118.99,0.35199999999999987,19038.399999999998,20942.239999999998,2.23
2011-07-20 19:00:00,B2752,3.208,0.0,0.0,118.99,3.208,19038.399999999998,20942.239999999998,0.0
2011-07-20 20:00:00,B2752,0.704,0.0,0.0,118.99,0.704,19038.399999999998,20942.239999999998,0.0
2011-07-20 21:00:00,B2752,0.704,0.0,0.0,118.99,0.704,19038.399999999998,20942.239999999998,0.0
2011-07-20 22:00:00,B2752,0.704,0.0,0.0,118.99,0.704,19038.399999999998,20942.239999999998,0.0
2011-07-20 23:00:00,B2752,0.391,0.0,0.0,118.99,0.391,19038.399999999998,20942.239999999998,0.0
2011-07-21 00:00:00,B2752,2.791,2.4,0.0,118.99,2.791,19038.399999999998,20942.239999999998,0.0
2011-07-21 01:00:00,B2752,2.791,2.4,0.0,118.99,2.791,19038.399999999998,20942.239999999998,0.0
2011-07-21 02:00:00,B2752,2.791,2.4,0.0,118.99,2.791,19038.399999999998,20942.239999999998,0.0
2011-07-21 03:00:00,B2752,2.791,2.4,0.0,118.99,2.791,19038.399999999998,20942.239999999998,0.0
2011-07-21 04:00:00,B2752,2.791,2.4,0.0,118.99,2.791,19038.399999999998,20942.239999999998,0.0
2011-07-21 05:00:00,B2752,0.704,0.0,0.0,118.99,0.704,19038.399999999998,20942.239999999998,0.0
2011-07-21 06:00:00,B2752,2.582,0.0,1.26,118.99,0.952,19038.399999999998,20942.239999999998,1.63
2011-07-21 07:00:00,B2752,0.705,0.0,3.98,118.99,-4.175,19038.399999999998,20942.239999999998,4.88
2011-07-21 08:00:00,B2752,0.392,0.0,5.32,118.99,-5.688,19038.399999999998,20942.239999999998,6.08
2011-07-21 09:00:00,B2752,0.391,0.0,6.77,118.99,-7.039,19038.399999999998,20942.239999999998,7.43
2011-07-21 10:00:00,B2752,0.391,0.0,8.46,118.99,-8.589,19038.399999999998,20942.239999999998,8.98
2011-07-21 11:00:00,B2752,0.391,0.0,9.37,118.99,-9.359,19038.399999999998,20942.239999999998,9.75
2011-07-21 12:00:00,B2752,2.582,0.0,9.48,118.99,-7.207999999999999,19038.399999999998,20942.239999999998,9.79
2011-07-21 13:00:00,B2752,0.704,0.0,9.16,118.99,-8.766,19038.399999999998,20942.239999999998,9.47
2011-07-21 14:00:00,B2752,0.391,0.0,8.48,118.99,-8.409,19038.399999999998,20942.239999999998,8.8
2011-07-21 15:00:00,B2752,0.391,0.0,7.56,118.99,-7.479,19038.399999999998,20942.239999999998,7.87
2011-07-21 16:00:00,B2752,0.391,0.0,6.37,118.99,-6.269,19038.399999999998,20942.239999999998,6.66
2011-07-21 17:00:00,B2752,0.704,0.0,4.45,118.99,-3.9860000000000007,19038.399999999998,20942.239999999998,4.69
2011-07-21 18:00:00,B2752,2.582,0.0,2.0,118.99,0.3919999999999999,19038.399999999998,20942.239999999998,2.19
2011-07-21 19:00:00,B2752,3.208,0.0,0.0,118.99,3.208,19038.399999999998,20942.239999999998,0.0
2011-07-21 20:00:00,B2752,0.704,0.0,0.0,118.99,0.704,19038.399999999998,20942.239999999998,0.0
2011-07-21 21:00:00,B2752,0.704,0.0,0.0,118.99,0.704,19038.399999999998,20942.239999999998,0.0
2011-07-21 22:00:00,B2752,0.704,0.0,0.0,118.99,0.704,19038.399999999998,20942.239999999998,0.0
2011-07-21 23:00:00,B2752,0.391,0.0,0.0,118.99,0.391,19038.399999999998,20942.239999999998,0.0
2011-07-22 00:00:00,B2752,2.791,2.4,0.0,118.99,2.791,19038.399999999998,20942.239999999998,0.0
2011-07-22 01:00:00,B2752,2.791,2.4,0.0,118.99,2.791,19038.399999999998,20942.239999999998,0.0
2011-07-22 02:00:00,B2752,2.791,2.4,0.0,118.99,2.791,19038.399999999998,20942.239999999998,0.0
2011-07-22 03:00:00,B2752,2.791,2.4,0.0,118.99,2.791,19038.399999999998,20942.239999999998,0.0
2011-07-22 04:00:00,B2752,2.791,2.4,0.0,118.99,2.791,19038.399999999998,20942.239999999998,0.0
2011-07-22 05:00:00,B2752,0.704,0.0,0.0,118.99,0.704,19038.399999999998,20942.239999999998,0.0
2011-07-22 06:00:00,B2752,2.582,0.0,1.26,118.99,0.8819999999999999,19038.399999999998,20942.239999999998,1.7
2011-07-22 07:00:00,B2752,0.705,0.0,5.2,118.99,-5.885,19038.399999999998,20942.239999999998,6.59
2011-07-22 08:00:00,B2752,0.392,0.0,7.26,118.99,-7.588,19038.399999999998,20942.239999999998,7.98
2011-07-22 09:00:00,B2752,0.391,0.0,8.48,118.99,-8.569,19038.399999999998,20942.239999999998,8.96
2011-07-22 10:00:00,B2752,0.391,0.0,9.25,118.99,-9.259,19038.399999999998,20942.239999999998,9.65
2011-07-22 11:00:00,B2752,0.391,0.0,9.68,118.99,-9.569,19038.399999999998,20942.239999999998,9.96
2011-07-22 12:00:00,B2752,2.582,0.0,9.79,118.99,-7.438,19038.399999999998,20942.239999999998,10.02
2011-07-22 13:00:00,B2752,0.704,0.0,9.49,118.99,-9.026,19038.399999999998,20942.239999999998,9.73
2011-07-22 14:00:00,B2752,0.391,0.0,8.85,118.99,-8.719,19038.399999999998,20942.239999999998,9.11
2011-07-22 15:00:00,B2752,0.391,0.0,7.82,118.99,-7.699,19038.399999999998,20942.239999999998,8.09
2011-07-22 16:00:00,B2752,0.391,0.0,6.43,118.99,-6.309,19038.399999999998,20942.239999999998,6.7
2011-07-22 17:00:00,B2752,0.704,0.0,4.64,118.99,-4.176,19038.399999999998,20942.239999999998,4.88
2011-07-22 18:00:00,B2752,2.582,0.0,2.16,118.99,0.22199999999999998,19038.399999999998,20942.239999999998,2.36
2011-07-22 19:00:00,B2752,3.208,0.0,0.0,118.99,3.208,19038.399999999998,20942.239999999998,0.0
2011-07-22 20:00:00,B2752,0.704,0.0,0.0,118.99,0.704,19038.399999999998,20942.239999999998,0.0
2011-07-22 21:00:00,B2752,0.704,0.0,0.0,118.99,0.704,19038.399999999998,20942.239999999998,0.0
2011-07-22 22:00:00,B2752,0.704,0.0,0.0,118.99,0.704,19038.399999999998,20942.239999999998,0.0
2011-07-22 23:00:00,B2752,0.391,0.0,0.0,118.99,0.391,19038.399999999998,20942.239999999998,0.0
2011-07-23 00:00:00,B2752,0.391,0.0,0.0,118.99,0.391,19038.399999999998,20942.239999999998,0.0
2011-07-23 01:00:00,B2752,0.391,0.0,0.0,118.99,0.391,19038.399999999998,20942.239999999998,0.0
2011-07-23 02:00:00,B2752,0.391,0.0,0.0,118.99,0.391,19038.399999999998,20942.239999999998,0.0
2011-07-23 03:00:00,B2752,0.391,0.0,0.0,118.99,0.391,19038.399999999998,20942.239999999998,0.0
2011-07-23 04:00:00,B2752,0.391,0.0,0.0,118.99,0.391,19038.399999999998,20942.239999999998,0.0
2011-07-23 05:00:00,B2752,0.704,0.0,0.0,118.99,0.704,19038.399999999998,20942.239999999998,0.0
2011-07-23 06:00:00,B2752,2.581,0.0,0.99,118.99,1.131,19038.399999999998,20942.239999999998,1.45
2011-07-23 07:00:00,B2752,0.704,0.0,5.95,118.99,-6.936,19038.399999999998,20942.239999999998,7.64
2011-07-23 08:00:00,B2752,2.792,2.4,7.67,118.99,-5.618,19038.399999999998,20942.239999999998,8.41
2011-07-23 09:00:00,B2752,2.792,2.4,8.55,118.99,-6.2379999999999995,19038.399999999998,20942.239999999998,9.03
2011-07-23 10:00:00,B2752,2.792,2.4,9.09,118.99,-6.688000000000001,19038.399999999998,20942.239999999998,9.48
2011-07-23 11:00:00,B2752,2.792,2.4,9.6,118.99,-7.1080000000000005,19038.399999999998,20942.239999999998,9.9
2011-07-23 12:00:00,B2752,4.982,2.4,9.56,118.99,-4.828,19038.399999999998,20942.239999999998,9.81
2011-07-23 13:00:00,B2752,0.704,0.0,9.34,118.99,-8.895999999999999,19038.399999999998,20942.239999999998,9.6
2011-07-23 14:00:00,B2752,0.391,0.0,8.77,118.99,-8.649,19038.399999999998,20942.239999999998,9.04
2011-07-23 15:00:00,B2752,0.391,0.0,7.8,118.99,-7.689,19038.399999999998,20942.239999999998,8.08
2011-07-23 16:00:00,B2752,0.391,0.0,6.33,118.99,-6.219,19038.399999999998,20942.239999999998,6.61
2011-07-23 17:00:00,B2752,0.704,0.0,4.38,118.99,-3.926,19038.399999999998,20942.239999999998,4.63
2011-07-23 18:00:00,B2752,2.582,0.0,1.99,118.99,0.4219999999999997,19038.399999999998,20942.239999999998,2.16
2011-07-23 19:00:00,B2752,3.208,0.0,0.0,118.99,3.208,19038.399999999998,20942.239999999998,0.0
2011-07-23 20:00:00,B2752,0.704,0.0,0.0,118.99,0.704,19038.399999999998,20942.239999999998,0.0
2011-07-23 21:00:00,B2752,0.704,0.0,0.0,118.99,0.704,19038.399999999998,20942.239999999998,0.0
2011-07-23 22:00:00,B2752,0.704,0.0,0.0,118.99,0.704,19038.399999999998,20942.239999999998,0.0
2011-07-23 23:00:00,B2752,0.391,0.0,0.0,118.99,0.391,19038.399999999998,20942.239999999998,0.0
2011-07-24 00:00:00,B2752,0.391,0.0,0.0,118.99,0.391,19038.399999999998,20942.239999999998,0.0
2011-07-24 01:00:00,B2752,0.391,0.0,0.0,118.99,0.391,19038.399999999998,20942.239999999998,0.0
2011-07-24 02:00:00,B2752,0.391,0.0,0.0,118.99,0.391,19038.399999999998,20942.239999999998,0.0
2011-07-24 03:00:00,B2752,0.391,0.0,0.0,118.99,0.391,19038.399999999998,20942.239999999998,0.0
2011-07-24 04:00:00,B2752,0.391,0.0,0.0,118.99,0.391,19038.399999999998,20942.239999999998,0.0
2011-07-24 05:00:00,B2752,0.704,0.0,0.0,118.99,0.704,19038.399999999998,20942.239999999998,0.0
2011-07-24 06:00:00,B2752,2.581,0.0,1.32,118.99,0.921,19038.399999999998,20942.239999999998,1.66
2011-07-24 07:00:00,B2752,0.704,0.0,4.08,118.99,-4.316,19038.399999999998,20942.239999999998,5.02
2011-07-24 08:00:00,B2752,2.791,2.4,6.07,118.99,-4.039,19038.399999999998,20942.239999999998,6.83
2011-07-24 09:00:00,B2752,2.792,2.4,7.78,118.99,-5.538,19038.399999999998,20942.239999999998,8.33
2011-07-24 10:00:00,B2752,2.792,2.4,9.02,118.99,-6.648,19038.399999999998,20942.239999999998,9.44
2011-07-24 11:00:00,B2752,2.792,2.4,9.74,118.99,-7.228,19038.399999999998,20942.239999999998,10.02
2011-07-24 12:00:00,B2752,4.982,2.4,9.89,118.99,-5.148000000000001,19038.399999999998,20942.239999999998,10.13
2011-07-24 13:00:00,B2752,0.704,0.0,9.62,118.99,-9.155999999999999,19038.399999999998,20942.239999999998,9.86
2011-07-24 14:00:00,B2752,0.391,0.0,8.98,118.99,-8.849,19038.399999999998,20942.239999999998,9.24
2011-07-24 15:00:00,B2752,0.391,0.0,7.94,118.99,-7.829000000000001,19038.399999999998,20942.239999999998,8.22
2011-07-24 16:00:00,B2752,0.391,0.0,6.56,118.99,-6.449,19038.399999999998,20942.239999999998,6.84
2011-07-24 17:00:00,B2752,0.704,0.0,4.7,118.99,-4.246,19038.399999999998,20942.239999999998,4.95
2011-07-24 18:00:00,B2752,2.582,0.0,2.16,118.99,0.23199999999999976,19038.399999999998,20942.239999999998,2.35
2011-07-24 19:00:00,B2752,3.208,0.0,0.0,118.99,3.208,19038.399999999998,20942.239999999998,0.0
2011-07-24 20:00:00,B2752,0.704,0.0,0.0,118.99,0.704,19038.399999999998,20942.239999999998,0.0
2011-07-24 21:00:00,B2752,0.704,0.0,0.0,118.99,0.704,19038.399999999998,20942.239999999998,0.0
2011-07-24 22:00:00,B2752,0.704,0.0,0.0,118.99,0.704,19038.399999999998,20942.239999999998,0.0
2011-07-24 23:00:00,B2752,0.391,0.0,0.0,118.99,0.391,19038.399999999998,20942.239999999998,0.0
2011-07-25 00:00:00,B2752,2.791,2.4,0.0,118.99,2.791,19038.399999999998,20942.239999999998,0.0
2011-07-25 01:00:00,B2752,2.791,2.4,0.0,118.99,2.791,19038.399999999998,20942.239999999998,0.0
2011-07-25 02:00:00,B2752,2.791,2.4,0.0,118.99,2.791,19038.399999999998,20942.239999999998,0.0
2011-07-25 03:00:00,B2752,2.791,2.4,0.0,118.99,2.791,19038.399999999998,20942.239999999998,0.0
2011-07-25 04:00:00,B2752,2.791,2.4,0.0,118.99,2.791,19038.399999999998,20942.239999999998,0.0
2011-07-25 05:00:00,B2752,0.704,0.0,0.0,118.99,0.704,19038.399999999998,20942.239999999998,0.0
2011-07-25 06:00:00,B2752,2.582,0.0,1.28,118.99,0.8819999999999999,19038.399999999998,20942.239999999998,1.7
2011-07-25 07:00:00,B2752,0.705,0.0,4.66,118.99,-5.145,19038.399999999998,20942.239999999998,5.85
2011-07-25 08:00:00,B2752,0.392,0.0,6.21,118.99,-6.548,19038.399999999998,20942.239999999998,6.94
2011-07-25 09:00:00,B2752,0.391,0.0,7.49,118.99,-7.718999999999999,19038.399999999998,20942.239999999998,8.11
2011-07-25 10:00:00,B2752,0.391,0.0,8.62,118.99,-8.729,19038.399999999998,20942.239999999998,9.12
2011-07-25 11:00:00,B2752,0.391,0.0,9.37,118.99,-9.309,19038.399999999998,20942.239999999998,9.7
2011-07-25 12:00:00,B2752,2.582,0.0,9.68,118.99,-7.378000000000001,19038.399999999998,20942.239999999998,9.96
2011-07-25 13:00:00,B2752,0.704,0.0,9.29,118.99,-8.895999999999999,19038.399999999998,20942.239999999998,9.6
2011-07-25 14:00:00,B2752,0.391,0.0,8.65,118.99,-8.589,19038.399999999998,20942.239999999998,8.98
2011-07-25 15:00:00,B2752,0.391,0.0,7.7,118.99,-7.609,19038.399999999998,20942.239999999998,8.0
2011-07-25 16:00:00,B2752,0.391,0.0,6.32,118.99,-6.209,19038.399999999998,20942.239999999998,6.6
2011-07-25 17:00:00,B2752,0.704,0.0,4.44,118.99,-3.976,19038.399999999998,20942.239999999998,4.68
2011-07-25 18:00:00,B2752,2.582,0.0,1.92,118.99,0.492,19038.399999999998,20942.239999999998,2.09
2011-07-25 19:00:00,B2752,3.208,0.0,0.0,118.99,3.208,19038.399999999998,20942.239999999998,0.0
2011-07-25 20:00:00,B2752,0.704,0.0,0.0,118.99,0.704,19038.399999999998,20942.239999999998,0.0
2011-07-25 21:00:00,B2752,0.704,0.0,0.0,118.99,0.704,19038.399999999998,20942.239999999998,0.0
2011-07-25 22:00:00,B2752,0.704,0.0,0.0,118.99,0.704,19038.399999999998,20942.239999999998,0.0
2011-07-25 23:00:00,B2752,0.391,0.0,0.0,118.99,0.391,19038.399999999998,20942.239999999998,0.0
2011-07-26 00:00:00,B2752,2.791,2.4,0.0,118.99,2.791,19038.399999999998,20942.239999999998,0.0
2011-07-26 01:00:00,B2752,2.791,2.4,0.0,118.99,2.791,19038.399999999998,20942.239999999998,0.0
2011-07-26 02:00:00,B2752,2.791,2.4,0.0,118.99,2.791,19038.399999999998,20942.239999999998,0.0
2011-07-26 03:00:00,B2752,2.791,2.4,0.0,118.99,2.791,19038.399999999998,20942.239999999998,0.0
2011-07-26 04:00:00,B2752,2.791,2.4,0.0,118.99,2.791,19038.399999999998,20942.239999999998,0.0
2011-07-26 05:00:00,B2752,0.704,0.0,0.0,118.99,0.704,19038.399999999998,20942.239999999998,0.0
2011-07-26 06:00:00,B2752,2.582,0.0,0.78,118.99,1.632,19038.399999999998,20942.239999999998,0.95
2011-07-26 07:00:00,B2752,0.705,0.0,2.1,118.99,-1.815,19038.399999999998,20942.239999999998,2.52
2011-07-26 08:00:00,B2752,0.392,0.0,3.48,118.99,-3.648,19038.399999999998,20942.239999999998,4.04
2011-07-26 09:00:00,B2752,0.391,0.0,4.5,118.99,-4.699,19038.399999999998,20942.239999999998,5.09
2011-07-26 10:00:00,B2752,0.391,0.0,5.92,118.99,-6.089,19038.399999999998,20942.239999999998,6.48
2011-07-26 11:00:00,B2752,0.391,0.0,7.61,118.99,-7.648999999999999,19038.399999999998,20942.239999999998,8.04
2011-07-26 12:00:00,B2752,2.582,0.0,8.2,118.99,-5.978000000000001,19038.399999999998,20942.239999999998,8.56
2011-07-26 13:00:00,B2752,0.704,0.0,8.27,118.99,-7.906,19038.399999999998,20942.239999999998,8.61
2011-07-26 14:00:00,B2752,0.391,0.0,7.89,118.99,-7.819000000000001,19038.399999999998,20942.239999999998,8.21
2011-07-26 15:00:00,B2752,0.391,0.0,6.97,118.99,-6.909,19038.399999999998,20942.239999999998,7.3
2011-07-26 16:00:00,B2752,0.391,0.0,5.45,118.99,-5.379,19038.399999999998,20942.239999999998,5.77
2011-07-26 17:00:00,B2752,0.704,0.0,3.74,118.99,-3.2860000000000005,19038.399999999998,20942.239999999998,3.99
2011-07-26 18:00:00,B2752,2.582,0.0,1.65,118.99,0.7819999999999998,19038.399999999998,20942.239999999998,1.8
2011-07-26 19:00:00,B2752,3.208,0.0,0.0,118.99,3.208,19038.399999999998,20942.239999999998,0.0
2011-07-26 20:00:00,B2752,0.704,0.0,0.0,118.99,0.704,19038.399999999998,20942.239999999998,0.0
2011-07-26 21:00:00,B2752,0.704,0.0,0.0,118.99,0.704,19038.399999999998,20942.239999999998,0.0
2011-07-26 22:00:00,B2752,0.704,0.0,0.0,118.99,0.704,19038.399999999998,20942.239999999998,0.0
2011-07-26 23:00:00,B2752,0.391,0.0,0.0,118.99,0.391,19038.399999999998,20942.239999999998,0.0
2011-07-27 00:00:00,B2752,2.791,2.4,0.0,118.99,2.791,19038.399999999998,20942.239999999998,0.0
2011-07-27 01:00:00,B2752,2.791,2.4,0.0,118.99,2.791,19038.399999999998,20942.239999999998,0.0
2011-07-27 02:00:00,B2752,2.791,2.4,0.0,118.99,2.791,19038.399999999998,20942.239999999998,0.0
2011-07-27 03:00:00,B2752,2.791,2.4,0.0,118.99,2.791,19038.399999999998,20942.239999999998,0.0
2011-07-27 04:00:00,B2752,2.791,2.4,0.0,118.99,2.791,19038.399999999998,20942.239999999998,0.0
2011-07-27 05:00:00,B2752,0.704,0.0,0.0,118.99,0.704,19038.399999999998,20942.239999999998,0.0
2011-07-27 06:00:00,B2752,2.582,0.0,0.94,118.99,1.2819999999999998,19038.399999999998,20942.239999999998,1.3
2011-07-27 07:00:00,B2752,0.705,0.0,4.03,118.99,-4.335,19038.399999999998,20942.239999999998,5.04
2011-07-27 08:00:00,B2752,0.392,0.0,5.52,118.99,-5.867999999999999,19038.399999999998,20942.239999999998,6.26
2011-07-27 09:00:00,B2752,0.391,0.0,7.34,118.99,-7.529,19038.399999999998,20942.239999999998,7.92
2011-07-27 10:00:00,B2752,0.391,0.0,8.88,118.99,-8.939,19038.399999999998,20942.239999999998,9.33
2011-07-27 11:00:00,B2752,0.391,0.0,9.5,118.99,-9.429,19038.399999999998,20942.239999999998,9.82
2011-07-27 12:00:00,B2752,2.582,0.0,9.55,118.99,-7.207999999999999,19038.399999999998,20942.239999999998,9.79
2011-07-27 13:00:00,B2752,0.704,0.0,9.27,118.99,-8.815999999999999,19038.399999999998,20942.239999999998,9.52
2011-07-27 14:00:00,B2752,0.391,0.0,8.65,118.99,-8.529,19038.399999999998,20942.239999999998,8.92
2011-07-27 15:00:00,B2752,0.391,0.0,7.64,118.99,-7.519,19038.399999999998,20942.239999999998,7.91
2011-07-27 16:00:00,B2752,0.391,0.0,6.22,118.99,-6.109,19038.399999999998,20942.239999999998,6.5
2011-07-27 17:00:00,B2752,0.704,0.0,4.4,118.99,-3.936,19038.399999999998,20942.239999999998,4.64
2011-07-27 18:00:00,B2752,2.582,0.0,1.95,118.99,0.46199999999999974,19038.399999999998,20942.239999999998,2.12
2011-07-27 19:00:00,B2752,3.208,0.0,0.0,118.99,3.208,19038.399999999998,20942.239999999998,0.0
2011-07-27 20:00:00,B2752,0.704,0.0,0.0,118.99,0.704,19038.399999999998,20942.239999999998,0.0
2011-07-27 21:00:00,B2752,0.704,0.0,0.0,118.99,0.704,19038.399999999998,20942.239999999998,0.0
2011-07-27 22:00:00,B2752,0.704,0.0,0.0,118.99,0.704,19038.399999999998,20942.239999999998,0.0
2011-07-27 23:00:00,B2752,0.391,0.0,0.0,118.99,0.391,19038.399999999998,20942.239999999998,0.0
2011-07-28 00:00:00,B2752,2.791,2.4,0.0,118.99,2.791,19038.399999999998,20942.239999999998,0.0
2011-07-28 01:00:00,B2752,2.791,2.4,0.0,118.99,2.791,19038.399999999998,20942.239999999998,0.0
2011-07-28 02:00:00,B2752,2.791,2.4,0.0,118.99,2.791,19038.399999999998,20942.239999999998,0.0
2011-07-28 03:00:00,B2752,2.791,2.4,0.0,118.99,2.791,19038.399999999998,20942.239999999998,0.0
2011-07-28 04:00:00,B2752,2.791,2.4,0.0,118.99,2.791,19038.399999999998,20942.239999999998,0.0
2011-07-28 05:00:00,B2752,0.704,0.0,0.0,118.99,0.704,19038.399999999998,20942.239999999998,0.0
2011-07-28 06:00:00,B2752,2.582,0.0,1.26,118.99,1.0019999999999998,19038.399999999998,20942.239999999998,1.58
2011-07-28 07:00:00,B2752,0.705,0.0,4.28,118.99,-4.635,19038.399999999998,20942.239999999998,5.34
2011-07-28 08:00:00,B2752,0.392,0.0,5.92,118.99,-6.268,19038.399999999998,20942.239999999998,6.66
2011-07-28 09:00:00,B2752,0.391,0.0,6.95,118.99,-7.129,19038.399999999998,20942.239999999998,7.52
2011-07-28 10:00:00,B2752,0.391,0.0,7.97,118.99,-8.059,19038.399999999998,20942.239999999998,8.45
2011-07-28 11:00:00,B2752,0.391,0.0,8.78,118.99,-8.769,19038.399999999998,20942.239999999998,9.16
2011-07-28 12:00:00,B2752,2.582,0.0,9.26,118.99,-6.968000000000001,19038.399999999998,20942.239999999998,9.55
2011-07-28 13:00:00,B2752,0.704,0.0,9.01,118.99,-8.596,19038.399999999998,20942.239999999998,9.3
2011-07-28 14:00:00,B2752,0.391,0.0,8.45,118.99,-8.359,19038.399999999998,20942.239999999998,8.75
2011-07-28 15:00:00,B2752,0.391,0.0,7.45,118.99,-7.349,19038.399999999998,20942.239999999998,7.74
2011-07-28 16:00:00,B2752,0.391,0.0,5.98,118.99,-5.889,19038.399999999998,20942.239999999998,6.28
2011-07-28 17:00:00,B2752,0.704,0.0,3.98,118.99,-3.516,19038.399999999998,20942.239999999998,4.22
2011-07-28 18:00:00,B2752,2.582,0.0,1.63,118.99,0.8119999999999998,19038.399999999998,20942.239999999998,1.77
2011-07-28 19:00:00,B2752,3.208,0.0,0.0,118.99,3.208,19038.399999999998,20942.239999999998,0.0
2011-07-28 20:00:00,B2752,0.704,0.0,0.0,118.99,0.704,19038.399999999998,20942.239999999998,0.0
2011-07-28 21:00:00,B2752,0.704,0.0,0.0,118.99,0.704,19038.399999999998,20942.239999999998,0.0
2011-07-28 22:00:00,B2752,0.704,0.0,0.0,118.99,0.704,19038.399999999998,20942.239999999998,0.0
2011-07-28 23:00:00,B2752,0.391,0.0,0.0,118.99,0.391,19038.399999999998,20942.239999999998,0.0
2011-07-29 00:00:00,B2752,2.791,2.4,0.0,118.99,2.791,19038.399999999998,20942.239999999998,0.0
2011-07-29 01:00:00,B2752,2.791,2.4,0.0,118.99,2.791,19038.399999999998,20942.239999999998,0.0
2011-07-29 02:00:00,B2752,2.791,2.4,0.0,118.99,2.791,19038.399999999998,20942.239999999998,0.0
2011-07-29 03:00:00,B2752,2.791,2.4,0.0,118.99,2.791,19038.399999999998,20942.239999999998,0.0
2011-07-29 04:00:00,B2752,2.791,2.4,0.0,118.99,2.791,19038.399999999998,20942.239999999998,0.0
2011-07-29 05:00:00,B2752,0.704,0.0,0.0,118.99,0.704,19038.399999999998,20942.239999999998,0.0
2011-07-29 06:00:00,B2752,2.582,0.0,1.01,118.99,1.1019999999999999,19038.399999999998,20942.239999999998,1.48
2011-07-29 07:00:00,B2752,0.705,0.0,5.49,118.99,-6.3149999999999995,19038.399999999998,20942.239999999998,7.02
2011-07-29 08:00:00,B2752,0.392,0.0,7.3,118.99,-7.588,19038.399999999998,20942.239999999998,7.98
2011-07-29 09:00:00,B2752,0.391,0.0,8.41,118.99,-8.459,19038.399999999998,20942.239999999998,8.85
2011-07-29 10:00:00,B2752,0.391,0.0,9.01,118.99,-9.029,19038.399999999998,20942.239999999998,9.42
2011-07-29 11:00:00,B2752,0.391,0.0,9.42,118.99,-9.339,19038.399999999998,20942.239999999998,9.73
2011-07-29 12:00:00,B2752,2.582,0.0,9.61,118.99,-7.268,19038.399999999998,20942.239999999998,9.85
2011-07-29 13:00:00,B2752,0.704,0.0,9.34,118.99,-8.895999999999999,19038.399999999998,20942.239999999998,9.6
2011-07-29 14:00:00,B2752,0.391,0.0,8.7,118.99,-8.579,19038.399999999998,20942.239999999998,8.97
2011-07-29 15:00:00,B2752,0.391,0.0,7.64,118.99,-7.529,19038.399999999998,20942.239999999998,7.92
2011-07-29 16:00:00,B2752,0.391,0.0,6.26,118.99,-6.159,19038.399999999998,20942.239999999998,6.55
2011-07-29 17:00:00,B2752,0.704,0.0,4.46,118.99,-3.9960000000000004,19038.399999999998,20942.239999999998,4.7
2011-07-29 18:00:00,B2752,2.582,0.0,2.0,118.99,0.4119999999999999,19038.399999999998,20942.239999999998,2.17
2011-07-29 19:00:00,B2752,3.208,0.0,0.0,118.99,3.208,19038.399999999998,20942.239999999998,0.0
2011-07-29 20:00:00,B2752,0.704,0.0,0.0,118.99,0.704,19038.399999999998,20942.239999999998,0.0
2011-07-29 21:00:00,B2752,0.704,0.0,0.0,118.99,0.704,19038.399999999998,20942.239999999998,0.0
2011-07-29 22:00:00,B2752,0.704,0.0,0.0,118.99,0.704,19038.399999999998,20942.239999999998,0.0
2011-07-29 23:00:00,B2752,0.391,0.0,0.0,118.99,0.391,19038.399999999998,20942.239999999998,0.0
2011-07-30 00:00:00,B2752,0.391,0.0,0.0,118.99,0.391,19038.399999999998,20942.239999999998,0.0
2011-07-30 01:00:00,B2752,0.391,0.0,0.0,118.99,0.391,19038.399999999998,20942.239999999998,0.0
2011-07-30 02:00:00,B2752,0.391,0.0,0.0,118.99,0.391,19038.399999999998,20942.239999999998,0.0
2011-07-30 03:00:00,B2752,0.391,0.0,0.0,118.99,0.391,19038.399999999998,20942.239999999998,0.0
2011-07-30 04:00:00,B2752,0.391,0.0,0.0,118.99,0.391,19038.399999999998,20942.239999999998,0.0
2011-07-30 05:00:00,B2752,0.704,0.0,0.0,118.99,0.704,19038.399999999998,20942.239999999998,0.0
2011-07-30 06:00:00,B2752,2.581,0.0,0.88,118.99,1.2409999999999999,19038.399999999998,20942.239999999998,1.34
2011-07-30 07:00:00,B2752,0.704,0.0,5.53,118.99,-6.3660000000000005,19038.399999999998,20942.239999999998,7.07
2011-07-30 08:00:00,B2752,2.792,2.4,7.03,118.99,-4.948,19038.399999999998,20942.239999999998,7.74
2011-07-30 09:00:00,B2752,2.792,2.4,8.15,118.99,-5.848000000000001,19038.399999999998,20942.239999999998,8.64
2011-07-30 10:00:00,B2752,2.792,2.4,8.96,118.99,-6.577999999999999,19038.399999999998,20942.239999999998,9.37
2011-07-30 11:00:00,B2752,2.792,2.4,9.41,118.99,-6.938000000000001,19038.399999999998,20942.239999999998,9.73
2011-07-30 12:00:00,B2752,4.982,2.4,9.52,118.99,-4.807999999999999,19038.399999999998,20942.239999999998,9.79
2011-07-30 13:00:00,B2752,0.704,0.0,9.33,118.99,-8.895999999999999,19038.399999999998,20942.239999999998,9.6
2011-07-30 14:00:00,B2752,0.391,0.0,8.76,118.99,-8.639,19038.399999999998,20942.239999999998,9.03
2011-07-30 15:00:00,B2752,0.391,0.0,7.7,118.99,-7.589,19038.399999999998,20942.239999999998,7.98
2011-07-30 16:00:00,B2752,0.391,0.0,6.28,118.99,-6.179,19038.399999999998,20942.239999999998,6.57
2011-07-30 17:00:00,B2752,0.704,0.0,4.43,118.99,-3.976,19038.399999999998,20942.239999999998,4.68
2011-07-30 18:00:00,B2752,2.582,0.0,1.96,118.99,0.46199999999999974,19038.399999999998,20942.239999999998,2.12
2011-07-30 19:00:00,B2752,3.208,0.0,0.0,118.99,3.208,19038.399999999998,20942.239999999998,0.0
2011-07-30 20:00:00,B2752,0.704,0.0,0.0,118.99,0.704,19038.399999999998,20942.239999999998,0.0
2011-07-30 21:00:00,B2752,0.704,0.0,0.0,118.99,0.704,19038.399999999998,20942.239999999998,0.0
2011-07-30 22:00:00,B2752,0.704,0.0,0.0,118.99,0.704,19038.399999999998,20942.239999999998,0.0
2011-07-30 23:00:00,B2752,0.391,0.0,0.0,118.99,0.391,19038.399999999998,20942.239999999998,0.0
2011-07-31 00:00:00,B2752,0.391,0.0,0.0,118.99,0.391,19038.399999999998,20942.239999999998,0.0
2011-07-31 01:00:00,B2752,0.391,0.0,0.0,118.99,0.391,19038.399999999998,20942.239999999998,0.0
2011-07-31 02:00:00,B2752,0.391,0.0,0.0,118.99,0.391,19038.399999999998,20942.239999999998,0.0
2011-07-31 03:00:00,B2752,0.391,0.0,0.0,118.99,0.391,19038.399999999998,20942.239999999998,0.0
2011-07-31 04:00:00,B2752,0.391,0.0,0.0,118.99,0.391,19038.399999999998,20942.239999999998,0.0
2011-07-31 05:00:00,B2752,0.704,0.0,0.0,118.99,0.704,19038.399999999998,20942.239999999998,0.0
2011-07-31 06:00:00,B2752,2.581,0.0,0.84,118.99,1.321,19038.399999999998,20942.239999999998,1.26
2011-07-31 07:00:00,B2752,0.704,0.0,4.79,118.99,-5.3660000000000005,19038.399999999998,20942.239999999998,6.07
2011-07-31 08:00:00,B2752,2.791,2.4,6.07,118.99,-4.019,19038.399999999998,20942.239999999998,6.81
2011-07-31 09:00:00,B2752,2.792,2.4,7.53,118.99,-5.308,19038.399999999998,20942.239999999998,8.1
2011-07-31 10:00:00,B2752,2.792,2.4,8.51,118.99,-6.148,19038.399999999998,20942.239999999998,8.94
2011-07-31 11:00:00,B2752,2.792,2.4,9.11,118.99,-6.6080000000000005,19038.399999999998,20942.239999999998,9.4
2011-07-31 12:00:00,B2752,4.982,2.4,9.28,118.99,-4.537999999999999,19038.399999999998,20942.239999999998,9.52
2011-07-31 13:00:00,B2752,0.704,0.0,8.99,118.99,-8.536,19038.399999999998,20942.239999999998,9.24
2011-07-31 14:00:00,B2752,0.391,0.0,8.32,118.99,-8.199,19038.399999999998,20942.239999999998,8.59
2011-07-31 15:00:00,B2752,0.391,0.0,7.3,118.99,-7.189,19038.399999999998,20942.239999999998,7.58
2011-07-31 16:00:00,B2752,0.391,0.0,5.9,118.99,-5.799,19038.399999999998,20942.239999999998,6.19
2011-07-31 17:00:00,B2752,0.704,0.0,4.12,118.99,-3.6560000000000006,19038.399999999998,20942.239999999998,4.36
2011-07-31 18:00:00,B2752,2.582,0.0,1.33,118.99,1.152,19038.399999999998,20942.239999999998,1.43
2011-07-31 19:00:00,B2752,3.208,0.0,0.0,118.99,3.208,19038.399999999998,20942.239999999998,0.0
2011-07-31 20:00:00,B2752,0.704,0.0,0.0,118.99,0.704,19038.399999999998,20942.239999999998,0.0
2011-07-31 21:00:00,B2752,0.704,0.0,0.0,118.99,0.704,19038.399999999998,20942.239999999998,0.0
2011-07-31 22:00:00,B2752,0.704,0.0,0.0,118.99,0.704,19038.399999999998,20942.239999999998,0.0
2011-07-31 23:00:00,B2752,0.391,0.0,0.0,118.99,0.391,19038.399999999998,20942.239999999998,0.0
2011-08-01 00:00:00,B2752,2.791,2.4,0.0,118.99,2.791,19038.399999999998,20942.239999999998,0.0
2011-08-01 01:00:00,B2752,2.791,2.4,0.0,118.99,2.791,19038.399999999998,20942.239999999998,0.0
2011-08-01 02:00:00,B2752,2.791,2.4,0.0,118.99,2.791,19038.399999999998,20942.239999999998,0.0
2011-08-01 03:00:00,B2752,2.791,2.4,0.0,118.99,2.791,19038.399999999998,20942.239999999998,0.0
2011-08-01 04:00:00,B2752,2.791,2.4,0.0,118.99,2.791,19038.399999999998,20942.239999999998,0.0
2011-08-01 05:00:00,B2752,0.704,0.0,0.0,118.99,0.704,19038.399999999998,20942.239999999998,0.0
2011-08-01 06:00:00,B2752,2.582,0.0,0.85,118.99,1.3019999999999998,19038.399999999998,20942.239999999998,1.28
2011-08-01 07:00:00,B2752,0.705,0.0,5.63,118.99,-6.5649999999999995,19038.399999999998,20942.239999999998,7.27
2011-08-01 08:00:00,B2752,0.392,0.0,7.24,118.99,-7.497999999999999,19038.399999999998,20942.239999999998,7.89
2011-08-01 09:00:00,B2752,0.391,0.0,8.07,118.99,-8.149,19038.399999999998,20942.239999999998,8.54
2011-08-01 10:00:00,B2752,0.391,0.0,8.78,118.99,-8.779,19038.399999999998,20942.239999999998,9.17
2011-08-01 11:00:00,B2752,0.391,0.0,9.43,118.99,-9.309,19038.399999999998,20942.239999999998,9.7
2011-08-01 12:00:00,B2752,2.582,0.0,9.56,118.99,-7.207999999999999,19038.399999999998,20942.239999999998,9.79
2011-08-01 13:00:00,B2752,0.704,0.0,9.27,118.99,-8.806,19038.399999999998,20942.239999999998,9.51
2011-08-01 14:00:00,B2752,0.391,0.0,8.6,118.99,-8.479,19038.399999999998,20942.239999999998,8.87
2011-08-01 15:00:00,B2752,0.391,0.0,7.58,118.99,-7.469,19038.399999999998,20942.239999999998,7.86
2011-08-01 16:00:00,B2752,0.391,0.0,6.19,118.99,-6.079,19038.399999999998,20942.239999999998,6.47
2011-08-01 17:00:00,B2752,0.704,0.0,4.43,118.99,-3.966,19038.399999999998,20942.239999999998,4.67
2011-08-01 18:00:00,B2752,2.582,0.0,1.41,118.99,1.0619999999999998,19038.399999999998,20942.239999999998,1.52
2011-08-01 19:00:00,B2752,3.208,0.0,0.0,118.99,3.208,19038.399999999998,20942.239999999998,0.0
2011-08-01 20:00:00,B2752,0.704,0.0,0.0,118.99,0.704,19038.399999999998,20942.239999999998,0.0
2011-08-01 21:00:00,B2752,0.704,0.0,0.0,118.99,0.704,19038.399999999998,20942.239999999998,0.0
2011-08-01 22:00:00,B2752,0.704,0.0,0.0,118.99,0.704,19038.399999999998,20942.239999999998,0.0
2011-08-01 23:00:00,B2752,0.391,0.0,0.0,118.99,0.391,19038.399999999998,20942.239999999998,0.0
2011-08-02 00:00:00,B2752,2.791,2.4,0.0,118.99,2.791,19038.399999999998,20942.239999999998,0.0
2011-08-02 01:00:00,B2752,2.791,2.4,0.0,118.99,2.791,19038.399999999998,20942.239999999998,0.0
2011-08-02 02:00:00,B2752,2.791,2.4,0.0,118.99,2.791,19038.399999999998,20942.239999999998,0.0
2011-08-02 03:00:00,B2752,2.791,2.4,0.0,118.99,2.791,19038.399999999998,20942.239999999998,0.0
2011-08-02 04:00:00,B2752,2.791,2.4,0.0,118.99,2.791,19038.399999999998,20942.239999999998,0.0
2011-08-02 05:00:00,B2752,0.704,0.0,0.0,118.99,0.704,19038.399999999998,20942.239999999998,0.0
2011-08-02 06:00:00,B2752,2.582,0.0,1.13,118.99,1.0719999999999998,19038.399999999998,20942.239999999998,1.51
2011-08-02 07:00:00,B2752,0.705,0.0,4.36,118.99,-4.765,19038.399999999998,20942.239999999998,5.47
2011-08-02 08:00:00,B2752,0.392,0.0,6.38,118.99,-6.688,19038.399999999998,20942.239999999998,7.08
2011-08-02 09:00:00,B2752,0.391,0.0,7.73,118.99,-7.829000000000001,19038.399999999998,20942.239999999998,8.22
2011-08-02 10:00:00,B2752,0.391,0.0,8.67,118.99,-8.669,19038.399999999998,20942.239999999998,9.06
2011-08-02 11:00:00,B2752,0.391,0.0,9.21,118.99,-9.089,19038.399999999998,20942.239999999998,9.48
2011-08-02 12:00:00,B2752,2.582,0.0,9.3,118.99,-6.938,19038.399999999998,20942.239999999998,9.52
2011-08-02 13:00:00,B2752,0.704,0.0,8.98,118.99,-8.516,19038.399999999998,20942.239999999998,9.22
2011-08-02 14:00:00,B2752,0.391,0.0,8.37,118.99,-8.239,19038.399999999998,20942.239999999998,8.63
2011-08-02 15:00:00,B2752,0.391,0.0,7.36,118.99,-7.239,19038.399999999998,20942.239999999998,7.63
2011-08-02 16:00:00,B2752,0.391,0.0,5.99,118.99,-5.869,19038.399999999998,20942.239999999998,6.26
2011-08-02 17:00:00,B2752,0.704,0.0,4.18,118.99,-3.716,19038.399999999998,20942.239999999998,4.42
2011-08-02 18:00:00,B2752,2.582,0.0,1.3,118.99,1.182,19038.399999999998,20942.239999999998,1.4
2011-08-02 19:00:00,B2752,3.208,0.0,0.0,118.99,3.208,19038.399999999998,20942.239999999998,0.0
2011-08-02 20:00:00,B2752,0.704,0.0,0.0,118.99,0.704,19038.399999999998,20942.239999999998,0.0
2011-08-02 21:00:00,B2752,0.704,0.0,0.0,118.99,0.704,19038.399999999998,20942.239999999998,0.0
2011-08-02 22:00:00,B2752,0.704,0.0,0.0,118.99,0.704,19038.399999999998,20942.239999999998,0.0
2011-08-02 23:00:00,B2752,0.391,0.0,0.0,118.99,0.391,19038.399999999998,20942.239999999998,0.0
2011-08-03 00:00:00,B2752,2.791,2.4,0.0,118.99,2.791,19038.399999999998,20942.239999999998,0.0
2011-08-03 01:00:00,B2752,2.791,2.4,0.0,118.99,2.791,19038.399999999998,20942.239999999998,0.0
2011-08-03 02:00:00,B2752,2.791,2.4,0.0,118.99,2.791,19038.399999999998,20942.239999999998,0.0
2011-08-03 03:00:00,B2752,2.791,2.4,0.0,118.99,2.791,19038.399999999998,20942.239999999998,0.0
2011-08-03 04:00:00,B2752,2.791,2.4,0.0,118.99,2.791,19038.399999999998,20942.239999999998,0.0
2011-08-03 05:00:00,B2752,0.704,0.0,0.0,118.99,0.704,19038.399999999998,20942.239999999998,0.0
2011-08-03 06:00:00,B2752,2.582,0.0,1.07,118.99,1.0619999999999998,19038.399999999998,20942.239999999998,1.52
2011-08-03 07:00:00,B2752,0.705,0.0,5.0,118.99,-5.685,19038.399999999998,20942.239999999998,6.39
2011-08-03 08:00:00,B2752,0.392,0.0,7.12,118.99,-7.377999999999999,19038.399999999998,20942.239999999998,7.77
2011-08-03 09:00:00,B2752,0.391,0.0,8.25,118.99,-8.309,19038.399999999998,20942.239999999998,8.7
2011-08-03 10:00:00,B2752,0.391,0.0,9.04,118.99,-8.999,19038.399999999998,20942.239999999998,9.39
2011-08-03 11:00:00,B2752,0.391,0.0,9.43,118.99,-9.309,19038.399999999998,20942.239999999998,9.7
2011-08-03 12:00:00,B2752,2.582,0.0,9.48,118.99,-7.138000000000001,19038.399999999998,20942.239999999998,9.72
2011-08-03 13:00:00,B2752,0.704,0.0,9.23,118.99,-8.776,19038.399999999998,20942.239999999998,9.48
2011-08-03 14:00:00,B2752,0.391,0.0,8.56,118.99,-8.449,19038.399999999998,20942.239999999998,8.84
2011-08-03 15:00:00,B2752,0.391,0.0,7.49,118.99,-7.379,19038.399999999998,20942.239999999998,7.77
2011-08-03 16:00:00,B2752,0.391,0.0,6.03,118.99,-5.909,19038.399999999998,20942.239999999998,6.3
2011-08-03 17:00:00,B2752,0.704,0.0,4.15,118.99,-3.686,19038.399999999998,20942.239999999998,4.39
2011-08-03 18:00:00,B2752,2.582,0.0,1.28,118.99,1.202,19038.399999999998,20942.239999999998,1.38
2011-08-03 19:00:00,B2752,3.208,0.0,0.0,118.99,3.208,19038.399999999998,20942.239999999998,0.0
2011-08-03 20:00:00,B2752,0.704,0.0,0.0,118.99,0.704,19038.399999999998,20942.239999999998,0.0
2011-08-03 21:00:00,B2752,0.704,0.0,0.0,118.99,0.704,19038.399999999998,20942.239999999998,0.0
2011-08-03 22:00:00,B2752,0.704,0.0,0.0,118.99,0.704,19038.399999999998,20942.239999999998,0.0
2011-08-03 23:00:00,B2752,0.391,0.0,0.0,118.99,0.391,19038.399999999998,20942.239999999998,0.0
2011-08-04 00:00:00,B2752,2.791,2.4,0.0,118.99,2.791,19038.399999999998,20942.239999999998,0.0
2011-08-04 01:00:00,B2752,2.791,2.4,0.0,118.99,2.791,19038.399999999998,20942.239999999998,0.0
2011-08-04 02:00:00,B2752,2.791,2.4,0.0,118.99,2.791,19038.399999999998,20942.239999999998,0.0
2011-08-04 03:00:00,B2752,2.791,2.4,0.0,118.99,2.791,19038.399999999998,20942.239999999998,0.0
2011-08-04 04:00:00,B2752,2.791,2.4,0.0,118.99,2.791,19038.399999999998,20942.239999999998,0.0
2011-08-04 05:00:00,B2752,0.704,0.0,0.0,118.99,0.704,19038.399999999998,20942.239999999998,0.0
2011-08-04 06:00:00,B2752,2.582,0.0,0.75,118.99,1.402,19038.399999999998,20942.239999999998,1.18
2011-08-04 07:00:00,B2752,0.705,0.0,4.86,118.99,-5.515,19038.399999999998,20942.239999999998,6.22
2011-08-04 08:00:00,B2752,0.392,0.0,6.18,118.99,-6.417999999999999,19038.399999999998,20942.239999999998,6.81
2011-08-04 09:00:00,B2752,0.391,0.0,7.19,118.99,-7.339,19038.399999999998,20942.239999999998,7.73
2011-08-04 10:00:00,B2752,0.391,0.0,7.94,118.99,-8.039,19038.399999999998,20942.239999999998,8.43
2011-08-04 11:00:00,B2752,0.391,0.0,8.65,118.99,-8.619,19038.399999999998,20942.239999999998,9.01
2011-08-04 12:00:00,B2752,2.582,0.0,8.98,118.99,-6.688,19038.399999999998,20942.239999999998,9.27
2011-08-04 13:00:00,B2752,0.704,0.0,8.67,118.99,-8.276,19038.399999999998,20942.239999999998,8.98
2011-08-04 14:00:00,B2752,0.391,0.0,8.02,118.99,-7.968999999999999,19038.399999999998,20942.239999999998,8.36
2011-08-04 15:00:00,B2752,0.391,0.0,7.03,118.99,-6.989,19038.399999999998,20942.239999999998,7.38
2011-08-04 16:00:00,B2752,0.391,0.0,5.62,118.99,-5.559,19038.399999999998,20942.239999999998,5.95
2011-08-04 17:00:00,B2752,0.704,0.0,3.84,118.99,-3.396,19038.399999999998,20942.239999999998,4.1
2011-08-04 18:00:00,B2752,2.582,0.0,1.21,118.99,1.2819999999999998,19038.399999999998,20942.239999999998,1.3
2011-08-04 19:00:00,B2752,3.208,0.0,0.0,118.99,3.208,19038.399999999998,20942.239999999998,0.0
2011-08-04 20:00:00,B2752,0.704,0.0,0.0,118.99,0.704,19038.399999999998,20942.239999999998,0.0
2011-08-04 21:00:00,B2752,0.704,0.0,0.0,118.99,0.704,19038.399999999998,20942.239999999998,0.0
2011-08-04 22:00:00,B2752,0.704,0.0,0.0,118.99,0.704,19038.399999999998,20942.239999999998,0.0
2011-08-04 23:00:00,B2752,0.391,0.0,0.0,118.99,0.391,19038.399999999998,20942.239999999998,0.0
2011-08-05 00:00:00,B2752,2.791,2.4,0.0,118.99,2.791,19038.399999999998,20942.239999999998,0.0
2011-08-05 01:00:00,B2752,2.791,2.4,0.0,118.99,2.791,19038.399999999998,20942.239999999998,0.0
2011-08-05 02:00:00,B2752,2.791,2.4,0.0,118.99,2.791,19038.399999999998,20942.239999999998,0.0
2011-08-05 03:00:00,B2752,2.791,2.4,0.0,118.99,2.791,19038.399999999998,20942.239999999998,0.0
2011-08-05 04:00:00,B2752,2.791,2.4,0.0,118.99,2.791,19038.399999999998,20942.239999999998,0.0
2011-08-05 05:00:00,B2752,0.704,0.0,0.0,118.99,0.704,19038.399999999998,20942.239999999998,0.0
2011-08-05 06:00:00,B2752,2.582,0.0,0.82,118.99,1.3419999999999999,19038.399999999998,20942.239999999998,1.24
2011-08-05 07:00:00,B2752,0.705,0.0,5.21,118.99,-6.035,19038.399999999998,20942.239999999998,6.74
2011-08-05 08:00:00,B2752,0.392,0.0,6.87,118.99,-7.058,19038.399999999998,20942.239999999998,7.45
2011-08-05 09:00:00,B2752,0.391,0.0,7.89,118.99,-7.929,19038.399999999998,20942.239999999998,8.32
2011-08-05 10:00:00,B2752,0.391,0.0,8.6,118.99,-8.559,19038.399999999998,20942.239999999998,8.95
2011-08-05 11:00:00,B2752,0.391,0.0,9.09,118.99,-8.959,19038.399999999998,20942.239999999998,9.35
2011-08-05 12:00:00,B2752,2.582,0.0,9.17,118.99,-6.808000000000001,19038.399999999998,20942.239999999998,9.39
2011-08-05 13:00:00,B2752,0.704,0.0,8.86,118.99,-8.395999999999999,19038.399999999998,20942.239999999998,9.1
2011-08-05 14:00:00,B2752,0.391,0.0,8.22,118.99,-8.099,19038.399999999998,20942.239999999998,8.49
2011-08-05 15:00:00,B2752,0.391,0.0,7.18,118.99,-7.059,19038.399999999998,20942.239999999998,7.45
2011-08-05 16:00:00,B2752,0.391,0.0,5.78,118.99,-5.639,19038.399999999998,20942.239999999998,6.03
2011-08-05 17:00:00,B2752,0.704,0.0,4.03,118.99,-3.566,19038.399999999998,20942.239999999998,4.27
2011-08-05 18:00:00,B2752,2.582,0.0,1.21,118.99,1.2819999999999998,19038.399999999998,20942.239999999998,1.3
2011-08-05 19:00:00,B2752,3.208,0.0,0.0,118.99,3.208,19038.399999999998,20942.239999999998,0.0
2011-08-05 20:00:00,B2752,0.704,0.0,0.0,118.99,0.704,19038.399999999998,20942.239999999998,0.0
2011-08-05 21:00:00,B2752,0.704,0.0,0.0,118.99,0.704,19038.399999999998,20942.239999999998,0.0
2011-08-05 22:00:00,B2752,0.704,0.0,0.0,118.99,0.704,19038.399999999998,20942.239999999998,0.0
2011-08-05 23:00:00,B2752,0.391,0.0,0.0,118.99,0.391,19038.399999999998,20942.239999999998,0.0
2011-08-06 00:00:00,B2752,0.391,0.0,0.0,118.99,0.391,19038.399999999998,20942.239999999998,0.0
2011-08-06 01:00:00,B2752,0.391,0.0,0.0,118.99,0.391,19038.399999999998,20942.239999999998,0.0
2011-08-06 02:00:00,B2752,0.391,0.0,0.0,118.99,0.391,19038.399999999998,20942.239999999998,0.0
2011-08-06 03:00:00,B2752,0.391,0.0,0.0,118.99,0.391,19038.399999999998,20942.239999999998,0.0
2011-08-06 04:00:00,B2752,0.391,0.0,0.0,118.99,0.391,19038.399999999998,20942.239999999998,0.0
2011-08-06 05:00:00,B2752,0.704,0.0,0.0,118.99,0.704,19038.399999999998,20942.239999999998,0.0
2011-08-06 06:00:00,B2752,2.581,0.0,0.7,118.99,1.451,19038.399999999998,20942.239999999998,1.13
2011-08-06 07:00:00,B2752,0.704,0.0,5.21,118.99,-6.0360000000000005,19038.399999999998,20942.239999999998,6.74
2011-08-06 08:00:00,B2752,2.792,2.4,6.8,118.99,-4.558,19038.399999999998,20942.239999999998,7.35
2011-08-06 09:00:00,B2752,2.792,2.4,7.82,118.99,-5.448,19038.399999999998,20942.239999999998,8.24
2011-08-06 10:00:00,B2752,2.792,2.4,8.46,118.99,-6.008000000000001,19038.399999999998,20942.239999999998,8.8
2011-08-06 11:00:00,B2752,2.792,2.4,8.94,118.99,-6.388,19038.399999999998,20942.239999999998,9.18
2011-08-06 12:00:00,B2752,4.982,2.4,8.94,118.99,-4.178,19038.399999999998,20942.239999999998,9.16
2011-08-06 13:00:00,B2752,0.704,0.0,8.66,118.99,-8.196,19038.399999999998,20942.239999999998,8.9
2011-08-06 14:00:00,B2752,0.391,0.0,8.02,118.99,-7.888999999999999,19038.399999999998,20942.239999999998,8.28
2011-08-06 15:00:00,B2752,0.391,0.0,6.98,118.99,-6.869,19038.399999999998,20942.239999999998,7.26
2011-08-06 16:00:00,B2752,0.391,0.0,5.58,118.99,-5.439,19038.399999999998,20942.239999999998,5.83
2011-08-06 17:00:00,B2752,0.704,0.0,3.89,118.99,-3.4160000000000004,19038.399999999998,20942.239999999998,4.12
2011-08-06 18:00:00,B2752,2.582,0.0,1.16,118.99,1.3319999999999999,19038.399999999998,20942.239999999998,1.25
2011-08-06 19:00:00,B2752,3.208,0.0,0.0,118.99,3.208,19038.399999999998,20942.239999999998,0.0
2011-08-06 20:00:00,B2752,0.704,0.0,0.0,118.99,0.704,19038.399999999998,20942.239999999998,0.0
2011-08-06 21:00:00,B2752,0.704,0.0,0.0,118.99,0.704,19038.399999999998,20942.239999999998,0.0
2011-08-06 22:00:00,B2752,0.704,0.0,0.0,118.99,0.704,19038.399999999998,20942.239999999998,0.0
2011-08-06 23:00:00,B2752,0.391,0.0,0.0,118.99,0.391,19038.399999999998,20942.239999999998,0.0
2011-08-07 00:00:00,B2752,0.391,0.0,0.0,118.99,0.391,19038.399999999998,20942.239999999998,0.0
2011-08-07 01:00:00,B2752,0.391,0.0,0.0,118.99,0.391,19038.399999999998,20942.239999999998,0.0
2011-08-07 02:00:00,B2752,0.391,0.0,0.0,118.99,0.391,19038.399999999998,20942.239999999998,0.0
2011-08-07 03:00:00,B2752,0.391,0.0,0.0,118.99,0.391,19038.399999999998,20942.239999999998,0.0
2011-08-07 04:00:00,B2752,0.391,0.0,0.0,118.99,0.391,19038.399999999998,20942.239999999998,0.0
2011-08-07 05:00:00,B2752,0.704,0.0,0.0,118.99,0.704,19038.399999999998,20942.239999999998,0.0
2011-08-07 06:00:00,B2752,2.581,0.0,0.61,118.99,1.561,19038.399999999998,20942.239999999998,1.02
2011-08-07 07:00:00,B2752,0.704,0.0,5.27,118.99,-6.126,19038.399999999998,20942.239999999998,6.83
2011-08-07 08:00:00,B2752,2.791,2.4,6.65,118.99,-4.399000000000001,19038.399999999998,20942.239999999998,7.19
2011-08-07 09:00:00,B2752,2.792,2.4,7.64,118.99,-5.2780000000000005,19038.399999999998,20942.239999999998,8.07
2011-08-07 10:00:00,B2752,2.792,2.4,8.35,118.99,-5.9079999999999995,19038.399999999998,20942.239999999998,8.7
2011-08-07 11:00:00,B2752,2.792,2.4,8.79,118.99,-6.258000000000001,19038.399999999998,20942.239999999998,9.05
2011-08-07 12:00:00,B2752,4.982,2.4,8.82,118.99,-4.0680000000000005,19038.399999999998,20942.239999999998,9.05
2011-08-07 13:00:00,B2752,0.704,0.0,8.55,118.99,-8.096,19038.399999999998,20942.239999999998,8.8
2011-08-07 14:00:00,B2752,0.391,0.0,7.9,118.99,-7.779,19038.399999999998,20942.239999999998,8.17
2011-08-07 15:00:00,B2752,0.391,0.0,6.94,118.99,-6.839,19038.399999999998,20942.239999999998,7.23
2011-08-07 16:00:00,B2752,0.391,0.0,5.58,118.99,-5.479,19038.399999999998,20942.239999999998,5.87
2011-08-07 17:00:00,B2752,0.704,0.0,3.77,118.99,-3.306,19038.399999999998,20942.239999999998,4.01
2011-08-07 18:00:00,B2752,2.582,0.0,1.12,118.99,1.3719999999999999,19038.399999999998,20942.239999999998,1.21
2011-08-07 19:00:00,B2752,3.208,0.0,0.0,118.99,3.208,19038.399999999998,20942.239999999998,0.0
2011-08-07 20:00:00,B2752,0.704,0.0,0.0,118.99,0.704,19038.399999999998,20942.239999999998,0.0
2011-08-07 21:00:00,B2752,0.704,0.0,0.0,118.99,0.704,19038.399999999998,20942.239999999998,0.0
2011-08-07 22:00:00,B2752,0.704,0.0,0.0,118.99,0.704,19038.399999999998,20942.239999999998,0.0
2011-08-07 23:00:00,B2752,0.391,0.0,0.0,118.99,0.391,19038.399999999998,20942.239999999998,0.0
2011-08-08 00:00:00,B2752,2.791,2.4,0.0,118.99,2.791,19038.399999999998,20942.239999999998,0.0
2011-08-08 01:00:00,B2752,2.791,2.4,0.0,118.99,2.791,19038.399999999998,20942.239999999998,0.0
2011-08-08 02:00:00,B2752,2.791,2.4,0.0,118.99,2.791,19038.399999999998,20942.239999999998,0.0
2011-08-08 03:00:00,B2752,2.791,2.4,0.0,118.99,2.791,19038.399999999998,20942.239999999998,0.0
2011-08-08 04:00:00,B2752,2.791,2.4,0.0,118.99,2.791,19038.399999999998,20942.239999999998,0.0
2011-08-08 05:00:00,B2752,0.704,0.0,0.0,118.99,0.704,19038.399999999998,20942.239999999998,0.0
2011-08-08 06:00:00,B2752,2.582,0.0,0.73,118.99,1.4919999999999998,19038.399999999998,20942.239999999998,1.09
2011-08-08 07:00:00,B2752,0.705,0.0,4.58,118.99,-5.205,19038.399999999998,20942.239999999998,5.91
2011-08-08 08:00:00,B2752,0.392,0.0,6.05,118.99,-6.2379999999999995,19038.399999999998,20942.239999999998,6.63
2011-08-08 09:00:00,B2752,0.391,0.0,7.23,118.99,-7.299,19038.399999999998,20942.239999999998,7.69
2011-08-08 10:00:00,B2752,0.391,0.0,8.16,118.99,-8.129,19038.399999999998,20942.239999999998,8.52
2011-08-08 11:00:00,B2752,0.391,0.0,8.76,118.99,-8.639,19038.399999999998,20942.239999999998,9.03
2011-08-08 12:00:00,B2752,2.582,0.0,8.82,118.99,-6.478000000000001,19038.399999999998,20942.239999999998,9.06
2011-08-08 13:00:00,B2752,0.704,0.0,8.55,118.99,-8.096,19038.399999999998,20942.239999999998,8.8
2011-08-08 14:00:00,B2752,0.391,0.0,7.94,118.99,-7.839,19038.399999999998,20942.239999999998,8.23
2011-08-08 15:00:00,B2752,0.391,0.0,6.82,118.99,-6.709,19038.399999999998,20942.239999999998,7.1
2011-08-08 16:00:00,B2752,0.391,0.0,5.48,118.99,-5.359,19038.399999999998,20942.239999999998,5.75
2011-08-08 17:00:00,B2752,0.704,0.0,3.78,118.99,-3.316,19038.399999999998,20942.239999999998,4.02
2011-08-08 18:00:00,B2752,2.582,0.0,1.1,118.99,1.402,19038.399999999998,20942.239999999998,1.18
2011-08-08 19:00:00,B2752,3.208,0.0,0.0,118.99,3.208,19038.399999999998,20942.239999999998,0.0
2011-08-08 20:00:00,B2752,0.704,0.0,0.0,118.99,0.704,19038.399999999998,20942.239999999998,0.0
2011-08-08 21:00:00,B2752,0.704,0.0,0.0,118.99,0.704,19038.399999999998,20942.239999999998,0.0
2011-08-08 22:00:00,B2752,0.704,0.0,0.0,118.99,0.704,19038.399999999998,20942.239999999998,0.0
2011-08-08 23:00:00,B2752,0.391,0.0,0.0,118.99,0.391,19038.399999999998,20942.239999999998,0.0
2011-08-09 00:00:00,B2752,2.791,2.4,0.0,118.99,2.791,19038.399999999998,20942.239999999998,0.0
2011-08-09 01:00:00,B2752,2.791,2.4,0.0,118.99,2.791,19038.399999999998,20942.239999999998,0.0
2011-08-09 02:00:00,B2752,2.791,2.4,0.0,118.99,2.791,19038.399999999998,20942.239999999998,0.0
2011-08-09 03:00:00,B2752,2.791,2.4,0.0,118.99,2.791,19038.399999999998,20942.239999999998,0.0
2011-08-09 04:00:00,B2752,2.791,2.4,0.0,118.99,2.791,19038.399999999998,20942.239999999998,0.0
2011-08-09 05:00:00,B2752,0.704,0.0,0.0,118.99,0.704,19038.399999999998,20942.239999999998,0.0
2011-08-09 06:00:00,B2752,2.582,0.0,0.73,118.99,1.5019999999999998,19038.399999999998,20942.239999999998,1.08
2011-08-09 07:00:00,B2752,0.705,0.0,4.94,118.99,-5.675,19038.399999999998,20942.239999999998,6.38
2011-08-09 08:00:00,B2752,0.392,0.0,6.48,118.99,-6.648,19038.399999999998,20942.239999999998,7.04
2011-08-09 09:00:00,B2752,0.391,0.0,7.55,118.99,-7.599,19038.399999999998,20942.239999999998,7.99
2011-08-09 10:00:00,B2752,0.391,0.0,8.39,118.99,-8.359,19038.399999999998,20942.239999999998,8.75
2011-08-09 11:00:00,B2752,0.391,0.0,8.87,118.99,-8.749,19038.399999999998,20942.239999999998,9.14
2011-08-09 12:00:00,B2752,2.582,0.0,8.94,118.99,-6.598,19038.399999999998,20942.239999999998,9.18
2011-08-09 13:00:00,B2752,0.704,0.0,8.62,118.99,-8.176,19038.399999999998,20942.239999999998,8.88
2011-08-09 14:00:00,B2752,0.391,0.0,7.99,118.99,-7.888999999999999,19038.399999999998,20942.239999999998,8.28
2011-08-09 15:00:00,B2752,0.391,0.0,6.99,118.99,-6.889,19038.399999999998,20942.239999999998,7.28
2011-08-09 16:00:00,B2752,0.391,0.0,5.59,118.99,-5.459,19038.399999999998,20942.239999999998,5.85
2011-08-09 17:00:00,B2752,0.704,0.0,3.74,118.99,-3.266,19038.399999999998,20942.239999999998,3.97
2011-08-09 18:00:00,B2752,2.582,0.0,1.08,118.99,1.422,19038.399999999998,20942.239999999998,1.16
2011-08-09 19:00:00,B2752,3.208,0.0,0.0,118.99,3.208,19038.399999999998,20942.239999999998,0.0
2011-08-09 20:00:00,B2752,0.704,0.0,0.0,118.99,0.704,19038.399999999998,20942.239999999998,0.0
2011-08-09 21:00:00,B2752,0.704,0.0,0.0,118.99,0.704,19038.399999999998,20942.239999999998,0.0
2011-08-09 22:00:00,B2752,0.704,0.0,0.0,118.99,0.704,19038.399999999998,20942.239999999998,0.0
2011-08-09 23:00:00,B2752,0.391,0.0,0.0,118.99,0.391,19038.399999999998,20942.239999999998,0.0
2011-08-10 00:00:00,B2752,2.791,2.4,0.0,118.99,2.791,19038.399999999998,20942.239999999998,0.0
2011-08-10 01:00:00,B2752,2.791,2.4,0.0,118.99,2.791,19038.399999999998,20942.239999999998,0.0
2011-08-10 02:00:00,B2752,2.791,2.4,0.0,118.99,2.791,19038.399999999998,20942.239999999998,0.0
2011-08-10 03:00:00,B2752,2.791,2.4,0.0,118.99,2.791,19038.399999999998,20942.239999999998,0.0
2011-08-10 04:00:00,B2752,2.791,2.4,0.0,118.99,2.791,19038.399999999998,20942.239999999998,0.0
2011-08-10 05:00:00,B2752,0.704,0.0,0.0,118.99,0.704,19038.399999999998,20942.239999999998,0.0
2011-08-10 06:00:00,B2752,2.582,0.0,1.03,118.99,1.2219999999999998,19038.399999999998,20942.239999999998,1.36
2011-08-10 07:00:00,B2752,0.705,0.0,4.13,118.99,-4.515,19038.399999999998,20942.239999999998,5.22
2011-08-10 08:00:00,B2752,0.392,0.0,6.08,118.99,-6.287999999999999,19038.399999999998,20942.239999999998,6.68
2011-08-10 09:00:00,B2752,0.391,0.0,7.52,118.99,-7.619,19038.399999999998,20942.239999999998,8.01
2011-08-10 10:00:00,B2752,0.391,0.0,8.36,118.99,-8.369,19038.399999999998,20942.239999999998,8.76
2011-08-10 11:00:00,B2752,0.391,0.0,8.86,118.99,-8.759,19038.399999999998,20942.239999999998,9.15
2011-08-10 12:00:00,B2752,2.582,0.0,8.95,118.99,-6.617999999999999,19038.399999999998,20942.239999999998,9.2
2011-08-10 13:00:00,B2752,0.704,0.0,8.66,118.99,-8.225999999999999,19038.399999999998,20942.239999999998,8.93
2011-08-10 14:00:00,B2752,0.391,0.0,8.01,118.99,-7.898999999999999,19038.399999999998,20942.239999999998,8.29
2011-08-10 15:00:00,B2752,0.391,0.0,6.96,118.99,-6.869,19038.399999999998,20942.239999999998,7.26
2011-08-10 16:00:00,B2752,0.391,0.0,5.49,118.99,-5.389,19038.399999999998,20942.239999999998,5.78
2011-08-10 17:00:00,B2752,0.704,0.0,3.63,118.99,-3.1660000000000004,19038.399999999998,20942.239999999998,3.87
2011-08-10 18:00:00,B2752,2.582,0.0,1.05,118.99,1.4619999999999997,19038.399999999998,20942.239999999998,1.12
2011-08-10 19:00:00,B2752,3.208,0.0,0.0,118.99,3.208,19038.399999999998,20942.239999999998,0.0
2011-08-10 20:00:00,B2752,0.704,0.0,0.0,118.99,0.704,19038.399999999998,20942.239999999998,0.0
2011-08-10 21:00:00,B2752,0.704,0.0,0.0,118.99,0.704,19038.399999999998,20942.239999999998,0.0
2011-08-10 22:00:00,B2752,0.704,0.0,0.0,118.99,0.704,19038.399999999998,20942.239999999998,0.0
2011-08-10 23:00:00,B2752,0.391,0.0,0.0,118.99,0.391,19038.399999999998,20942.239999999998,0.0
2011-08-11 00:00:00,B2752,2.791,2.4,0.0,118.99,2.791,19038.399999999998,20942.239999999998,0.0
2011-08-11 01:00:00,B2752,2.791,2.4,0.0,118.99,2.791,19038.399999999998,20942.239999999998,0.0
2011-08-11 02:00:00,B2752,2.791,2.4,0.0,118.99,2.791,19038.399999999998,20942.239999999998,0.0
2011-08-11 03:00:00,B2752,2.791,2.4,0.0,118.99,2.791,19038.399999999998,20942.239999999998,0.0
2011-08-11 04:00:00,B2752,2.791,2.4,0.0,118.99,2.791,19038.399999999998,20942.239999999998,0.0
2011-08-11 05:00:00,B2752,0.704,0.0,0.0,118.99,0.704,19038.399999999998,20942.239999999998,0.0
2011-08-11 06:00:00,B2752,2.582,0.0,0.9,118.99,1.3519999999999999,19038.399999999998,20942.239999999998,1.23
2011-08-11 07:00:00,B2752,0.705,0.0,3.81,118.99,-4.075,19038.399999999998,20942.239999999998,4.78
2011-08-11 08:00:00,B2752,0.392,0.0,5.69,118.99,-5.9079999999999995,19038.399999999998,20942.239999999998,6.3
2011-08-11 09:00:00,B2752,0.391,0.0,7.32,118.99,-7.429,19038.399999999998,20942.239999999998,7.82
2011-08-11 10:00:00,B2752,0.391,0.0,8.21,118.99,-8.219,19038.399999999998,20942.239999999998,8.61
2011-08-11 11:00:00,B2752,0.391,0.0,8.76,118.99,-8.669,19038.399999999998,20942.239999999998,9.06
2011-08-11 12:00:00,B2752,2.582,0.0,8.82,118.99,-6.528,19038.399999999998,20942.239999999998,9.11
2011-08-11 13:00:00,B2752,0.704,0.0,8.39,118.99,-8.026,19038.399999999998,20942.239999999998,8.73
2011-08-11 14:00:00,B2752,0.391,0.0,7.63,118.99,-7.619,19038.399999999998,20942.239999999998,8.01
2011-08-11 15:00:00,B2752,0.391,0.0,6.73,118.99,-6.709,19038.399999999998,20942.239999999998,7.1
2011-08-11 16:00:00,B2752,0.391,0.0,5.33,118.99,-5.269,19038.399999999998,20942.239999999998,5.66
2011-08-11 17:00:00,B2752,0.704,0.0,3.44,118.99,-2.9859999999999998,19038.399999999998,20942.239999999998,3.69
2011-08-11 18:00:00,B2752,2.582,0.0,0.99,118.99,1.5219999999999998,19038.399999999998,20942.239999999998,1.06
2011-08-11 19:00:00,B2752,3.208,0.0,0.0,118.99,3.208,19038.399999999998,20942.239999999998,0.0
2011-08-11 20:00:00,B2752,0.704,0.0,0.0,118.99,0.704,19038.399999999998,20942.239999999998,0.0
2011-08-11 21:00:00,B2752,0.704,0.0,0.0,118.99,0.704,19038.399999999998,20942.239999999998,0.0
2011-08-11 22:00:00,B2752,0.704,0.0,0.0,118.99,0.704,19038.399999999998,20942.239999999998,0.0
2011-08-11 23:00:00,B2752,0.391,0.0,0.0,118.99,0.391,19038.399999999998,20942.239999999998,0.0
2011-08-12 00:00:00,B2752,2.791,2.4,0.0,118.99,2.791,19038.399999999998,20942.239999999998,0.0
2011-08-12 01:00:00,B2752,2.791,2.4,0.0,118.99,2.791,19038.399999999998,20942.239999999998,0.0
2011-08-12 02:00:00,B2752,2.791,2.4,0.0,118.99,2.791,19038.399999999998,20942.239999999998,0.0
2011-08-12 03:00:00,B2752,2.791,2.4,0.0,118.99,2.791,19038.399999999998,20942.239999999998,0.0
2011-08-12 04:00:00,B2752,2.791,2.4,0.0,118.99,2.791,19038.399999999998,20942.239999999998,0.0
2011-08-12 05:00:00,B2752,0.704,0.0,0.0,118.99,0.704,19038.399999999998,20942.239999999998,0.0
2011-08-12 06:00:00,B2752,2.582,0.0,0.91,118.99,1.5119999999999998,19038.399999999998,20942.239999999998,1.07
2011-08-12 07:00:00,B2752,0.705,0.0,1.98,118.99,-1.545,19038.399999999998,20942.239999999998,2.25
2011-08-12 08:00:00,B2752,0.392,0.0,3.33,118.99,-3.498,19038.399999999998,20942.239999999998,3.89
2011-08-12 09:00:00,B2752,0.391,0.0,4.51,118.99,-4.729,19038.399999999998,20942.239999999998,5.12
2011-08-12 10:00:00,B2752,0.391,0.0,5.02,118.99,-5.199,19038.399999999998,20942.239999999998,5.59
2011-08-12 11:00:00,B2752,0.391,0.0,6.44,118.99,-6.569,19038.399999999998,20942.239999999998,6.96
2011-08-12 12:00:00,B2752,2.582,0.0,7.53,118.99,-5.368,19038.399999999998,20942.239999999998,7.95
2011-08-12 13:00:00,B2752,0.704,0.0,6.65,118.99,-6.3660000000000005,19038.399999999998,20942.239999999998,7.07
2011-08-12 14:00:00,B2752,0.391,0.0,5.56,118.99,-5.629,19038.399999999998,20942.239999999998,6.02
2011-08-12 15:00:00,B2752,0.391,0.0,4.72,118.99,-4.749,19038.399999999998,20942.239999999998,5.14
2011-08-12 16:00:00,B2752,0.391,0.0,3.74,118.99,-3.7190000000000003,19038.399999999998,20942.239999999998,4.11
2011-08-12 17:00:00,B2752,0.704,0.0,2.14,118.99,-1.6260000000000001,19038.399999999998,20942.239999999998,2.33
2011-08-12 18:00:00,B2752,2.582,0.0,0.0,118.99,2.562,19038.399999999998,20942.239999999998,0.02
2011-08-12 19:00:00,B2752,3.208,0.0,0.0,118.99,3.208,19038.399999999998,20942.239999999998,0.0
2011-08-12 20:00:00,B2752,0.704,0.0,0.0,118.99,0.704,19038.399999999998,20942.239999999998,0.0
2011-08-12 21:00:00,B2752,0.704,0.0,0.0,118.99,0.704,19038.399999999998,20942.239999999998,0.0
2011-08-12 22:00:00,B2752,0.704,0.0,0.0,118.99,0.704,19038.399999999998,20942.239999999998,0.0
2011-08-12 23:00:00,B2752,0.391,0.0,0.0,118.99,0.391,19038.399999999998,20942.239999999998,0.0
2011-08-13 00:00:00,B2752,0.391,0.0,0.0,118.99,0.391,19038.399999999998,20942.239999999998,0.0
2011-08-13 01:00:00,B2752,0.391,0.0,0.0,118.99,0.391,19038.399999999998,20942.239999999998,0.0
2011-08-13 02:00:00,B2752,0.391,0.0,0.0,118.99,0.391,19038.399999999998,20942.239999999998,0.0
2011-08-13 03:00:00,B2752,0.391,0.0,0.0,118.99,0.391,19038.399999999998,20942.239999999998,0.0
2011-08-13 04:00:00,B2752,0.391,0.0,0.0,118.99,0.391,19038.399999999998,20942.239999999998,0.0
2011-08-13 05:00:00,B2752,0.704,0.0,0.0,118.99,0.704,19038.399999999998,20942.239999999998,0.0
2011-08-13 06:00:00,B2752,2.581,0.0,0.0,118.99,2.581,19038.399999999998,20942.239999999998,0.0
2011-08-13 07:00:00,B2752,0.704,0.0,1.47,118.99,-0.9259999999999999,19038.399999999998,20942.239999999998,1.63
2011-08-13 08:00:00,B2752,2.792,2.4,2.68,118.99,-0.3480000000000003,19038.399999999998,20942.239999999998,3.14
2011-08-13 09:00:00,B2752,2.792,2.4,3.98,118.99,-1.718,19038.399999999998,20942.239999999998,4.51
2011-08-13 10:00:00,B2752,2.792,2.4,4.87,118.99,-2.5680000000000005,19038.399999999998,20942.239999999998,5.36
2011-08-13 11:00:00,B2752,2.792,2.4,5.91,118.99,-3.518,19038.399999999998,20942.239999999998,6.31
2011-08-13 12:00:00,B2752,4.982,2.4,6.51,118.99,-1.9479999999999995,19038.399999999998,20942.239999999998,6.93
2011-08-13 13:00:00,B2752,0.704,0.0,6.2,118.99,-5.966,19038.399999999998,20942.239999999998,6.67
2011-08-13 14:00:00,B2752,0.391,0.0,5.91,118.99,-5.979,19038.399999999998,20942.239999999998,6.37
2011-08-13 15:00:00,B2752,0.391,0.0,5.42,118.99,-5.459,19038.399999999998,20942.239999999998,5.85
2011-08-13 16:00:00,B2752,0.391,0.0,4.45,118.99,-4.439,19038.399999999998,20942.239999999998,4.83
2011-08-13 17:00:00,B2752,0.704,0.0,3.05,118.99,-2.5860000000000003,19038.399999999998,20942.239999999998,3.29
2011-08-13 18:00:00,B2752,2.582,0.0,0.78,118.99,1.7319999999999998,19038.399999999998,20942.239999999998,0.85
2011-08-13 19:00:00,B2752,3.208,0.0,0.0,118.99,3.208,19038.399999999998,20942.239999999998,0.0
2011-08-13 20:00:00,B2752,0.704,0.0,0.0,118.99,0.704,19038.399999999998,20942.239999999998,0.0
2011-08-13 21:00:00,B2752,0.704,0.0,0.0,118.99,0.704,19038.399999999998,20942.239999999998,0.0
2011-08-13 22:00:00,B2752,0.704,0.0,0.0,118.99,0.704,19038.399999999998,20942.239999999998,0.0
2011-08-13 23:00:00,B2752,0.391,0.0,0.0,118.99,0.391,19038.399999999998,20942.239999999998,0.0
2011-08-14 00:00:00,B2752,0.391,0.0,0.0,118.99,0.391,19038.399999999998,20942.239999999998,0.0
2011-08-14 01:00:00,B2752,0.391,0.0,0.0,118.99,0.391,19038.399999999998,20942.239999999998,0.0
2011-08-14 02:00:00,B2752,0.391,0.0,0.0,118.99,0.391,19038.399999999998,20942.239999999998,0.0
2011-08-14 03:00:00,B2752,0.391,0.0,0.0,118.99,0.391,19038.399999999998,20942.239999999998,0.0
2011-08-14 04:00:00,B2752,0.391,0.0,0.0,118.99,0.391,19038.399999999998,20942.239999999998,0.0
2011-08-14 05:00:00,B2752,0.704,0.0,0.0,118.99,0.704,19038.399999999998,20942.239999999998,0.0
2011-08-14 06:00:00,B2752,2.581,0.0,0.6,118.99,1.591,19038.399999999998,20942.239999999998,0.99
2011-08-14 07:00:00,B2752,0.704,0.0,4.75,118.99,-5.456,19038.399999999998,20942.239999999998,6.16
2011-08-14 08:00:00,B2752,2.791,2.4,6.26,118.99,-3.969,19038.399999999998,20942.239999999998,6.76
2011-08-14 09:00:00,B2752,2.792,2.4,7.26,118.99,-4.898000000000001,19038.399999999998,20942.239999999998,7.69
2011-08-14 10:00:00,B2752,2.792,2.4,8.02,118.99,-5.588000000000001,19038.399999999998,20942.239999999998,8.38
2011-08-14 11:00:00,B2752,2.792,2.4,8.52,118.99,-5.9879999999999995,19038.399999999998,20942.239999999998,8.78
2011-08-14 12:00:00,B2752,4.982,2.4,8.61,118.99,-3.8579999999999997,19038.399999999998,20942.239999999998,8.84
2011-08-14 13:00:00,B2752,0.704,0.0,8.31,118.99,-7.856000000000001,19038.399999999998,20942.239999999998,8.56
2011-08-14 14:00:00,B2752,0.391,0.0,7.71,118.99,-7.599,19038.399999999998,20942.239999999998,7.99
2011-08-14 15:00:00,B2752,0.391,0.0,6.68,118.99,-6.579,19038.399999999998,20942.239999999998,6.97
2011-08-14 16:00:00,B2752,0.391,0.0,5.27,118.99,-5.139,19038.399999999998,20942.239999999998,5.53
2011-08-14 17:00:00,B2752,0.704,0.0,3.47,118.99,-2.9960000000000004,19038.399999999998,20942.239999999998,3.7
2011-08-14 18:00:00,B2752,2.582,0.0,0.94,118.99,1.5819999999999999,19038.399999999998,20942.239999999998,1.0
2011-08-14 19:00:00,B2752,3.208,0.0,0.0,118.99,3.208,19038.399999999998,20942.239999999998,0.0
2011-08-14 20:00:00,B2752,0.704,0.0,0.0,118.99,0.704,19038.399999999998,20942.239999999998,0.0
2011-08-14 21:00:00,B2752,0.704,0.0,0.0,118.99,0.704,19038.399999999998,20942.239999999998,0.0
2011-08-14 22:00:00,B2752,0.704,0.0,0.0,118.99,0.704,19038.399999999998,20942.239999999998,0.0
2011-08-14 23:00:00,B2752,0.391,0.0,0.0,118.99,0.391,19038.399999999998,20942.239999999998,0.0
2011-08-15 00:00:00,B2752,2.791,2.4,0.0,118.99,2.791,19038.399999999998,20942.239999999998,0.0
2011-08-15 01:00:00,B2752,2.791,2.4,0.0,118.99,2.791,19038.399999999998,20942.239999999998,0.0
2011-08-15 02:00:00,B2752,2.791,2.4,0.0,118.99,2.791,19038.399999999998,20942.239999999998,0.0
2011-08-15 03:00:00,B2752,2.791,2.4,0.0,118.99,2.791,19038.399999999998,20942.239999999998,0.0
2011-08-15 04:00:00,B2752,2.791,2.4,0.0,118.99,2.791,19038.399999999998,20942.239999999998,0.0
2011-08-15 05:00:00,B2752,0.704,0.0,0.0,118.99,0.704,19038.399999999998,20942.239999999998,0.0
2011-08-15 06:00:00,B2752,2.582,0.0,0.0,118.99,2.582,19038.399999999998,20942.239999999998,0.0
2011-08-15 07:00:00,B2752,0.705,0.0,4.39,118.99,-4.955,19038.399999999998,20942.239999999998,5.66
2011-08-15 08:00:00,B2752,0.392,0.0,6.09,118.99,-6.247999999999999,19038.399999999998,20942.239999999998,6.64
2011-08-15 09:00:00,B2752,0.391,0.0,7.15,118.99,-7.209,19038.399999999998,20942.239999999998,7.6
2011-08-15 10:00:00,B2752,0.391,0.0,7.95,118.99,-7.909000000000001,19038.399999999998,20942.239999999998,8.3
2011-08-15 11:00:00,B2752,0.391,0.0,8.52,118.99,-8.389,19038.399999999998,20942.239999999998,8.78
2011-08-15 12:00:00,B2752,2.582,0.0,8.56,118.99,-6.207999999999999,19038.399999999998,20942.239999999998,8.79
2011-08-15 13:00:00,B2752,0.704,0.0,8.31,118.99,-7.8660000000000005,19038.399999999998,20942.239999999998,8.57
2011-08-15 14:00:00,B2752,0.391,0.0,7.67,118.99,-7.569,19038.399999999998,20942.239999999998,7.96
2011-08-15 15:00:00,B2752,0.391,0.0,6.64,118.99,-6.549,19038.399999999998,20942.239999999998,6.94
2011-08-15 16:00:00,B2752,0.391,0.0,5.23,118.99,-5.109,19038.399999999998,20942.239999999998,5.5
2011-08-15 17:00:00,B2752,0.704,0.0,3.43,118.99,-2.9560000000000004,19038.399999999998,20942.239999999998,3.66
2011-08-15 18:00:00,B2752,2.582,0.0,0.9,118.99,1.6219999999999999,19038.399999999998,20942.239999999998,0.96
2011-08-15 19:00:00,B2752,3.208,0.0,0.0,118.99,3.208,19038.399999999998,20942.239999999998,0.0
2011-08-15 20:00:00,B2752,0.704,0.0,0.0,118.99,0.704,19038.399999999998,20942.239999999998,0.0
2011-08-15 21:00:00,B2752,0.704,0.0,0.0,118.99,0.704,19038.399999999998,20942.239999999998,0.0
2011-08-15 22:00:00,B2752,0.704,0.0,0.0,118.99,0.704,19038.399999999998,20942.239999999998,0.0
2011-08-15 23:00:00,B2752,0.391,0.0,0.0,118.99,0.391,19038.399999999998,20942.239999999998,0.0
2011-08-16 00:00:00,B2752,2.791,2.4,0.0,118.99,2.791,19038.399999999998,20942.239999999998,0.0
2011-08-16 01:00:00,B2752,2.791,2.4,0.0,118.99,2.791,19038.399999999998,20942.239999999998,0.0
2011-08-16 02:00:00,B2752,2.791,2.4,0.0,118.99,2.791,19038.399999999998,20942.239999999998,0.0
2011-08-16 03:00:00,B2752,2.791,2.4,0.0,118.99,2.791,19038.399999999998,20942.239999999998,0.0
2011-08-16 04:00:00,B2752,2.791,2.4,0.0,118.99,2.791,19038.399999999998,20942.239999999998,0.0
2011-08-16 05:00:00,B2752,0.704,0.0,0.0,118.99,0.704,19038.399999999998,20942.239999999998,0.0
2011-08-16 06:00:00,B2752,2.582,0.0,0.0,118.99,2.582,19038.399999999998,20942.239999999998,0.0
2011-08-16 07:00:00,B2752,0.705,0.0,4.58,118.99,-5.195,19038.399999999998,20942.239999999998,5.9
2011-08-16 08:00:00,B2752,0.392,0.0,5.8,118.99,-5.9079999999999995,19038.399999999998,20942.239999999998,6.3
2011-08-16 09:00:00,B2752,0.391,0.0,6.72,118.99,-6.799,19038.399999999998,20942.239999999998,7.19
2011-08-16 10:00:00,B2752,0.391,0.0,7.6,118.99,-7.589,19038.399999999998,20942.239999999998,7.98
2011-08-16 11:00:00,B2752,0.391,0.0,8.22,118.99,-8.109,19038.399999999998,20942.239999999998,8.5
2011-08-16 12:00:00,B2752,2.582,0.0,8.37,118.99,-6.078,19038.399999999998,20942.239999999998,8.66
2011-08-16 13:00:00,B2752,0.704,0.0,8.23,118.99,-7.816,19038.399999999998,20942.239999999998,8.52
2011-08-16 14:00:00,B2752,0.391,0.0,7.58,118.99,-7.469,19038.399999999998,20942.239999999998,7.86
2011-08-16 15:00:00,B2752,0.391,0.0,6.54,118.99,-6.449,19038.399999999998,20942.239999999998,6.84
2011-08-16 16:00:00,B2752,0.391,0.0,5.11,118.99,-4.979,19038.399999999998,20942.239999999998,5.37
2011-08-16 17:00:00,B2752,0.704,0.0,3.3,118.99,-2.8360000000000003,19038.399999999998,20942.239999999998,3.54
2011-08-16 18:00:00,B2752,2.582,0.0,0.86,118.99,1.662,19038.399999999998,20942.239999999998,0.92
2011-08-16 19:00:00,B2752,3.208,0.0,0.0,118.99,3.208,19038.399999999998,20942.239999999998,0.0
2011-08-16 20:00:00,B2752,0.704,0.0,0.0,118.99,0.704,19038.399999999998,20942.239999999998,0.0
2011-08-16 21:00:00,B2752,0.704,0.0,0.0,118.99,0.704,19038.399999999998,20942.239999999998,0.0
2011-08-16 22:00:00,B2752,0.704,0.0,0.0,118.99,0.704,19038.399999999998,20942.239999999998,0.0
2011-08-16 23:00:00,B2752,0.391,0.0,0.0,118.99,0.391,19038.399999999998,20942.239999999998,0.0
2011-08-17 00:00:00,B2752,2.791,2.4,0.0,118.99,2.791,19038.399999999998,20942.239999999998,0.0
2011-08-17 01:00:00,B2752,2.791,2.4,0.0,118.99,2.791,19038.399999999998,20942.239999999998,0.0
2011-08-17 02:00:00,B2752,2.791,2.4,0.0,118.99,2.791,19038.399999999998,20942.239999999998,0.0
2011-08-17 03:00:00,B2752,2.791,2.4,0.0,118.99,2.791,19038.399999999998,20942.239999999998,0.0
2011-08-17 04:00:00,B2752,2.791,2.4,0.0,118.99,2.791,19038.399999999998,20942.239999999998,0.0
2011-08-17 05:00:00,B2752,0.704,0.0,0.0,118.99,0.704,19038.399999999998,20942.239999999998,0.0
2011-08-17 06:00:00,B2752,2.582,0.0,0.0,118.99,2.582,19038.399999999998,20942.239999999998,0.0
2011-08-17 07:00:00,B2752,0.705,0.0,4.28,118.99,-4.805,19038.399999999998,20942.239999999998,5.51
2011-08-17 08:00:00,B2752,0.392,0.0,5.49,118.99,-5.627999999999999,19038.399999999998,20942.239999999998,6.02
2011-08-17 09:00:00,B2752,0.391,0.0,6.68,118.99,-6.759,19038.399999999998,20942.239999999998,7.15
2011-08-17 10:00:00,B2752,0.391,0.0,7.6,118.99,-7.589,19038.399999999998,20942.239999999998,7.98
2011-08-17 11:00:00,B2752,0.391,0.0,8.19,118.99,-8.069,19038.399999999998,20942.239999999998,8.46
2011-08-17 12:00:00,B2752,2.582,0.0,8.3,118.99,-5.957999999999999,19038.399999999998,20942.239999999998,8.54
2011-08-17 13:00:00,B2752,0.704,0.0,8.03,118.99,-7.585999999999999,19038.399999999998,20942.239999999998,8.29
2011-08-17 14:00:00,B2752,0.391,0.0,7.38,118.99,-7.279,19038.399999999998,20942.239999999998,7.67
2011-08-17 15:00:00,B2752,0.391,0.0,6.3,118.99,-6.209,19038.399999999998,20942.239999999998,6.6
2011-08-17 16:00:00,B2752,0.391,0.0,4.9,118.99,-4.809,19038.399999999998,20942.239999999998,5.2
2011-08-17 17:00:00,B2752,0.704,0.0,3.1,118.99,-2.6260000000000003,19038.399999999998,20942.239999999998,3.33
2011-08-17 18:00:00,B2752,2.582,0.0,0.66,118.99,1.8719999999999999,19038.399999999998,20942.239999999998,0.71
2011-08-17 19:00:00,B2752,3.208,0.0,0.0,118.99,3.208,19038.399999999998,20942.239999999998,0.0
2011-08-17 20:00:00,B2752,0.704,0.0,0.0,118.99,0.704,19038.399999999998,20942.239999999998,0.0
2011-08-17 21:00:00,B2752,0.704,0.0,0.0,118.99,0.704,19038.399999999998,20942.239999999998,0.0
2011-08-17 22:00:00,B2752,0.704,0.0,0.0,118.99,0.704,19038.399999999998,20942.239999999998,0.0
2011-08-17 23:00:00,B2752,0.391,0.0,0.0,118.99,0.391,19038.399999999998,20942.239999999998,0.0
2011-08-18 00:00:00,B2752,2.791,2.4,0.0,118.99,2.791,19038.399999999998,20942.239999999998,0.0
2011-08-18 01:00:00,B2752,2.791,2.4,0.0,118.99,2.791,19038.399999999998,20942.239999999998,0.0
2011-08-18 02:00:00,B2752,2.791,2.4,0.0,118.99,2.791,19038.399999999998,20942.239999999998,0.0
2011-08-18 03:00:00,B2752,2.791,2.4,0.0,118.99,2.791,19038.399999999998,20942.239999999998,0.0
2011-08-18 04:00:00,B2752,2.791,2.4,0.0,118.99,2.791,19038.399999999998,20942.239999999998,0.0
2011-08-18 05:00:00,B2752,0.704,0.0,0.0,118.99,0.704,19038.399999999998,20942.239999999998,0.0
2011-08-18 06:00:00,B2752,2.582,0.0,0.0,118.99,2.582,19038.399999999998,20942.239999999998,0.0
2011-08-18 07:00:00,B2752,0.705,0.0,3.17,118.99,-3.295,19038.399999999998,20942.239999999998,4.0
2011-08-18 08:00:00,B2752,0.392,0.0,4.78,118.99,-4.968,19038.399999999998,20942.239999999998,5.36
2011-08-18 09:00:00,B2752,0.391,0.0,6.07,118.99,-6.249,19038.399999999998,20942.239999999998,6.64
2011-08-18 10:00:00,B2752,0.391,0.0,6.81,118.99,-6.959,19038.399999999998,20942.239999999998,7.35
2011-08-18 11:00:00,B2752,0.391,0.0,6.96,118.99,-7.069,19038.399999999998,20942.239999999998,7.46
2011-08-18 12:00:00,B2752,2.582,0.0,7.23,118.99,-5.128,19038.399999999998,20942.239999999998,7.71
2011-08-18 13:00:00,B2752,0.704,0.0,7.31,118.99,-7.0360000000000005,19038.399999999998,20942.239999999998,7.74
2011-08-18 14:00:00,B2752,0.391,0.0,6.5,118.99,-6.529,19038.399999999998,20942.239999999998,6.92
2011-08-18 15:00:00,B2752,0.391,0.0,5.59,118.99,-5.579,19038.399999999998,20942.239999999998,5.97
2011-08-18 16:00:00,B2752,0.391,0.0,4.38,118.99,-4.309,19038.399999999998,20942.239999999998,4.7
2011-08-18 17:00:00,B2752,0.704,0.0,2.84,118.99,-2.3760000000000003,19038.399999999998,20942.239999999998,3.08
2011-08-18 18:00:00,B2752,2.582,0.0,0.0,118.99,2.532,19038.399999999998,20942.239999999998,0.05
2011-08-18 19:00:00,B2752,3.208,0.0,0.0,118.99,3.208,19038.399999999998,20942.239999999998,0.0
2011-08-18 20:00:00,B2752,0.704,0.0,0.0,118.99,0.704,19038.399999999998,20942.239999999998,0.0
2011-08-18 21:00:00,B2752,0.704,0.0,0.0,118.99,0.704,19038.399999999998,20942.239999999998,0.0
2011-08-18 22:00:00,B2752,0.704,0.0,0.0,118.99,0.704,19038.399999999998,20942.239999999998,0.0
2011-08-18 23:00:00,B2752,0.391,0.0,0.0,118.99,0.391,19038.399999999998,20942.239999999998,0.0
2011-08-19 00:00:00,B2752,2.791,2.4,0.0,118.99,2.791,19038.399999999998,20942.239999999998,0.0
2011-08-19 01:00:00,B2752,2.791,2.4,0.0,118.99,2.791,19038.399999999998,20942.239999999998,0.0
2011-08-19 02:00:00,B2752,2.791,2.4,0.0,118.99,2.791,19038.399999999998,20942.239999999998,0.0
2011-08-19 03:00:00,B2752,2.791,2.4,0.0,118.99,2.791,19038.399999999998,20942.239999999998,0.0
2011-08-19 04:00:00,B2752,2.791,2.4,0.0,118.99,2.791,19038.399999999998,20942.239999999998,0.0
2011-08-19 05:00:00,B2752,0.704,0.0,0.0,118.99,0.704,19038.399999999998,20942.239999999998,0.0
2011-08-19 06:00:00,B2752,2.582,0.0,0.0,118.99,2.582,19038.399999999998,20942.239999999998,0.0
2011-08-19 07:00:00,B2752,0.705,0.0,2.87,118.99,-2.895,19038.399999999998,20942.239999999998,3.6
2011-08-19 08:00:00,B2752,0.392,0.0,4.46,118.99,-4.688,19038.399999999998,20942.239999999998,5.08
2011-08-19 09:00:00,B2752,0.391,0.0,5.78,118.99,-5.959,19038.399999999998,20942.239999999998,6.35
2011-08-19 10:00:00,B2752,0.391,0.0,7.1,118.99,-7.159,19038.399999999998,20942.239999999998,7.55
2011-08-19 11:00:00,B2752,0.391,0.0,8.03,118.99,-7.968999999999999,19038.399999999998,20942.239999999998,8.36
2011-08-19 12:00:00,B2752,2.582,0.0,8.13,118.99,-5.808000000000001,19038.399999999998,20942.239999999998,8.39
2011-08-19 13:00:00,B2752,0.704,0.0,7.91,118.99,-7.4959999999999996,19038.399999999998,20942.239999999998,8.2
2011-08-19 14:00:00,B2752,0.391,0.0,7.23,118.99,-7.149,19038.399999999998,20942.239999999998,7.54
2011-08-19 15:00:00,B2752,0.391,0.0,6.2,118.99,-6.129,19038.399999999998,20942.239999999998,6.52
2011-08-19 16:00:00,B2752,0.391,0.0,4.78,118.99,-4.699,19038.399999999998,20942.239999999998,5.09
2011-08-19 17:00:00,B2752,0.704,0.0,3.08,118.99,-2.6260000000000003,19038.399999999998,20942.239999999998,3.33
2011-08-19 18:00:00,B2752,2.582,0.0,0.65,118.99,1.882,19038.399999999998,20942.239999999998,0.7
2011-08-19 19:00:00,B2752,3.208,0.0,0.0,118.99,3.208,19038.399999999998,20942.239999999998,0.0
2011-08-19 20:00:00,B2752,0.704,0.0,0.0,118.99,0.704,19038.399999999998,20942.239999999998,0.0
2011-08-19 21:00:00,B2752,0.704,0.0,0.0,118.99,0.704,19038.399999999998,20942.239999999998,0.0
2011-08-19 22:00:00,B2752,0.704,0.0,0.0,118.99,0.704,19038.399999999998,20942.239999999998,0.0
2011-08-19 23:00:00,B2752,0.391,0.0,0.0,118.99,0.391,19038.399999999998,20942.239999999998,0.0
2011-08-20 00:00:00,B2752,0.391,0.0,0.0,118.99,0.391,19038.399999999998,20942.239999999998,0.0
2011-08-20 01:00:00,B2752,0.391,0.0,0.0,118.99,0.391,19038.399999999998,20942.239999999998,0.0
2011-08-20 02:00:00,B2752,0.391,0.0,0.0,118.99,0.391,19038.399999999998,20942.239999999998,0.0
2011-08-20 03:00:00,B2752,0.391,0.0,0.0,118.99,0.391,19038.399999999998,20942.239999999998,0.0
2011-08-20 04:00:00,B2752,0.391,0.0,0.0,118.99,0.391,19038.399999999998,20942.239999999998,0.0
2011-08-20 05:00:00,B2752,0.704,0.0,0.0,118.99,0.704,19038.399999999998,20942.239999999998,0.0
2011-08-20 06:00:00,B2752,2.581,0.0,0.0,118.99,2.581,19038.399999999998,20942.239999999998,0.0
2011-08-20 07:00:00,B2752,0.704,0.0,3.63,118.99,-3.896,19038.399999999998,20942.239999999998,4.6
2011-08-20 08:00:00,B2752,2.792,2.4,5.19,118.99,-3.008,19038.399999999998,20942.239999999998,5.8
2011-08-20 09:00:00,B2752,2.792,2.4,6.44,118.99,-4.198,19038.399999999998,20942.239999999998,6.99
2011-08-20 10:00:00,B2752,2.792,2.4,7.4,118.99,-5.048,19038.399999999998,20942.239999999998,7.84
2011-08-20 11:00:00,B2752,2.792,2.4,7.82,118.99,-5.348000000000001,19038.399999999998,20942.239999999998,8.14
2011-08-20 12:00:00,B2752,4.982,2.4,7.95,118.99,-3.2380000000000004,19038.399999999998,20942.239999999998,8.22
2011-08-20 13:00:00,B2752,0.704,0.0,7.78,118.99,-7.356000000000001,19038.399999999998,20942.239999999998,8.06
2011-08-20 14:00:00,B2752,0.391,0.0,7.16,118.99,-7.059,19038.399999999998,20942.239999999998,7.45
2011-08-20 15:00:00,B2752,0.391,0.0,6.13,118.99,-6.039,19038.399999999998,20942.239999999998,6.43
2011-08-20 16:00:00,B2752,0.391,0.0,4.7,118.99,-4.569,19038.399999999998,20942.239999999998,4.96
2011-08-20 17:00:00,B2752,0.704,0.0,2.92,118.99,-2.4459999999999997,19038.399999999998,20942.239999999998,3.15
2011-08-20 18:00:00,B2752,2.582,0.0,0.0,118.99,2.532,19038.399999999998,20942.239999999998,0.05
2011-08-20 19:00:00,B2752,3.208,0.0,0.0,118.99,3.208,19038.399999999998,20942.239999999998,0.0
2011-08-20 20:00:00,B2752,0.704,0.0,0.0,118.99,0.704,19038.399999999998,20942.239999999998,0.0
2011-08-20 21:00:00,B2752,0.704,0.0,0.0,118.99,0.704,19038.399999999998,20942.239999999998,0.0
2011-08-20 22:00:00,B2752,0.704,0.0,0.0,118.99,0.704,19038.399999999998,20942.239999999998,0.0
2011-08-20 23:00:00,B2752,0.391,0.0,0.0,118.99,0.391,19038.399999999998,20942.239999999998,0.0
2011-08-21 00:00:00,B2752,0.391,0.0,0.0,118.99,0.391,19038.399999999998,20942.239999999998,0.0
2011-08-21 01:00:00,B2752,0.391,0.0,0.0,118.99,0.391,19038.399999999998,20942.239999999998,0.0
2011-08-21 02:00:00,B2752,0.391,0.0,0.0,118.99,0.391,19038.399999999998,20942.239999999998,0.0
2011-08-21 03:00:00,B2752,0.391,0.0,0.0,118.99,0.391,19038.399999999998,20942.239999999998,0.0
2011-08-21 04:00:00,B2752,0.391,0.0,0.0,118.99,0.391,19038.399999999998,20942.239999999998,0.0
2011-08-21 05:00:00,B2752,0.704,0.0,0.0,118.99,0.704,19038.399999999998,20942.239999999998,0.0
2011-08-21 06:00:00,B2752,2.581,0.0,0.0,118.99,2.581,19038.399999999998,20942.239999999998,0.0
2011-08-21 07:00:00,B2752,0.704,0.0,1.07,118.99,-0.3660000000000001,19038.399999999998,20942.239999999998,1.07
2011-08-21 08:00:00,B2752,2.791,2.4,1.81,118.99,0.7509999999999999,19038.399999999998,20942.239999999998,2.04
2011-08-21 09:00:00,B2752,2.792,2.4,2.12,118.99,0.4019999999999997,19038.399999999998,20942.239999999998,2.39
2011-08-21 10:00:00,B2752,2.792,2.4,2.42,118.99,0.08199999999999985,19038.399999999998,20942.239999999998,2.71
2011-08-21 11:00:00,B2752,2.792,2.4,3.01,118.99,-0.5680000000000001,19038.399999999998,20942.239999999998,3.36
2011-08-21 12:00:00,B2752,4.982,2.4,3.55,118.99,1.072,19038.399999999998,20942.239999999998,3.91
2011-08-21 13:00:00,B2752,0.704,0.0,3.83,118.99,-3.5060000000000002,19038.399999999998,20942.239999999998,4.21
2011-08-21 14:00:00,B2752,0.391,0.0,3.97,118.99,-3.979,19038.399999999998,20942.239999999998,4.37
2011-08-21 15:00:00,B2752,0.391,0.0,3.42,118.99,-3.399,19038.399999999998,20942.239999999998,3.79
2011-08-21 16:00:00,B2752,0.391,0.0,1.84,118.99,-1.6189999999999998,19038.399999999998,20942.239999999998,2.01
2011-08-21 17:00:00,B2752,0.704,0.0,0.0,118.99,0.704,19038.399999999998,20942.239999999998,0.0
2011-08-21 18:00:00,B2752,2.582,0.0,0.0,118.99,2.582,19038.399999999998,20942.239999999998,0.0
2011-08-21 19:00:00,B2752,3.208,0.0,0.0,118.99,3.208,19038.399999999998,20942.239999999998,0.0
2011-08-21 20:00:00,B2752,0.704,0.0,0.0,118.99,0.704,19038.399999999998,20942.239999999998,0.0
2011-08-21 21:00:00,B2752,0.704,0.0,0.0,118.99,0.704,19038.399999999998,20942.239999999998,0.0
2011-08-21 22:00:00,B2752,0.704,0.0,0.0,118.99,0.704,19038.399999999998,20942.239999999998,0.0
2011-08-21 23:00:00,B2752,0.391,0.0,0.0,118.99,0.391,19038.399999999998,20942.239999999998,0.0
2011-08-22 00:00:00,B2752,2.791,2.4,0.0,118.99,2.791,19038.399999999998,20942.239999999998,0.0
2011-08-22 01:00:00,B2752,2.791,2.4,0.0,118.99,2.791,19038.399999999998,20942.239999999998,0.0
2011-08-22 02:00:00,B2752,2.791,2.4,0.0,118.99,2.791,19038.399999999998,20942.239999999998,0.0
2011-08-22 03:00:00,B2752,2.791,2.4,0.0,118.99,2.791,19038.399999999998,20942.239999999998,0.0
2011-08-22 04:00:00,B2752,2.791,2.4,0.0,118.99,2.791,19038.399999999998,20942.239999999998,0.0
2011-08-22 05:00:00,B2752,0.704,0.0,0.0,118.99,0.704,19038.399999999998,20942.239999999998,0.0
2011-08-22 06:00:00,B2752,2.582,0.0,0.0,118.99,2.582,19038.399999999998,20942.239999999998,0.0
2011-08-22 07:00:00,B2752,0.705,0.0,1.8,118.99,-1.475,19038.399999999998,20942.239999999998,2.18
2011-08-22 08:00:00,B2752,0.392,0.0,3.3,118.99,-3.418,19038.399999999998,20942.239999999998,3.81
2011-08-22 09:00:00,B2752,0.391,0.0,4.98,118.99,-5.139,19038.399999999998,20942.239999999998,5.53
2011-08-22 10:00:00,B2752,0.391,0.0,6.24,118.99,-6.289,19038.399999999998,20942.239999999998,6.68
2011-08-22 11:00:00,B2752,0.391,0.0,7.06,118.99,-6.989,19038.399999999998,20942.239999999998,7.38
2011-08-22 12:00:00,B2752,2.582,0.0,7.62,118.99,-5.338,19038.399999999998,20942.239999999998,7.92
2011-08-22 13:00:00,B2752,0.704,0.0,7.57,118.99,-7.186,19038.399999999998,20942.239999999998,7.89
2011-08-22 14:00:00,B2752,0.391,0.0,7.0,118.99,-6.949,19038.399999999998,20942.239999999998,7.34
2011-08-22 15:00:00,B2752,0.391,0.0,5.98,118.99,-5.929,19038.399999999998,20942.239999999998,6.32
2011-08-22 16:00:00,B2752,0.391,0.0,4.54,118.99,-4.489,19038.399999999998,20942.239999999998,4.88
2011-08-22 17:00:00,B2752,0.704,0.0,2.7,118.99,-2.2359999999999998,19038.399999999998,20942.239999999998,2.94
2011-08-22 18:00:00,B2752,2.582,0.0,0.0,118.99,2.542,19038.399999999998,20942.239999999998,0.04
2011-08-22 19:00:00,B2752,3.208,0.0,0.0,118.99,3.208,19038.399999999998,20942.239999999998,0.0
2011-08-22 20:00:00,B2752,0.704,0.0,0.0,118.99,0.704,19038.399999999998,20942.239999999998,0.0
2011-08-22 21:00:00,B2752,0.704,0.0,0.0,118.99,0.704,19038.399999999998,20942.239999999998,0.0
2011-08-22 22:00:00,B2752,0.704,0.0,0.0,118.99,0.704,19038.399999999998,20942.239999999998,0.0
2011-08-22 23:00:00,B2752,0.391,0.0,0.0,118.99,0.391,19038.399999999998,20942.239999999998,0.0
2011-08-23 00:00:00,B2752,2.791,2.4,0.0,118.99,2.791,19038.399999999998,20942.239999999998,0.0
2011-08-23 01:00:00,B2752,2.791,2.4,0.0,118.99,2.791,19038.399999999998,20942.239999999998,0.0
2011-08-23 02:00:00,B2752,2.791,2.4,0.0,118.99,2.791,19038.399999999998,20942.239999999998,0.0
2011-08-23 03:00:00,B2752,2.791,2.4,0.0,118.99,2.791,19038.399999999998,20942.239999999998,0.0
2011-08-23 04:00:00,B2752,2.791,2.4,0.0,118.99,2.791,19038.399999999998,20942.239999999998,0.0
2011-08-23 05:00:00,B2752,0.704,0.0,0.0,118.99,0.704,19038.399999999998,20942.239999999998,0.0
2011-08-23 06:00:00,B2752,2.582,0.0,0.0,118.99,2.582,19038.399999999998,20942.239999999998,0.0
2011-08-23 07:00:00,B2752,0.705,0.0,4.01,118.99,-4.445,19038.399999999998,20942.239999999998,5.15
2011-08-23 08:00:00,B2752,0.392,0.0,5.51,118.99,-5.617999999999999,19038.399999999998,20942.239999999998,6.01
2011-08-23 09:00:00,B2752,0.391,0.0,6.66,118.99,-6.699,19038.399999999998,20942.239999999998,7.09
2011-08-23 10:00:00,B2752,0.391,0.0,7.48,118.99,-7.439,19038.399999999998,20942.239999999998,7.83
2011-08-23 11:00:00,B2752,0.391,0.0,7.95,118.99,-7.808999999999999,19038.399999999998,20942.239999999998,8.2
2011-08-23 12:00:00,B2752,2.582,0.0,8.1,118.99,-5.758,19038.399999999998,20942.239999999998,8.34
2011-08-23 13:00:00,B2752,0.704,0.0,7.81,118.99,-7.376,19038.399999999998,20942.239999999998,8.08
2011-08-23 14:00:00,B2752,0.391,0.0,7.13,118.99,-7.029,19038.399999999998,20942.239999999998,7.42
2011-08-23 15:00:00,B2752,0.391,0.0,6.2,118.99,-6.119,19038.399999999998,20942.239999999998,6.51
2011-08-23 16:00:00,B2752,0.391,0.0,4.8,118.99,-4.689,19038.399999999998,20942.239999999998,5.08
2011-08-23 17:00:00,B2752,0.704,0.0,2.98,118.99,-2.5060000000000002,19038.399999999998,20942.239999999998,3.21
2011-08-23 18:00:00,B2752,2.582,0.0,0.0,118.99,2.542,19038.399999999998,20942.239999999998,0.04
2011-08-23 19:00:00,B2752,3.208,0.0,0.0,118.99,3.208,19038.399999999998,20942.239999999998,0.0
2011-08-23 20:00:00,B2752,0.704,0.0,0.0,118.99,0.704,19038.399999999998,20942.239999999998,0.0
2011-08-23 21:00:00,B2752,0.704,0.0,0.0,118.99,0.704,19038.399999999998,20942.239999999998,0.0
2011-08-23 22:00:00,B2752,0.704,0.0,0.0,118.99,0.704,19038.399999999998,20942.239999999998,0.0
2011-08-23 23:00:00,B2752,0.391,0.0,0.0,118.99,0.391,19038.399999999998,20942.239999999998,0.0
2011-08-24 00:00:00,B2752,2.791,2.4,0.0,118.99,2.791,19038.399999999998,20942.239999999998,0.0
2011-08-24 01:00:00,B2752,2.791,2.4,0.0,118.99,2.791,19038.399999999998,20942.239999999998,0.0
2011-08-24 02:00:00,B2752,2.791,2.4,0.0,118.99,2.791,19038.399999999998,20942.239999999998,0.0
2011-08-24 03:00:00,B2752,2.791,2.4,0.0,118.99,2.791,19038.399999999998,20942.239999999998,0.0
2011-08-24 04:00:00,B2752,2.791,2.4,0.0,118.99,2.791,19038.399999999998,20942.239999999998,0.0
2011-08-24 05:00:00,B2752,0.704,0.0,0.0,118.99,0.704,19038.399999999998,20942.239999999998,0.0
2011-08-24 06:00:00,B2752,2.582,0.0,0.0,118.99,2.582,19038.399999999998,20942.239999999998,0.0
2011-08-24 07:00:00,B2752,0.705,0.0,3.84,118.99,-4.225,19038.399999999998,20942.239999999998,4.93
2011-08-24 08:00:00,B2752,0.392,0.0,5.25,118.99,-5.348,19038.399999999998,20942.239999999998,5.74
2011-08-24 09:00:00,B2752,0.391,0.0,6.36,118.99,-6.399,19038.399999999998,20942.239999999998,6.79
2011-08-24 10:00:00,B2752,0.391,0.0,7.11,118.99,-7.059,19038.399999999998,20942.239999999998,7.45
2011-08-24 11:00:00,B2752,0.391,0.0,7.59,118.99,-7.449,19038.399999999998,20942.239999999998,7.84
2011-08-24 12:00:00,B2752,2.582,0.0,7.76,118.99,-5.418,19038.399999999998,20942.239999999998,8.0
2011-08-24 13:00:00,B2752,0.704,0.0,7.46,118.99,-7.016,19038.399999999998,20942.239999999998,7.72
2011-08-24 14:00:00,B2752,0.391,0.0,6.78,118.99,-6.669,19038.399999999998,20942.239999999998,7.06
2011-08-24 15:00:00,B2752,0.391,0.0,5.86,118.99,-5.779,19038.399999999998,20942.239999999998,6.17
2011-08-24 16:00:00,B2752,0.391,0.0,4.49,118.99,-4.369,19038.399999999998,20942.239999999998,4.76
2011-08-24 17:00:00,B2752,0.704,0.0,2.72,118.99,-2.226,19038.399999999998,20942.239999999998,2.93
2011-08-24 18:00:00,B2752,2.582,0.0,0.0,118.99,2.542,19038.399999999998,20942.239999999998,0.04
2011-08-24 19:00:00,B2752,3.208,0.0,0.0,118.99,3.208,19038.399999999998,20942.239999999998,0.0
2011-08-24 20:00:00,B2752,0.704,0.0,0.0,118.99,0.704,19038.399999999998,20942.239999999998,0.0
2011-08-24 21:00:00,B2752,0.704,0.0,0.0,118.99,0.704,19038.399999999998,20942.239999999998,0.0
2011-08-24 22:00:00,B2752,0.704,0.0,0.0,118.99,0.704,19038.399999999998,20942.239999999998,0.0
2011-08-24 23:00:00,B2752,0.391,0.0,0.0,118.99,0.391,19038.399999999998,20942.239999999998,0.0
2011-08-25 00:00:00,B2752,2.791,2.4,0.0,118.99,2.791,19038.399999999998,20942.239999999998,0.0
2011-08-25 01:00:00,B2752,2.791,2.4,0.0,118.99,2.791,19038.399999999998,20942.239999999998,0.0
2011-08-25 02:00:00,B2752,2.791,2.4,0.0,118.99,2.791,19038.399999999998,20942.239999999998,0.0
2011-08-25 03:00:00,B2752,2.791,2.4,0.0,118.99,2.791,19038.399999999998,20942.239999999998,0.0
2011-08-25 04:00:00,B2752,2.791,2.4,0.0,118.99,2.791,19038.399999999998,20942.239999999998,0.0
2011-08-25 05:00:00,B2752,0.704,0.0,0.0,118.99,0.704,19038.399999999998,20942.239999999998,0.0
2011-08-25 06:00:00,B2752,2.582,0.0,0.0,118.99,2.582,19038.399999999998,20942.239999999998,0.0
2011-08-25 07:00:00,B2752,0.705,0.0,3.64,118.99,-3.965,19038.399999999998,20942.239999999998,4.67
2011-08-25 08:00:00,B2752,0.392,0.0,5.08,118.99,-5.178,19038.399999999998,20942.239999999998,5.57
2011-08-25 09:00:00,B2752,0.391,0.0,6.18,118.99,-6.209,19038.399999999998,20942.239999999998,6.6
2011-08-25 10:00:00,B2752,0.391,0.0,6.97,118.99,-6.919,19038.399999999998,20942.239999999998,7.31
2011-08-25 11:00:00,B2752,0.391,0.0,7.45,118.99,-7.309,19038.399999999998,20942.239999999998,7.7
2011-08-25 12:00:00,B2752,2.582,0.0,7.65,118.99,-5.308,19038.399999999998,20942.239999999998,7.89
2011-08-25 13:00:00,B2752,0.704,0.0,7.37,118.99,-6.926,19038.399999999998,20942.239999999998,7.63
2011-08-25 14:00:00,B2752,0.391,0.0,6.75,118.99,-6.649,19038.399999999998,20942.239999999998,7.04
2011-08-25 15:00:00,B2752,0.391,0.0,5.75,118.99,-5.659,19038.399999999998,20942.239999999998,6.05
2011-08-25 16:00:00,B2752,0.391,0.0,4.38,118.99,-4.249,19038.399999999998,20942.239999999998,4.64
2011-08-25 17:00:00,B2752,0.704,0.0,2.67,118.99,-2.186,19038.399999999998,20942.239999999998,2.89
2011-08-25 18:00:00,B2752,2.582,0.0,0.0,118.99,2.542,19038.399999999998,20942.239999999998,0.04
2011-08-25 19:00:00,B2752,3.208,0.0,0.0,118.99,3.208,19038.399999999998,20942.239999999998,0.0
2011-08-25 20:00:00,B2752,0.704,0.0,0.0,118.99,0.704,19038.399999999998,20942.239999999998,0.0
2011-08-25 21:00:00,B2752,0.704,0.0,0.0,118.99,0.704,19038.399999999998,20942.239999999998,0.0
2011-08-25 22:00:00,B2752,0.704,0.0,0.0,118.99,0.704,19038.399999999998,20942.239999999998,0.0
2011-08-25 23:00:00,B2752,0.391,0.0,0.0,118.99,0.391,19038.399999999998,20942.239999999998,0.0
2011-08-26 00:00:00,B2752,2.791,2.4,0.0,118.99,2.791,19038.399999999998,20942.239999999998,0.0
2011-08-26 01:00:00,B2752,2.791,2.4,0.0,118.99,2.791,19038.399999999998,20942.239999999998,0.0
2011-08-26 02:00:00,B2752,2.791,2.4,0.0,118.99,2.791,19038.399999999998,20942.239999999998,0.0
2011-08-26 03:00:00,B2752,2.791,2.4,0.0,118.99,2.791,19038.399999999998,20942.239999999998,0.0
2011-08-26 04:00:00,B2752,2.791,2.4,0.0,118.99,2.791,19038.399999999998,20942.239999999998,0.0
2011-08-26 05:00:00,B2752,0.704,0.0,0.0,118.99,0.704,19038.399999999998,20942.239999999998,0.0
2011-08-26 06:00:00,B2752,2.582,0.0,0.0,118.99,2.582,19038.399999999998,20942.239999999998,0.0
2011-08-26 07:00:00,B2752,0.705,0.0,3.67,118.99,-3.995,19038.399999999998,20942.239999999998,4.7
2011-08-26 08:00:00,B2752,0.392,0.0,5.11,118.99,-5.1979999999999995,19038.399999999998,20942.239999999998,5.59
2011-08-26 09:00:00,B2752,0.391,0.0,6.24,118.99,-6.269,19038.399999999998,20942.239999999998,6.66
2011-08-26 10:00:00,B2752,0.391,0.0,7.01,118.99,-6.959,19038.399999999998,20942.239999999998,7.35
2011-08-26 11:00:00,B2752,0.391,0.0,7.55,118.99,-7.419,19038.399999999998,20942.239999999998,7.81
2011-08-26 12:00:00,B2752,2.582,0.0,7.68,118.99,-5.338,19038.399999999998,20942.239999999998,7.92
2011-08-26 13:00:00,B2752,0.704,0.0,7.43,118.99,-6.996,19038.399999999998,20942.239999999998,7.7
2011-08-26 14:00:00,B2752,0.391,0.0,6.79,118.99,-6.699,19038.399999999998,20942.239999999998,7.09
2011-08-26 15:00:00,B2752,0.391,0.0,5.8,118.99,-5.719,19038.399999999998,20942.239999999998,6.11
2011-08-26 16:00:00,B2752,0.391,0.0,4.45,118.99,-4.339,19038.399999999998,20942.239999999998,4.73
2011-08-26 17:00:00,B2752,0.704,0.0,2.66,118.99,-2.176,19038.399999999998,20942.239999999998,2.88
2011-08-26 18:00:00,B2752,2.582,0.0,0.0,118.99,2.542,19038.399999999998,20942.239999999998,0.04
2011-08-26 19:00:00,B2752,3.208,0.0,0.0,118.99,3.208,19038.399999999998,20942.239999999998,0.0
2011-08-26 20:00:00,B2752,0.704,0.0,0.0,118.99,0.704,19038.399999999998,20942.239999999998,0.0
2011-08-26 21:00:00,B2752,0.704,0.0,0.0,118.99,0.704,19038.399999999998,20942.239999999998,0.0
2011-08-26 22:00:00,B2752,0.704,0.0,0.0,118.99,0.704,19038.399999999998,20942.239999999998,0.0
2011-08-26 23:00:00,B2752,0.391,0.0,0.0,118.99,0.391,19038.399999999998,20942.239999999998,0.0
2011-08-27 00:00:00,B2752,0.391,0.0,0.0,118.99,0.391,19038.399999999998,20942.239999999998,0.0
2011-08-27 01:00:00,B2752,0.391,0.0,0.0,118.99,0.391,19038.399999999998,20942.239999999998,0.0
2011-08-27 02:00:00,B2752,0.391,0.0,0.0,118.99,0.391,19038.399999999998,20942.239999999998,0.0
2011-08-27 03:00:00,B2752,0.391,0.0,0.0,118.99,0.391,19038.399999999998,20942.239999999998,0.0
2011-08-27 04:00:00,B2752,0.391,0.0,0.0,118.99,0.391,19038.399999999998,20942.239999999998,0.0
2011-08-27 05:00:00,B2752,0.704,0.0,0.0,118.99,0.704,19038.399999999998,20942.239999999998,0.0
2011-08-27 06:00:00,B2752,2.581,0.0,0.0,118.99,2.581,19038.399999999998,20942.239999999998,0.0
2011-08-27 07:00:00,B2752,0.704,0.0,3.29,118.99,-3.5060000000000002,19038.399999999998,20942.239999999998,4.21
2011-08-27 08:00:00,B2752,2.792,2.4,4.75,118.99,-2.458,19038.399999999998,20942.239999999998,5.25
2011-08-27 09:00:00,B2752,2.792,2.4,5.96,118.99,-3.6180000000000003,19038.399999999998,20942.239999999998,6.41
2011-08-27 10:00:00,B2752,2.792,2.4,6.67,118.99,-4.258,19038.399999999998,20942.239999999998,7.05
2011-08-27 11:00:00,B2752,2.792,2.4,7.19,118.99,-4.688000000000001,19038.399999999998,20942.239999999998,7.48
2011-08-27 12:00:00,B2752,4.982,2.4,7.49,118.99,-2.7879999999999994,19038.399999999998,20942.239999999998,7.77
2011-08-27 13:00:00,B2752,0.704,0.0,7.27,118.99,-6.856,19038.399999999998,20942.239999999998,7.56
2011-08-27 14:00:00,B2752,0.391,0.0,6.58,118.99,-6.499,19038.399999999998,20942.239999999998,6.89
2011-08-27 15:00:00,B2752,0.391,0.0,5.56,118.99,-5.489,19038.399999999998,20942.239999999998,5.88
2011-08-27 16:00:00,B2752,0.391,0.0,4.24,118.99,-4.129,19038.399999999998,20942.239999999998,4.52
2011-08-27 17:00:00,B2752,0.704,0.0,2.52,118.99,-2.026,19038.399999999998,20942.239999999998,2.73
2011-08-27 18:00:00,B2752,2.582,0.0,0.0,118.99,2.542,19038.399999999998,20942.239999999998,0.04
2011-08-27 19:00:00,B2752,3.208,0.0,0.0,118.99,3.208,19038.399999999998,20942.239999999998,0.0
2011-08-27 20:00:00,B2752,0.704,0.0,0.0,118.99,0.704,19038.399999999998,20942.239999999998,0.0
2011-08-27 21:00:00,B2752,0.704,0.0,0.0,118.99,0.704,19038.399999999998,20942.239999999998,0.0
2011-08-27 22:00:00,B2752,0.704,0.0,0.0,118.99,0.704,19038.399999999998,20942.239999999998,0.0
2011-08-27 23:00:00,B2752,0.391,0.0,0.0,118.99,0.391,19038.399999999998,20942.239999999998,0.0
2011-08-28 00:00:00,B2752,0.391,0.0,0.0,118.99,0.391,19038.399999999998,20942.239999999998,0.0
2011-08-28 01:00:00,B2752,0.391,0.0,0.0,118.99,0.391,19038.399999999998,20942.239999999998,0.0
2011-08-28 02:00:00,B2752,0.391,0.0,0.0,118.99,0.391,19038.399999999998,20942.239999999998,0.0
2011-08-28 03:00:00,B2752,0.391,0.0,0.0,118.99,0.391,19038.399999999998,20942.239999999998,0.0
2011-08-28 04:00:00,B2752,0.391,0.0,0.0,118.99,0.391,19038.399999999998,20942.239999999998,0.0
2011-08-28 05:00:00,B2752,0.704,0.0,0.0,118.99,0.704,19038.399999999998,20942.239999999998,0.0
2011-08-28 06:00:00,B2752,2.581,0.0,0.0,118.99,2.581,19038.399999999998,20942.239999999998,0.0
2011-08-28 07:00:00,B2752,0.704,0.0,2.55,118.99,-2.466,19038.399999999998,20942.239999999998,3.17
2011-08-28 08:00:00,B2752,2.791,2.4,4.43,118.99,-2.289,19038.399999999998,20942.239999999998,5.08
2011-08-28 09:00:00,B2752,2.792,2.4,5.78,118.99,-3.5680000000000005,19038.399999999998,20942.239999999998,6.36
2011-08-28 10:00:00,B2752,2.792,2.4,6.67,118.99,-4.338,19038.399999999998,20942.239999999998,7.13
2011-08-28 11:00:00,B2752,2.792,2.4,7.23,118.99,-4.788,19038.399999999998,20942.239999999998,7.58
2011-08-28 12:00:00,B2752,4.982,2.4,7.4,118.99,-2.7279999999999998,19038.399999999998,20942.239999999998,7.71
2011-08-28 13:00:00,B2752,0.704,0.0,7.09,118.99,-6.706,19038.399999999998,20942.239999999998,7.41
2011-08-28 14:00:00,B2752,0.391,0.0,6.35,118.99,-6.329,19038.399999999998,20942.239999999998,6.72
2011-08-28 15:00:00,B2752,0.391,0.0,5.37,118.99,-5.349,19038.399999999998,20942.239999999998,5.74
2011-08-28 16:00:00,B2752,0.391,0.0,4.07,118.99,-4.029,19038.399999999998,20942.239999999998,4.42
2011-08-28 17:00:00,B2752,0.704,0.0,2.42,118.99,-1.9360000000000002,19038.399999999998,20942.239999999998,2.64
2011-08-28 18:00:00,B2752,2.582,0.0,0.0,118.99,2.552,19038.399999999998,20942.239999999998,0.03
2011-08-28 19:00:00,B2752,3.208,0.0,0.0,118.99,3.208,19038.399999999998,20942.239999999998,0.0
2011-08-28 20:00:00,B2752,0.704,0.0,0.0,118.99,0.704,19038.399999999998,20942.239999999998,0.0
2011-08-28 21:00:00,B2752,0.704,0.0,0.0,118.99,0.704,19038.399999999998,20942.239999999998,0.0
2011-08-28 22:00:00,B2752,0.704,0.0,0.0,118.99,0.704,19038.399999999998,20942.239999999998,0.0
2011-08-28 23:00:00,B2752,0.391,0.0,0.0,118.99,0.391,19038.399999999998,20942.239999999998,0.0
2011-08-29 00:00:00,B2752,2.791,2.4,0.0,118.99,2.791,19038.399999999998,20942.239999999998,0.0
2011-08-29 01:00:00,B2752,2.791,2.4,0.0,118.99,2.791,19038.399999999998,20942.239999999998,0.0
2011-08-29 02:00:00,B2752,2.791,2.4,0.0,118.99,2.791,19038.399999999998,20942.239999999998,0.0
2011-08-29 03:00:00,B2752,2.791,2.4,0.0,118.99,2.791,19038.399999999998,20942.239999999998,0.0
2011-08-29 04:00:00,B2752,2.791,2.4,0.0,118.99,2.791,19038.399999999998,20942.239999999998,0.0
2011-08-29 05:00:00,B2752,0.704,0.0,0.0,118.99,0.704,19038.399999999998,20942.239999999998,0.0
2011-08-29 06:00:00,B2752,2.582,0.0,0.0,118.99,2.582,19038.399999999998,20942.239999999998,0.0
2011-08-29 07:00:00,B2752,0.705,0.0,1.47,118.99,-1.0550000000000002,19038.399999999998,20942.239999999998,1.76
2011-08-29 08:00:00,B2752,0.392,0.0,3.23,118.99,-3.3480000000000003,19038.399999999998,20942.239999999998,3.74
2011-08-29 09:00:00,B2752,0.391,0.0,5.43,118.99,-5.549,19038.399999999998,20942.239999999998,5.94
2011-08-29 10:00:00,B2752,0.391,0.0,6.62,118.99,-6.609,19038.399999999998,20942.239999999998,7.0
2011-08-29 11:00:00,B2752,0.391,0.0,7.22,118.99,-7.119,19038.399999999998,20942.239999999998,7.51
2011-08-29 12:00:00,B2752,2.582,0.0,7.44,118.99,-5.138,19038.399999999998,20942.239999999998,7.72
2011-08-29 13:00:00,B2752,0.704,0.0,7.26,118.99,-6.856,19038.399999999998,20942.239999999998,7.56
2011-08-29 14:00:00,B2752,0.391,0.0,6.63,118.99,-6.559,19038.399999999998,20942.239999999998,6.95
2011-08-29 15:00:00,B2752,0.391,0.0,5.61,118.99,-5.539,19038.399999999998,20942.239999999998,5.93
2011-08-29 16:00:00,B2752,0.391,0.0,4.23,118.99,-4.119,19038.399999999998,20942.239999999998,4.51
2011-08-29 17:00:00,B2752,0.704,0.0,2.45,118.99,-1.9560000000000002,19038.399999999998,20942.239999999998,2.66
2011-08-29 18:00:00,B2752,2.582,0.0,0.0,118.99,2.552,19038.399999999998,20942.239999999998,0.03
2011-08-29 19:00:00,B2752,3.208,0.0,0.0,118.99,3.208,19038.399999999998,20942.239999999998,0.0
2011-08-29 20:00:00,B2752,0.704,0.0,0.0,118.99,0.704,19038.399999999998,20942.239999999998,0.0
2011-08-29 21:00:00,B2752,0.704,0.0,0.0,118.99,0.704,19038.399999999998,20942.239999999998,0.0
2011-08-29 22:00:00,B2752,0.704,0.0,0.0,118.99,0.704,19038.399999999998,20942.239999999998,0.0
2011-08-29 23:00:00,B2752,0.391,0.0,0.0,118.99,0.391,19038.399999999998,20942.239999999998,0.0
2011-08-30 00:00:00,B2752,2.791,2.4,0.0,118.99,2.791,19038.399999999998,20942.239999999998,0.0
2011-08-30 01:00:00,B2752,2.791,2.4,0.0,118.99,2.791,19038.399999999998,20942.239999999998,0.0
2011-08-30 02:00:00,B2752,2.791,2.4,0.0,118.99,2.791,19038.399999999998,20942.239999999998,0.0
2011-08-30 03:00:00,B2752,2.791,2.4,0.0,118.99,2.791,19038.399999999998,20942.239999999998,0.0
2011-08-30 04:00:00,B2752,2.791,2.4,0.0,118.99,2.791,19038.399999999998,20942.239999999998,0.0
2011-08-30 05:00:00,B2752,0.704,0.0,0.0,118.99,0.704,19038.399999999998,20942.239999999998,0.0
2011-08-30 06:00:00,B2752,2.582,0.0,0.0,118.99,2.582,19038.399999999998,20942.239999999998,0.0
2011-08-30 07:00:00,B2752,0.705,0.0,3.11,118.99,-3.265,19038.399999999998,20942.239999999998,3.97
2011-08-30 08:00:00,B2752,0.392,0.0,4.64,118.99,-4.768,19038.399999999998,20942.239999999998,5.16
2011-08-30 09:00:00,B2752,0.391,0.0,5.83,118.99,-5.879,19038.399999999998,20942.239999999998,6.27
2011-08-30 10:00:00,B2752,0.391,0.0,6.7,118.99,-6.669,19038.399999999998,20942.239999999998,7.06
2011-08-30 11:00:00,B2752,0.391,0.0,7.29,118.99,-7.179,19038.399999999998,20942.239999999998,7.57
2011-08-30 12:00:00,B2752,2.582,0.0,7.47,118.99,-5.148000000000001,19038.399999999998,20942.239999999998,7.73
2011-08-30 13:00:00,B2752,0.704,0.0,7.22,118.99,-6.796,19038.399999999998,20942.239999999998,7.5
2011-08-30 14:00:00,B2752,0.391,0.0,6.64,118.99,-6.559,19038.399999999998,20942.239999999998,6.95
2011-08-30 15:00:00,B2752,0.391,0.0,5.59,118.99,-5.529,19038.399999999998,20942.239999999998,5.92
2011-08-30 16:00:00,B2752,0.391,0.0,4.21,118.99,-4.099,19038.399999999998,20942.239999999998,4.49
2011-08-30 17:00:00,B2752,0.704,0.0,2.4,118.99,-1.906,19038.399999999998,20942.239999999998,2.61
2011-08-30 18:00:00,B2752,2.582,0.0,0.0,118.99,2.552,19038.399999999998,20942.239999999998,0.03
2011-08-30 19:00:00,B2752,3.208,0.0,0.0,118.99,3.208,19038.399999999998,20942.239999999998,0.0
2011-08-30 20:00:00,B2752,0.704,0.0,0.0,118.99,0.704,19038.399999999998,20942.239999999998,0.0
2011-08-30 21:00:00,B2752,0.704,0.0,0.0,118.99,0.704,19038.399999999998,20942.239999999998,0.0
2011-08-30 22:00:00,B2752,0.704,0.0,0.0,118.99,0.704,19038.399999999998,20942.239999999998,0.0
2011-08-30 23:00:00,B2752,0.391,0.0,0.0,118.99,0.391,19038.399999999998,20942.239999999998,0.0
2011-08-31 00:00:00,B2752,2.791,2.4,0.0,118.99,2.791,19038.399999999998,20942.239999999998,0.0
2011-08-31 01:00:00,B2752,2.791,2.4,0.0,118.99,2.791,19038.399999999998,20942.239999999998,0.0
2011-08-31 02:00:00,B2752,2.791,2.4,0.0,118.99,2.791,19038.399999999998,20942.239999999998,0.0
2011-08-31 03:00:00,B2752,2.791,2.4,0.0,118.99,2.791,19038.399999999998,20942.239999999998,0.0
2011-08-31 04:00:00,B2752,2.791,2.4,0.0,118.99,2.791,19038.399999999998,20942.239999999998,0.0
2011-08-31 05:00:00,B2752,0.704,0.0,0.0,118.99,0.704,19038.399999999998,20942.239999999998,0.0
2011-08-31 06:00:00,B2752,2.582,0.0,0.0,118.99,2.582,19038.399999999998,20942.239999999998,0.0
2011-08-31 07:00:00,B2752,0.705,0.0,3.12,118.99,-3.275,19038.399999999998,20942.239999999998,3.98
2011-08-31 08:00:00,B2752,0.392,0.0,4.59,118.99,-4.6979999999999995,19038.399999999998,20942.239999999998,5.09
2011-08-31 09:00:00,B2752,0.391,0.0,5.85,118.99,-5.889,19038.399999999998,20942.239999999998,6.28
2011-08-31 10:00:00,B2752,0.391,0.0,6.68,118.99,-6.639,19038.399999999998,20942.239999999998,7.03
2011-08-31 11:00:00,B2752,0.391,0.0,7.22,118.99,-7.099,19038.399999999998,20942.239999999998,7.49
2011-08-31 12:00:00,B2752,2.582,0.0,7.39,118.99,-5.058,19038.399999999998,20942.239999999998,7.64
2011-08-31 13:00:00,B2752,0.704,0.0,7.16,118.99,-6.736000000000001,19038.399999999998,20942.239999999998,7.44
2011-08-31 14:00:00,B2752,0.391,0.0,6.51,118.99,-6.429,19038.399999999998,20942.239999999998,6.82
2011-08-31 15:00:00,B2752,0.391,0.0,5.49,118.99,-5.419,19038.399999999998,20942.239999999998,5.81
2011-08-31 16:00:00,B2752,0.391,0.0,4.17,118.99,-4.069,19038.399999999998,20942.239999999998,4.46
2011-08-31 17:00:00,B2752,0.704,0.0,2.39,118.99,-1.8960000000000001,19038.399999999998,20942.239999999998,2.6
2011-08-31 18:00:00,B2752,2.582,0.0,0.0,118.99,2.552,19038.399999999998,20942.239999999998,0.03
2011-08-31 19:00:00,B2752,3.208,0.0,0.0,118.99,3.208,19038.399999999998,20942.239999999998,0.0
2011-08-31 20:00:00,B2752,0.704,0.0,0.0,118.99,0.704,19038.399999999998,20942.239999999998,0.0
2011-08-31 21:00:00,B2752,0.704,0.0,0.0,118.99,0.704,19038.399999999998,20942.239999999998,0.0
2011-08-31 22:00:00,B2752,0.704,0.0,0.0,118.99,0.704,19038.399999999998,20942.239999999998,0.0
2011-08-31 23:00:00,B2752,0.391,0.0,0.0,118.99,0.391,19038.399999999998,20942.239999999998,0.0
2011-09-01 00:00:00,B2752,2.791,2.4,0.0,118.99,2.791,19038.399999999998,20942.239999999998,0.0
2011-09-01 01:00:00,B2752,2.791,2.4,0.0,118.99,2.791,19038.399999999998,20942.239999999998,0.0
2011-09-01 02:00:00,B2752,2.791,2.4,0.0,118.99,2.791,19038.399999999998,20942.239999999998,0.0
2011-09-01 03:00:00,B2752,2.791,2.4,0.0,118.99,2.791,19038.399999999998,20942.239999999998,0.0
2011-09-01 04:00:00,B2752,2.791,2.4,0.0,118.99,2.791,19038.399999999998,20942.239999999998,0.0
2011-09-01 05:00:00,B2752,0.704,0.0,0.0,118.99,0.704,19038.399999999998,20942.239999999998,0.0
2011-09-01 06:00:00,B2752,2.582,0.0,0.0,118.99,2.582,19038.399999999998,20942.239999999998,0.0
2011-09-01 07:00:00,B2752,0.705,0.0,2.65,118.99,-2.655,19038.399999999998,20942.239999999998,3.36
2011-09-01 08:00:00,B2752,0.392,0.0,4.28,118.99,-4.4479999999999995,19038.399999999998,20942.239999999998,4.84
2011-09-01 09:00:00,B2752,0.391,0.0,5.54,118.99,-5.649,19038.399999999998,20942.239999999998,6.04
2011-09-01 10:00:00,B2752,0.391,0.0,6.4,118.99,-6.409,19038.399999999998,20942.239999999998,6.8
2011-09-01 11:00:00,B2752,0.391,0.0,6.91,118.99,-6.819,19038.399999999998,20942.239999999998,7.21
2011-09-01 12:00:00,B2752,2.582,0.0,7.1,118.99,-4.808,19038.399999999998,20942.239999999998,7.39
2011-09-01 13:00:00,B2752,0.704,0.0,6.77,118.99,-6.386,19038.399999999998,20942.239999999998,7.09
2011-09-01 14:00:00,B2752,0.391,0.0,6.1,118.99,-6.039,19038.399999999998,20942.239999999998,6.43
2011-09-01 15:00:00,B2752,0.391,0.0,5.15,118.99,-5.089,19038.399999999998,20942.239999999998,5.48
2011-09-01 16:00:00,B2752,0.391,0.0,3.77,118.99,-3.6689999999999996,19038.399999999998,20942.239999999998,4.06
2011-09-01 17:00:00,B2752,0.704,0.0,2.07,118.99,-1.5559999999999998,19038.399999999998,20942.239999999998,2.26
2011-09-01 18:00:00,B2752,2.582,0.0,0.0,118.99,2.562,19038.399999999998,20942.239999999998,0.02
2011-09-01 19:00:00,B2752,3.208,0.0,0.0,118.99,3.208,19038.399999999998,20942.239999999998,0.0
2011-09-01 20:00:00,B2752,0.704,0.0,0.0,118.99,0.704,19038.399999999998,20942.239999999998,0.0
2011-09-01 21:00:00,B2752,0.704,0.0,0.0,118.99,0.704,19038.399999999998,20942.239999999998,0.0
2011-09-01 22:00:00,B2752,0.704,0.0,0.0,118.99,0.704,19038.399999999998,20942.239999999998,0.0
2011-09-01 23:00:00,B2752,0.391,0.0,0.0,118.99,0.391,19038.399999999998,20942.239999999998,0.0
2011-09-02 00:00:00,B2752,2.791,2.4,0.0,118.99,2.791,19038.399999999998,20942.239999999998,0.0
2011-09-02 01:00:00,B2752,2.791,2.4,0.0,118.99,2.791,19038.399999999998,20942.239999999998,0.0
2011-09-02 02:00:00,B2752,2.791,2.4,0.0,118.99,2.791,19038.399999999998,20942.239999999998,0.0
2011-09-02 03:00:00,B2752,2.791,2.4,0.0,118.99,2.791,19038.399999999998,20942.239999999998,0.0
2011-09-02 04:00:00,B2752,2.791,2.4,0.0,118.99,2.791,19038.399999999998,20942.239999999998,0.0
2011-09-02 05:00:00,B2752,0.704,0.0,0.0,118.99,0.704,19038.399999999998,20942.239999999998,0.0
2011-09-02 06:00:00,B2752,2.582,0.0,0.0,118.99,2.582,19038.399999999998,20942.239999999998,0.0
2011-09-02 07:00:00,B2752,0.705,0.0,2.53,118.99,-2.505,19038.399999999998,20942.239999999998,3.21
2011-09-02 08:00:00,B2752,0.392,0.0,3.98,118.99,-4.127999999999999,19038.399999999998,20942.239999999998,4.52
2011-09-02 09:00:00,B2752,0.391,0.0,5.31,118.99,-5.419,19038.399999999998,20942.239999999998,5.81
2011-09-02 10:00:00,B2752,0.391,0.0,6.22,118.99,-6.249,19038.399999999998,20942.239999999998,6.64
2011-09-02 11:00:00,B2752,0.391,0.0,6.8,118.99,-6.729,19038.399999999998,20942.239999999998,7.12
2011-09-02 12:00:00,B2752,2.582,0.0,7.01,118.99,-4.708,19038.399999999998,20942.239999999998,7.29
2011-09-02 13:00:00,B2752,0.704,0.0,6.74,118.99,-6.316,19038.399999999998,20942.239999999998,7.02
2011-09-02 14:00:00,B2752,0.391,0.0,6.12,118.99,-6.039,19038.399999999998,20942.239999999998,6.43
2011-09-02 15:00:00,B2752,0.391,0.0,5.16,118.99,-5.089,19038.399999999998,20942.239999999998,5.48
2011-09-02 16:00:00,B2752,0.391,0.0,3.82,118.99,-3.7089999999999996,19038.399999999998,20942.239999999998,4.1
2011-09-02 17:00:00,B2752,0.704,0.0,2.13,118.99,-1.606,19038.399999999998,20942.239999999998,2.31
2011-09-02 18:00:00,B2752,2.582,0.0,0.0,118.99,2.562,19038.399999999998,20942.239999999998,0.02
2011-09-02 19:00:00,B2752,3.208,0.0,0.0,118.99,3.208,19038.399999999998,20942.239999999998,0.0
2011-09-02 20:00:00,B2752,0.704,0.0,0.0,118.99,0.704,19038.399999999998,20942.239999999998,0.0
2011-09-02 21:00:00,B2752,0.704,0.0,0.0,118.99,0.704,19038.399999999998,20942.239999999998,0.0
2011-09-02 22:00:00,B2752,0.704,0.0,0.0,118.99,0.704,19038.399999999998,20942.239999999998,0.0
2011-09-02 23:00:00,B2752,0.391,0.0,0.0,118.99,0.391,19038.399999999998,20942.239999999998,0.0
2011-09-03 00:00:00,B2752,0.391,0.0,0.0,118.99,0.391,19038.399999999998,20942.239999999998,0.0
2011-09-03 01:00:00,B2752,0.391,0.0,0.0,118.99,0.391,19038.399999999998,20942.239999999998,0.0
2011-09-03 02:00:00,B2752,0.391,0.0,0.0,118.99,0.391,19038.399999999998,20942.239999999998,0.0
2011-09-03 03:00:00,B2752,0.391,0.0,0.0,118.99,0.391,19038.399999999998,20942.239999999998,0.0
2011-09-03 04:00:00,B2752,0.391,0.0,0.0,118.99,0.391,19038.399999999998,20942.239999999998,0.0
2011-09-03 05:00:00,B2752,0.704,0.0,0.0,118.99,0.704,19038.399999999998,20942.239999999998,0.0
2011-09-03 06:00:00,B2752,2.581,0.0,0.0,118.99,2.581,19038.399999999998,20942.239999999998,0.0
2011-09-03 07:00:00,B2752,0.704,0.0,2.56,118.99,-2.556,19038.399999999998,20942.239999999998,3.26
2011-09-03 08:00:00,B2752,2.792,2.4,4.1,118.99,-1.8079999999999998,19038.399999999998,20942.239999999998,4.6
2011-09-03 09:00:00,B2752,2.792,2.4,5.35,118.99,-2.9880000000000004,19038.399999999998,20942.239999999998,5.78
2011-09-03 10:00:00,B2752,2.792,2.4,6.19,118.99,-3.7380000000000004,19038.399999999998,20942.239999999998,6.53
2011-09-03 11:00:00,B2752,2.792,2.4,6.72,118.99,-4.188000000000001,19038.399999999998,20942.239999999998,6.98
2011-09-03 12:00:00,B2752,4.982,2.4,6.9,118.99,-2.168,19038.399999999998,20942.239999999998,7.15
2011-09-03 13:00:00,B2752,0.704,0.0,6.68,118.99,-6.256,19038.399999999998,20942.239999999998,6.96
2011-09-03 14:00:00,B2752,0.391,0.0,6.09,118.99,-6.009,19038.399999999998,20942.239999999998,6.4
2011-09-03 15:00:00,B2752,0.391,0.0,5.11,118.99,-5.039,19038.399999999998,20942.239999999998,5.43
2011-09-03 16:00:00,B2752,0.391,0.0,3.79,118.99,-3.689,19038.399999999998,20942.239999999998,4.08
2011-09-03 17:00:00,B2752,0.704,0.0,2.07,118.99,-1.5559999999999998,19038.399999999998,20942.239999999998,2.26
2011-09-03 18:00:00,B2752,2.582,0.0,0.0,118.99,2.562,19038.399999999998,20942.239999999998,0.02
2011-09-03 19:00:00,B2752,3.208,0.0,0.0,118.99,3.208,19038.399999999998,20942.239999999998,0.0
2011-09-03 20:00:00,B2752,0.704,0.0,0.0,118.99,0.704,19038.399999999998,20942.239999999998,0.0
2011-09-03 21:00:00,B2752,0.704,0.0,0.0,118.99,0.704,19038.399999999998,20942.239999999998,0.0
2011-09-03 22:00:00,B2752,0.704,0.0,0.0,118.99,0.704,19038.399999999998,20942.239999999998,0.0
2011-09-03 23:00:00,B2752,0.391,0.0,0.0,118.99,0.391,19038.399999999998,20942.239999999998,0.0
2011-09-04 00:00:00,B2752,0.391,0.0,0.0,118.99,0.391,19038.399999999998,20942.239999999998,0.0
2011-09-04 01:00:00,B2752,0.391,0.0,0.0,118.99,0.391,19038.399999999998,20942.239999999998,0.0
2011-09-04 02:00:00,B2752,0.391,0.0,0.0,118.99,0.391,19038.399999999998,20942.239999999998,0.0
2011-09-04 03:00:00,B2752,0.391,0.0,0.0,118.99,0.391,19038.399999999998,20942.239999999998,0.0
2011-09-04 04:00:00,B2752,0.391,0.0,0.0,118.99,0.391,19038.399999999998,20942.239999999998,0.0
2011-09-04 05:00:00,B2752,0.704,0.0,0.0,118.99,0.704,19038.399999999998,20942.239999999998,0.0
2011-09-04 06:00:00,B2752,2.581,0.0,0.0,118.99,2.581,19038.399999999998,20942.239999999998,0.0
2011-09-04 07:00:00,B2752,0.704,0.0,2.39,118.99,-2.316,19038.399999999998,20942.239999999998,3.02
2011-09-04 08:00:00,B2752,2.791,2.4,3.98,118.99,-1.7289999999999996,19038.399999999998,20942.239999999998,4.52
2011-09-04 09:00:00,B2752,2.792,2.4,5.25,118.99,-2.928,19038.399999999998,20942.239999999998,5.72
2011-09-04 10:00:00,B2752,2.792,2.4,6.14,118.99,-3.758,19038.399999999998,20942.239999999998,6.55
2011-09-04 11:00:00,B2752,2.792,2.4,6.71,118.99,-4.238,19038.399999999998,20942.239999999998,7.03
2011-09-04 12:00:00,B2752,4.982,2.4,6.9,118.99,-2.1979999999999995,19038.399999999998,20942.239999999998,7.18
2011-09-04 13:00:00,B2752,0.704,0.0,6.64,118.99,-6.226,19038.399999999998,20942.239999999998,6.93
2011-09-04 14:00:00,B2752,0.391,0.0,6.02,118.99,-5.939,19038.399999999998,20942.239999999998,6.33
2011-09-04 15:00:00,B2752,0.391,0.0,5.03,118.99,-4.969,19038.399999999998,20942.239999999998,5.36
2011-09-04 16:00:00,B2752,0.391,0.0,3.71,118.99,-3.609,19038.399999999998,20942.239999999998,4.0
2011-09-04 17:00:00,B2752,0.704,0.0,2.0,118.99,-1.466,19038.399999999998,20942.239999999998,2.17
2011-09-04 18:00:00,B2752,2.582,0.0,0.0,118.99,2.562,19038.399999999998,20942.239999999998,0.02
2011-09-04 19:00:00,B2752,3.208,0.0,0.0,118.99,3.208,19038.399999999998,20942.239999999998,0.0
2011-09-04 20:00:00,B2752,0.704,0.0,0.0,118.99,0.704,19038.399999999998,20942.239999999998,0.0
2011-09-04 21:00:00,B2752,0.704,0.0,0.0,118.99,0.704,19038.399999999998,20942.239999999998,0.0
2011-09-04 22:00:00,B2752,0.704,0.0,0.0,118.99,0.704,19038.399999999998,20942.239999999998,0.0
2011-09-04 23:00:00,B2752,0.391,0.0,0.0,118.99,0.391,19038.399999999998,20942.239999999998,0.0
2011-09-05 00:00:00,B2752,2.791,2.4,0.0,118.99,2.791,19038.399999999998,20942.239999999998,0.0
2011-09-05 01:00:00,B2752,2.791,2.4,0.0,118.99,2.791,19038.399999999998,20942.239999999998,0.0
2011-09-05 02:00:00,B2752,2.791,2.4,0.0,118.99,2.791,19038.399999999998,20942.239999999998,0.0
2011-09-05 03:00:00,B2752,2.791,2.4,0.0,118.99,2.791,19038.399999999998,20942.239999999998,0.0
2011-09-05 04:00:00,B2752,2.791,2.4,0.0,118.99,2.791,19038.399999999998,20942.239999999998,0.0
2011-09-05 05:00:00,B2752,0.704,0.0,0.0,118.99,0.704,19038.399999999998,20942.239999999998,0.0
2011-09-05 06:00:00,B2752,2.582,0.0,0.0,118.99,2.582,19038.399999999998,20942.239999999998,0.0
2011-09-05 07:00:00,B2752,0.705,0.0,2.43,118.99,-2.385,19038.399999999998,20942.239999999998,3.09
2011-09-05 08:00:00,B2752,0.392,0.0,3.85,118.99,-3.988,19038.399999999998,20942.239999999998,4.38
2011-09-05 09:00:00,B2752,0.391,0.0,5.13,118.99,-5.209,19038.399999999998,20942.239999999998,5.6
2011-09-05 10:00:00,B2752,0.391,0.0,6.01,118.99,-6.019,19038.399999999998,20942.239999999998,6.41
2011-09-05 11:00:00,B2752,0.391,0.0,6.55,118.99,-6.459,19038.399999999998,20942.239999999998,6.85
2011-09-05 12:00:00,B2752,2.582,0.0,6.74,118.99,-4.438,19038.399999999998,20942.239999999998,7.02
2011-09-05 13:00:00,B2752,0.704,0.0,6.49,118.99,-6.096,19038.399999999998,20942.239999999998,6.8
2011-09-05 14:00:00,B2752,0.391,0.0,5.88,118.99,-5.819,19038.399999999998,20942.239999999998,6.21
2011-09-05 15:00:00,B2752,0.391,0.0,4.89,118.99,-4.839,19038.399999999998,20942.239999999998,5.23
2011-09-05 16:00:00,B2752,0.391,0.0,3.56,118.99,-3.469,19038.399999999998,20942.239999999998,3.86
2011-09-05 17:00:00,B2752,0.704,0.0,1.89,118.99,-1.3659999999999999,19038.399999999998,20942.239999999998,2.07
2011-09-05 18:00:00,B2752,2.582,0.0,0.0,118.99,2.582,19038.399999999998,20942.239999999998,0.0
2011-09-05 19:00:00,B2752,3.208,0.0,0.0,118.99,3.208,19038.399999999998,20942.239999999998,0.0
2011-09-05 20:00:00,B2752,0.704,0.0,0.0,118.99,0.704,19038.399999999998,20942.239999999998,0.0
2011-09-05 21:00:00,B2752,0.704,0.0,0.0,118.99,0.704,19038.399999999998,20942.239999999998,0.0
2011-09-05 22:00:00,B2752,0.704,0.0,0.0,118.99,0.704,19038.399999999998,20942.239999999998,0.0
2011-09-05 23:00:00,B2752,0.391,0.0,0.0,118.99,0.391,19038.399999999998,20942.239999999998,0.0
2011-09-06 00:00:00,B2752,2.791,2.4,0.0,118.99,2.791,19038.399999999998,20942.239999999998,0.0
2011-09-06 01:00:00,B2752,2.791,2.4,0.0,118.99,2.791,19038.399999999998,20942.239999999998,0.0
2011-09-06 02:00:00,B2752,2.791,2.4,0.0,118.99,2.791,19038.399999999998,20942.239999999998,0.0
2011-09-06 03:00:00,B2752,2.791,2.4,0.0,118.99,2.791,19038.399999999998,20942.239999999998,0.0
2011-09-06 04:00:00,B2752,2.791,2.4,0.0,118.99,2.791,19038.399999999998,20942.239999999998,0.0
2011-09-06 05:00:00,B2752,0.704,0.0,0.0,118.99,0.704,19038.399999999998,20942.239999999998,0.0
2011-09-06 06:00:00,B2752,2.582,0.0,0.0,118.99,2.582,19038.399999999998,20942.239999999998,0.0
2011-09-06 07:00:00,B2752,0.705,0.0,2.16,118.99,-2.005,19038.399999999998,20942.239999999998,2.71
2011-09-06 08:00:00,B2752,0.392,0.0,3.86,118.99,-4.117999999999999,19038.399999999998,20942.239999999998,4.51
2011-09-06 09:00:00,B2752,0.391,0.0,5.17,118.99,-5.399,19038.399999999998,20942.239999999998,5.79
2011-09-06 10:00:00,B2752,0.391,0.0,5.98,118.99,-6.079,19038.399999999998,20942.239999999998,6.47
2011-09-06 11:00:00,B2752,0.391,0.0,6.44,118.99,-6.429,19038.399999999998,20942.239999999998,6.82
2011-09-06 12:00:00,B2752,2.582,0.0,6.59,118.99,-4.388,19038.399999999998,20942.239999999998,6.97
2011-09-06 13:00:00,B2752,0.704,0.0,6.34,118.99,-6.086,19038.399999999998,20942.239999999998,6.79
2011-09-06 14:00:00,B2752,0.391,0.0,5.5,118.99,-5.619,19038.399999999998,20942.239999999998,6.01
2011-09-06 15:00:00,B2752,0.391,0.0,4.61,118.99,-4.689,19038.399999999998,20942.239999999998,5.08
2011-09-06 16:00:00,B2752,0.391,0.0,3.49,118.99,-3.469,19038.399999999998,20942.239999999998,3.86
2011-09-06 17:00:00,B2752,0.704,0.0,1.71,118.99,-1.176,19038.399999999998,20942.239999999998,1.88
2011-09-06 18:00:00,B2752,2.582,0.0,0.0,118.99,2.582,19038.399999999998,20942.239999999998,0.0
2011-09-06 19:00:00,B2752,3.208,0.0,0.0,118.99,3.208,19038.399999999998,20942.239999999998,0.0
2011-09-06 20:00:00,B2752,0.704,0.0,0.0,118.99,0.704,19038.399999999998,20942.239999999998,0.0
2011-09-06 21:00:00,B2752,0.704,0.0,0.0,118.99,0.704,19038.399999999998,20942.239999999998,0.0
2011-09-06 22:00:00,B2752,0.704,0.0,0.0,118.99,0.704,19038.399999999998,20942.239999999998,0.0
2011-09-06 23:00:00,B2752,0.391,0.0,0.0,118.99,0.391,19038.399999999998,20942.239999999998,0.0
2011-09-07 00:00:00,B2752,2.791,2.4,0.0,118.99,2.791,19038.399999999998,20942.239999999998,0.0
2011-09-07 01:00:00,B2752,2.791,2.4,0.0,118.99,2.791,19038.399999999998,20942.239999999998,0.0
2011-09-07 02:00:00,B2752,2.791,2.4,0.0,118.99,2.791,19038.399999999998,20942.239999999998,0.0
2011-09-07 03:00:00,B2752,2.791,2.4,0.0,118.99,2.791,19038.399999999998,20942.239999999998,0.0
2011-09-07 04:00:00,B2752,2.791,2.4,0.0,118.99,2.791,19038.399999999998,20942.239999999998,0.0
2011-09-07 05:00:00,B2752,0.704,0.0,0.0,118.99,0.704,19038.399999999998,20942.239999999998,0.0
2011-09-07 06:00:00,B2752,2.582,0.0,0.0,118.99,2.582,19038.399999999998,20942.239999999998,0.0
2011-09-07 07:00:00,B2752,0.705,0.0,2.06,118.99,-1.9049999999999998,19038.399999999998,20942.239999999998,2.61
2011-09-07 08:00:00,B2752,0.392,0.0,3.37,118.99,-3.528,19038.399999999998,20942.239999999998,3.92
2011-09-07 09:00:00,B2752,0.391,0.0,4.3,118.99,-4.399,19038.399999999998,20942.239999999998,4.79
2011-09-07 10:00:00,B2752,0.391,0.0,4.68,118.99,-4.709,19038.399999999998,20942.239999999998,5.1
2011-09-07 11:00:00,B2752,0.391,0.0,4.86,118.99,-4.819,19038.399999999998,20942.239999999998,5.21
2011-09-07 12:00:00,B2752,2.582,0.0,5.24,118.99,-2.998,19038.399999999998,20942.239999999998,5.58
2011-09-07 13:00:00,B2752,0.704,0.0,5.42,118.99,-5.1160000000000005,19038.399999999998,20942.239999999998,5.82
2011-09-07 14:00:00,B2752,0.391,0.0,4.83,118.99,-4.819,19038.399999999998,20942.239999999998,5.21
2011-09-07 15:00:00,B2752,0.391,0.0,3.77,118.99,-3.7089999999999996,19038.399999999998,20942.239999999998,4.1
2011-09-07 16:00:00,B2752,0.391,0.0,2.96,118.99,-2.849,19038.399999999998,20942.239999999998,3.24
2011-09-07 17:00:00,B2752,0.704,0.0,1.65,118.99,-1.106,19038.399999999998,20942.239999999998,1.81
2011-09-07 18:00:00,B2752,2.582,0.0,0.0,118.99,2.582,19038.399999999998,20942.239999999998,0.0
2011-09-07 19:00:00,B2752,3.208,0.0,0.0,118.99,3.208,19038.399999999998,20942.239999999998,0.0
2011-09-07 20:00:00,B2752,0.704,0.0,0.0,118.99,0.704,19038.399999999998,20942.239999999998,0.0
2011-09-07 21:00:00,B2752,0.704,0.0,0.0,118.99,0.704,19038.399999999998,20942.239999999998,0.0
2011-09-07 22:00:00,B2752,0.704,0.0,0.0,118.99,0.704,19038.399999999998,20942.239999999998,0.0
2011-09-07 23:00:00,B2752,0.391,0.0,0.0,118.99,0.391,19038.399999999998,20942.239999999998,0.0
2011-09-08 00:00:00,B2752,2.791,2.4,0.0,118.99,2.791,19038.399999999998,20942.239999999998,0.0
2011-09-08 01:00:00,B2752,2.791,2.4,0.0,118.99,2.791,19038.399999999998,20942.239999999998,0.0
2011-09-08 02:00:00,B2752,2.791,2.4,0.0,118.99,2.791,19038.399999999998,20942.239999999998,0.0
2011-09-08 03:00:00,B2752,2.791,2.4,0.0,118.99,2.791,19038.399999999998,20942.239999999998,0.0
2011-09-08 04:00:00,B2752,2.791,2.4,0.0,118.99,2.791,19038.399999999998,20942.239999999998,0.0
2011-09-08 05:00:00,B2752,0.704,0.0,0.0,118.99,0.704,19038.399999999998,20942.239999999998,0.0
2011-09-08 06:00:00,B2752,2.582,0.0,0.0,118.99,2.582,19038.399999999998,20942.239999999998,0.0
2011-09-08 07:00:00,B2752,0.705,0.0,2.11,118.99,-1.9849999999999999,19038.399999999998,20942.239999999998,2.69
2011-09-08 08:00:00,B2752,0.392,0.0,3.37,118.99,-3.528,19038.399999999998,20942.239999999998,3.92
2011-09-08 09:00:00,B2752,0.391,0.0,4.42,118.99,-4.579,19038.399999999998,20942.239999999998,4.97
2011-09-08 10:00:00,B2752,0.391,0.0,5.12,118.99,-5.199,19038.399999999998,20942.239999999998,5.59
2011-09-08 11:00:00,B2752,0.391,0.0,5.63,118.99,-5.609,19038.399999999998,20942.239999999998,6.0
2011-09-08 12:00:00,B2752,2.582,0.0,6.03,118.99,-3.808,19038.399999999998,20942.239999999998,6.39
2011-09-08 13:00:00,B2752,0.704,0.0,6.23,118.99,-5.886,19038.399999999998,20942.239999999998,6.59
2011-09-08 14:00:00,B2752,0.391,0.0,5.7,118.99,-5.699,19038.399999999998,20942.239999999998,6.09
2011-09-08 15:00:00,B2752,0.391,0.0,4.77,118.99,-4.769,19038.399999999998,20942.239999999998,5.16
2011-09-08 16:00:00,B2752,0.391,0.0,3.35,118.99,-3.249,19038.399999999998,20942.239999999998,3.64
2011-09-08 17:00:00,B2752,0.704,0.0,1.72,118.99,-1.176,19038.399999999998,20942.239999999998,1.88
2011-09-08 18:00:00,B2752,2.582,0.0,0.0,118.99,2.582,19038.399999999998,20942.239999999998,0.0
2011-09-08 19:00:00,B2752,3.208,0.0,0.0,118.99,3.208,19038.399999999998,20942.239999999998,0.0
2011-09-08 20:00:00,B2752,0.704,0.0,0.0,118.99,0.704,19038.399999999998,20942.239999999998,0.0
2011-09-08 21:00:00,B2752,0.704,0.0,0.0,118.99,0.704,19038.399999999998,20942.239999999998,0.0
2011-09-08 22:00:00,B2752,0.704,0.0,0.0,118.99,0.704,19038.399999999998,20942.239999999998,0.0
2011-09-08 23:00:00,B2752,0.391,0.0,0.0,118.99,0.391,19038.399999999998,20942.239999999998,0.0
2011-09-09 00:00:00,B2752,2.791,2.4,0.0,118.99,2.791,19038.399999999998,20942.239999999998,0.0
2011-09-09 01:00:00,B2752,2.791,2.4,0.0,118.99,2.791,19038.399999999998,20942.239999999998,0.0
2011-09-09 02:00:00,B2752,2.791,2.4,0.0,118.99,2.791,19038.399999999998,20942.239999999998,0.0
2011-09-09 03:00:00,B2752,2.791,2.4,0.0,118.99,2.791,19038.399999999998,20942.239999999998,0.0
2011-09-09 04:00:00,B2752,2.791,2.4,0.0,118.99,2.791,19038.399999999998,20942.239999999998,0.0
2011-09-09 05:00:00,B2752,0.704,0.0,0.0,118.99,0.704,19038.399999999998,20942.239999999998,0.0
2011-09-09 06:00:00,B2752,2.582,0.0,0.0,118.99,2.582,19038.399999999998,20942.239999999998,0.0
2011-09-09 07:00:00,B2752,0.705,0.0,1.96,118.99,-1.795,19038.399999999998,20942.239999999998,2.5
2011-09-09 08:00:00,B2752,0.392,0.0,3.37,118.99,-3.498,19038.399999999998,20942.239999999998,3.89
2011-09-09 09:00:00,B2752,0.391,0.0,4.63,118.99,-4.719,19038.399999999998,20942.239999999998,5.11
2011-09-09 10:00:00,B2752,0.391,0.0,5.62,118.99,-5.629,19038.399999999998,20942.239999999998,6.02
2011-09-09 11:00:00,B2752,0.391,0.0,6.2,118.99,-6.109,19038.399999999998,20942.239999999998,6.5
2011-09-09 12:00:00,B2752,2.582,0.0,6.38,118.99,-4.058,19038.399999999998,20942.239999999998,6.64
2011-09-09 13:00:00,B2752,0.704,0.0,6.16,118.99,-5.746,19038.399999999998,20942.239999999998,6.45
2011-09-09 14:00:00,B2752,0.391,0.0,5.59,118.99,-5.519,19038.399999999998,20942.239999999998,5.91
2011-09-09 15:00:00,B2752,0.391,0.0,4.63,118.99,-4.579,19038.399999999998,20942.239999999998,4.97
2011-09-09 16:00:00,B2752,0.391,0.0,3.34,118.99,-3.249,19038.399999999998,20942.239999999998,3.64
2011-09-09 17:00:00,B2752,0.704,0.0,1.69,118.99,-1.1460000000000001,19038.399999999998,20942.239999999998,1.85
2011-09-09 18:00:00,B2752,2.582,0.0,0.0,118.99,2.582,19038.399999999998,20942.239999999998,0.0
2011-09-09 19:00:00,B2752,3.208,0.0,0.0,118.99,3.208,19038.399999999998,20942.239999999998,0.0
2011-09-09 20:00:00,B2752,0.704,0.0,0.0,118.99,0.704,19038.399999999998,20942.239999999998,0.0
2011-09-09 21:00:00,B2752,0.704,0.0,0.0,118.99,0.704,19038.399999999998,20942.239999999998,0.0
2011-09-09 22:00:00,B2752,0.704,0.0,0.0,118.99,0.704,19038.399999999998,20942.239999999998,0.0
2011-09-09 23:00:00,B2752,0.391,0.0,0.0,118.99,0.391,19038.399999999998,20942.239999999998,0.0
2011-09-10 00:00:00,B2752,0.391,0.0,0.0,118.99,0.391,19038.399999999998,20942.239999999998,0.0
2011-09-10 01:00:00,B2752,0.391,0.0,0.0,118.99,0.391,19038.399999999998,20942.239999999998,0.0
2011-09-10 02:00:00,B2752,0.391,0.0,0.0,118.99,0.391,19038.399999999998,20942.239999999998,0.0
2011-09-10 03:00:00,B2752,0.391,0.0,0.0,118.99,0.391,19038.399999999998,20942.239999999998,0.0
2011-09-10 04:00:00,B2752,0.391,0.0,0.0,118.99,0.391,19038.399999999998,20942.239999999998,0.0
2011-09-10 05:00:00,B2752,0.704,0.0,0.0,118.99,0.704,19038.399999999998,20942.239999999998,0.0
2011-09-10 06:00:00,B2752,2.581,0.0,0.0,118.99,2.581,19038.399999999998,20942.239999999998,0.0
2011-09-10 07:00:00,B2752,0.704,0.0,1.9,118.99,-1.7260000000000002,19038.399999999998,20942.239999999998,2.43
2011-09-10 08:00:00,B2752,2.792,2.4,3.33,118.99,-1.048,19038.399999999998,20942.239999999998,3.84
2011-09-10 09:00:00,B2752,2.792,2.4,4.66,118.99,-2.348,19038.399999999998,20942.239999999998,5.14
2011-09-10 10:00:00,B2752,2.792,2.4,5.56,118.99,-3.178,19038.399999999998,20942.239999999998,5.97
2011-09-10 11:00:00,B2752,2.792,2.4,6.31,118.99,-3.8580000000000005,19038.399999999998,20942.239999999998,6.65
2011-09-10 12:00:00,B2752,4.982,2.4,6.45,118.99,-1.8079999999999998,19038.399999999998,20942.239999999998,6.79
2011-09-10 13:00:00,B2752,0.704,0.0,6.34,118.99,-6.0360000000000005,19038.399999999998,20942.239999999998,6.74
2011-09-10 14:00:00,B2752,0.391,0.0,5.65,118.99,-5.689,19038.399999999998,20942.239999999998,6.08
2011-09-10 15:00:00,B2752,0.391,0.0,4.47,118.99,-4.499,19038.399999999998,20942.239999999998,4.89
2011-09-10 16:00:00,B2752,0.391,0.0,3.02,118.99,-3.009,19038.399999999998,20942.239999999998,3.4
2011-09-10 17:00:00,B2752,0.704,0.0,1.65,118.99,-1.1260000000000001,19038.399999999998,20942.239999999998,1.83
2011-09-10 18:00:00,B2752,2.582,0.0,0.0,118.99,2.582,19038.399999999998,20942.239999999998,0.0
2011-09-10 19:00:00,B2752,3.208,0.0,0.0,118.99,3.208,19038.399999999998,20942.239999999998,0.0
2011-09-10 20:00:00,B2752,0.704,0.0,0.0,118.99,0.704,19038.399999999998,20942.239999999998,0.0
2011-09-10 21:00:00,B2752,0.704,0.0,0.0,118.99,0.704,19038.399999999998,20942.239999999998,0.0
2011-09-10 22:00:00,B2752,0.704,0.0,0.0,118.99,0.704,19038.399999999998,20942.239999999998,0.0
2011-09-10 23:00:00,B2752,0.391,0.0,0.0,118.99,0.391,19038.399999999998,20942.239999999998,0.0
2011-09-11 00:00:00,B2752,0.391,0.0,0.0,118.99,0.391,19038.399999999998,20942.239999999998,0.0
2011-09-11 01:00:00,B2752,0.391,0.0,0.0,118.99,0.391,19038.399999999998,20942.239999999998,0.0
2011-09-11 02:00:00,B2752,0.391,0.0,0.0,118.99,0.391,19038.399999999998,20942.239999999998,0.0
2011-09-11 03:00:00,B2752,0.391,0.0,0.0,118.99,0.391,19038.399999999998,20942.239999999998,0.0
2011-09-11 04:00:00,B2752,0.391,0.0,0.0,118.99,0.391,19038.399999999998,20942.239999999998,0.0
2011-09-11 05:00:00,B2752,0.704,0.0,0.0,118.99,0.704,19038.399999999998,20942.239999999998,0.0
2011-09-11 06:00:00,B2752,2.581,0.0,0.0,118.99,2.581,19038.399999999998,20942.239999999998,0.0
2011-09-11 07:00:00,B2752,0.704,0.0,1.74,118.99,-1.5360000000000003,19038.399999999998,20942.239999999998,2.24
2011-09-11 08:00:00,B2752,2.791,2.4,3.14,118.99,-0.839,19038.399999999998,20942.239999999998,3.63
2011-09-11 09:00:00,B2752,2.792,2.4,4.44,118.99,-2.088,19038.399999999998,20942.239999999998,4.88
2011-09-11 10:00:00,B2752,2.792,2.4,5.33,118.99,-2.8980000000000006,19038.399999999998,20942.239999999998,5.69
2011-09-11 11:00:00,B2752,2.792,2.4,5.89,118.99,-3.378,19038.399999999998,20942.239999999998,6.17
2011-09-11 12:00:00,B2752,4.982,2.4,6.11,118.99,-1.388,19038.399999999998,20942.239999999998,6.37
2011-09-11 13:00:00,B2752,0.704,0.0,5.92,118.99,-5.506,19038.399999999998,20942.239999999998,6.21
2011-09-11 14:00:00,B2752,0.391,0.0,5.35,118.99,-5.279,19038.399999999998,20942.239999999998,5.67
2011-09-11 15:00:00,B2752,0.391,0.0,4.39,118.99,-4.339,19038.399999999998,20942.239999999998,4.73
2011-09-11 16:00:00,B2752,0.391,0.0,3.13,118.99,-3.029,19038.399999999998,20942.239999999998,3.42
2011-09-11 17:00:00,B2752,0.704,0.0,1.52,118.99,-0.966,19038.399999999998,20942.239999999998,1.67
2011-09-11 18:00:00,B2752,2.582,0.0,0.0,118.99,2.582,19038.399999999998,20942.239999999998,0.0
2011-09-11 19:00:00,B2752,3.208,0.0,0.0,118.99,3.208,19038.399999999998,20942.239999999998,0.0
2011-09-11 20:00:00,B2752,0.704,0.0,0.0,118.99,0.704,19038.399999999998,20942.239999999998,0.0
2011-09-11 21:00:00,B2752,0.704,0.0,0.0,118.99,0.704,19038.399999999998,20942.239999999998,0.0
2011-09-11 22:00:00,B2752,0.704,0.0,0.0,118.99,0.704,19038.399999999998,20942.239999999998,0.0
2011-09-11 23:00:00,B2752,0.391,0.0,0.0,118.99,0.391,19038.399999999998,20942.239999999998,0.0
2011-09-12 00:00:00,B2752,2.791,2.4,0.0,118.99,2.791,19038.399999999998,20942.239999999998,0.0
2011-09-12 01:00:00,B2752,2.791,2.4,0.0,118.99,2.791,19038.399999999998,20942.239999999998,0.0
2011-09-12 02:00:00,B2752,2.791,2.4,0.0,118.99,2.791,19038.399999999998,20942.239999999998,0.0
2011-09-12 03:00:00,B2752,2.791,2.4,0.0,118.99,2.791,19038.399999999998,20942.239999999998,0.0
2011-09-12 04:00:00,B2752,2.791,2.4,0.0,118.99,2.791,19038.399999999998,20942.239999999998,0.0
2011-09-12 05:00:00,B2752,0.704,0.0,0.0,118.99,0.704,19038.399999999998,20942.239999999998,0.0
2011-09-12 06:00:00,B2752,2.582,0.0,0.0,118.99,2.582,19038.399999999998,20942.239999999998,0.0
2011-09-12 07:00:00,B2752,0.705,0.0,1.72,118.99,-1.545,19038.399999999998,20942.239999999998,2.25
2011-09-12 08:00:00,B2752,0.392,0.0,3.09,118.99,-3.228,19038.399999999998,20942.239999999998,3.62
2011-09-12 09:00:00,B2752,0.391,0.0,4.5,118.99,-4.619,19038.399999999998,20942.239999999998,5.01
2011-09-12 10:00:00,B2752,0.391,0.0,5.34,118.99,-5.369,19038.399999999998,20942.239999999998,5.76
2011-09-12 11:00:00,B2752,0.391,0.0,5.86,118.99,-5.769,19038.399999999998,20942.239999999998,6.16
2011-09-12 12:00:00,B2752,2.582,0.0,6.01,118.99,-3.708,19038.399999999998,20942.239999999998,6.29
2011-09-12 13:00:00,B2752,0.704,0.0,5.76,118.99,-5.346,19038.399999999998,20942.239999999998,6.05
2011-09-12 14:00:00,B2752,0.391,0.0,5.14,118.99,-5.069,19038.399999999998,20942.239999999998,5.46
2011-09-12 15:00:00,B2752,0.391,0.0,4.15,118.99,-4.089,19038.399999999998,20942.239999999998,4.48
2011-09-12 16:00:00,B2752,0.391,0.0,2.82,118.99,-2.709,19038.399999999998,20942.239999999998,3.1
2011-09-12 17:00:00,B2752,0.704,0.0,1.41,118.99,-0.8560000000000001,19038.399999999998,20942.239999999998,1.56
2011-09-12 18:00:00,B2752,2.582,0.0,0.0,118.99,2.582,19038.399999999998,20942.239999999998,0.0
2011-09-12 19:00:00,B2752,3.208,0.0,0.0,118.99,3.208,19038.399999999998,20942.239999999998,0.0
2011-09-12 20:00:00,B2752,0.704,0.0,0.0,118.99,0.704,19038.399999999998,20942.239999999998,0.0
2011-09-12 21:00:00,B2752,0.704,0.0,0.0,118.99,0.704,19038.399999999998,20942.239999999998,0.0
2011-09-12 22:00:00,B2752,0.704,0.0,0.0,118.99,0.704,19038.399999999998,20942.239999999998,0.0
2011-09-12 23:00:00,B2752,0.391,0.0,0.0,118.99,0.391,19038.399999999998,20942.239999999998,0.0
2011-09-13 00:00:00,B2752,2.791,2.4,0.0,118.99,2.791,19038.399999999998,20942.239999999998,0.0
2011-09-13 01:00:00,B2752,2.791,2.4,0.0,118.99,2.791,19038.399999999998,20942.239999999998,0.0
2011-09-13 02:00:00,B2752,2.791,2.4,0.0,118.99,2.791,19038.399999999998,20942.239999999998,0.0
2011-09-13 03:00:00,B2752,2.791,2.4,0.0,118.99,2.791,19038.399999999998,20942.239999999998,0.0
2011-09-13 04:00:00,B2752,2.791,2.4,0.0,118.99,2.791,19038.399999999998,20942.239999999998,0.0
2011-09-13 05:00:00,B2752,0.704,0.0,0.0,118.99,0.704,19038.399999999998,20942.239999999998,0.0
2011-09-13 06:00:00,B2752,2.582,0.0,0.0,118.99,2.582,19038.399999999998,20942.239999999998,0.0
2011-09-13 07:00:00,B2752,0.705,0.0,1.54,118.99,-1.315,19038.399999999998,20942.239999999998,2.02
2011-09-13 08:00:00,B2752,0.392,0.0,2.95,118.99,-3.088,19038.399999999998,20942.239999999998,3.48
2011-09-13 09:00:00,B2752,0.391,0.0,4.21,118.99,-4.309,19038.399999999998,20942.239999999998,4.7
2011-09-13 10:00:00,B2752,0.391,0.0,5.04,118.99,-5.039,19038.399999999998,20942.239999999998,5.43
2011-09-13 11:00:00,B2752,0.391,0.0,5.63,118.99,-5.519,19038.399999999998,20942.239999999998,5.91
2011-09-13 12:00:00,B2752,2.582,0.0,5.84,118.99,-3.518,19038.399999999998,20942.239999999998,6.1
2011-09-13 13:00:00,B2752,0.704,0.0,5.6,118.99,-5.176,19038.399999999998,20942.239999999998,5.88
2011-09-13 14:00:00,B2752,0.391,0.0,5.14,118.99,-5.069,19038.399999999998,20942.239999999998,5.46
2011-09-13 15:00:00,B2752,0.391,0.0,4.14,118.99,-4.079,19038.399999999998,20942.239999999998,4.47
2011-09-13 16:00:00,B2752,0.391,0.0,2.91,118.99,-2.809,19038.399999999998,20942.239999999998,3.2
2011-09-13 17:00:00,B2752,0.704,0.0,1.42,118.99,-0.8560000000000001,19038.399999999998,20942.239999999998,1.56
2011-09-13 18:00:00,B2752,2.582,0.0,0.0,118.99,2.582,19038.399999999998,20942.239999999998,0.0
2011-09-13 19:00:00,B2752,3.208,0.0,0.0,118.99,3.208,19038.399999999998,20942.239999999998,0.0
2011-09-13 20:00:00,B2752,0.704,0.0,0.0,118.99,0.704,19038.399999999998,20942.239999999998,0.0
2011-09-13 21:00:00,B2752,0.704,0.0,0.0,118.99,0.704,19038.399999999998,20942.239999999998,0.0
2011-09-13 22:00:00,B2752,0.704,0.0,0.0,118.99,0.704,19038.399999999998,20942.239999999998,0.0
2011-09-13 23:00:00,B2752,0.391,0.0,0.0,118.99,0.391,19038.399999999998,20942.239999999998,0.0
2011-09-14 00:00:00,B2752,2.791,2.4,0.0,118.99,2.791,19038.399999999998,20942.239999999998,0.0
2011-09-14 01:00:00,B2752,2.791,2.4,0.0,118.99,2.791,19038.399999999998,20942.239999999998,0.0
2011-09-14 02:00:00,B2752,2.791,2.4,0.0,118.99,2.791,19038.399999999998,20942.239999999998,0.0
2011-09-14 03:00:00,B2752,2.791,2.4,0.0,118.99,2.791,19038.399999999998,20942.239999999998,0.0
2011-09-14 04:00:00,B2752,2.791,2.4,0.0,118.99,2.791,19038.399999999998,20942.239999999998,0.0
2011-09-14 05:00:00,B2752,0.704,0.0,0.0,118.99,0.704,19038.399999999998,20942.239999999998,0.0
2011-09-14 06:00:00,B2752,2.582,0.0,0.0,118.99,2.582,19038.399999999998,20942.239999999998,0.0
2011-09-14 07:00:00,B2752,0.705,0.0,1.91,118.99,-1.7850000000000001,19038.399999999998,20942.239999999998,2.49
2011-09-14 08:00:00,B2752,0.392,0.0,3.44,118.99,-3.728,19038.399999999998,20942.239999999998,4.12
2011-09-14 09:00:00,B2752,0.391,0.0,4.47,118.99,-4.669,19038.399999999998,20942.239999999998,5.06
2011-09-14 10:00:00,B2752,0.391,0.0,5.23,118.99,-5.289,19038.399999999998,20942.239999999998,5.68
2011-09-14 11:00:00,B2752,0.391,0.0,5.61,118.99,-5.539,19038.399999999998,20942.239999999998,5.93
2011-09-14 12:00:00,B2752,2.582,0.0,5.86,118.99,-3.588,19038.399999999998,20942.239999999998,6.17
2011-09-14 13:00:00,B2752,0.704,0.0,5.71,118.99,-5.416,19038.399999999998,20942.239999999998,6.12
2011-09-14 14:00:00,B2752,0.391,0.0,5.16,118.99,-5.269,19038.399999999998,20942.239999999998,5.66
2011-09-14 15:00:00,B2752,0.391,0.0,4.15,118.99,-4.229,19038.399999999998,20942.239999999998,4.62
2011-09-14 16:00:00,B2752,0.391,0.0,2.79,118.99,-2.779,19038.399999999998,20942.239999999998,3.17
2011-09-14 17:00:00,B2752,0.704,0.0,0.98,118.99,-0.3560000000000001,19038.399999999998,20942.239999999998,1.06
2011-09-14 18:00:00,B2752,2.582,0.0,0.0,118.99,2.582,19038.399999999998,20942.239999999998,0.0
2011-09-14 19:00:00,B2752,3.208,0.0,0.0,118.99,3.208,19038.399999999998,20942.239999999998,0.0
2011-09-14 20:00:00,B2752,0.704,0.0,0.0,118.99,0.704,19038.399999999998,20942.239999999998,0.0
2011-09-14 21:00:00,B2752,0.704,0.0,0.0,118.99,0.704,19038.399999999998,20942.239999999998,0.0
2011-09-14 22:00:00,B2752,0.704,0.0,0.0,118.99,0.704,19038.399999999998,20942.239999999998,0.0
2011-09-14 23:00:00,B2752,0.391,0.0,0.0,118.99,0.391,19038.399999999998,20942.239999999998,0.0
2011-09-15 00:00:00,B2752,2.791,2.4,0.0,118.99,2.791,19038.399999999998,20942.239999999998,0.0
2011-09-15 01:00:00,B2752,2.791,2.4,0.0,118.99,2.791,19038.399999999998,20942.239999999998,0.0
2011-09-15 02:00:00,B2752,2.791,2.4,0.0,118.99,2.791,19038.399999999998,20942.239999999998,0.0
2011-09-15 03:00:00,B2752,2.791,2.4,0.0,118.99,2.791,19038.399999999998,20942.239999999998,0.0
2011-09-15 04:00:00,B2752,2.791,2.4,0.0,118.99,2.791,19038.399999999998,20942.239999999998,0.0
2011-09-15 05:00:00,B2752,0.704,0.0,0.0,118.99,0.704,19038.399999999998,20942.239999999998,0.0
2011-09-15 06:00:00,B2752,2.582,0.0,0.0,118.99,2.582,19038.399999999998,20942.239999999998,0.0
2011-09-15 07:00:00,B2752,0.705,0.0,1.4,118.99,-0.965,19038.399999999998,20942.239999999998,1.67
2011-09-15 08:00:00,B2752,0.392,0.0,2.22,118.99,-2.2680000000000002,19038.399999999998,20942.239999999998,2.66
2011-09-15 09:00:00,B2752,0.391,0.0,2.45,118.99,-2.489,19038.399999999998,20942.239999999998,2.88
2011-09-15 10:00:00,B2752,0.391,0.0,3.01,118.99,-3.059,19038.399999999998,20942.239999999998,3.45
2011-09-15 11:00:00,B2752,0.391,0.0,3.3,118.99,-3.329,19038.399999999998,20942.239999999998,3.72
2011-09-15 12:00:00,B2752,2.582,0.0,2.95,118.99,-0.738,19038.399999999998,20942.239999999998,3.32
2011-09-15 13:00:00,B2752,0.704,0.0,3.39,118.99,-3.106,19038.399999999998,20942.239999999998,3.81
2011-09-15 14:00:00,B2752,0.391,0.0,3.57,118.99,-3.6289999999999996,19038.399999999998,20942.239999999998,4.02
2011-09-15 15:00:00,B2752,0.391,0.0,2.98,118.99,-2.999,19038.399999999998,20942.239999999998,3.39
2011-09-15 16:00:00,B2752,0.391,0.0,1.83,118.99,-1.7389999999999999,19038.399999999998,20942.239999999998,2.13
2011-09-15 17:00:00,B2752,0.704,0.0,0.0,118.99,0.704,19038.399999999998,20942.239999999998,0.0
2011-09-15 18:00:00,B2752,2.582,0.0,0.0,118.99,2.582,19038.399999999998,20942.239999999998,0.0
2011-09-15 19:00:00,B2752,3.208,0.0,0.0,118.99,3.208,19038.399999999998,20942.239999999998,0.0
2011-09-15 20:00:00,B2752,0.704,0.0,0.0,118.99,0.704,19038.399999999998,20942.239999999998,0.0
2011-09-15 21:00:00,B2752,0.704,0.0,0.0,118.99,0.704,19038.399999999998,20942.239999999998,0.0
2011-09-15 22:00:00,B2752,0.704,0.0,0.0,118.99,0.704,19038.399999999998,20942.239999999998,0.0
2011-09-15 23:00:00,B2752,0.391,0.0,0.0,118.99,0.391,19038.399999999998,20942.239999999998,0.0
2011-09-16 00:00:00,B2752,2.791,2.4,0.0,118.99,2.791,19038.399999999998,20942.239999999998,0.0
2011-09-16 01:00:00,B2752,2.791,2.4,0.0,118.99,2.791,19038.399999999998,20942.239999999998,0.0
2011-09-16 02:00:00,B2752,2.791,2.4,0.0,118.99,2.791,19038.399999999998,20942.239999999998,0.0
2011-09-16 03:00:00,B2752,2.791,2.4,0.0,118.99,2.791,19038.399999999998,20942.239999999998,0.0
2011-09-16 04:00:00,B2752,2.791,2.4,0.0,118.99,2.791,19038.399999999998,20942.239999999998,0.0
2011-09-16 05:00:00,B2752,0.704,0.0,0.0,118.99,0.704,19038.399999999998,20942.239999999998,0.0
2011-09-16 06:00:00,B2752,2.582,0.0,0.0,118.99,2.582,19038.399999999998,20942.239999999998,0.0
2011-09-16 07:00:00,B2752,0.705,0.0,1.48,118.99,-1.2850000000000001,19038.399999999998,20942.239999999998,1.99
2011-09-16 08:00:00,B2752,0.392,0.0,2.79,118.99,-2.968,19038.399999999998,20942.239999999998,3.36
2011-09-16 09:00:00,B2752,0.391,0.0,4.19,118.99,-4.369,19038.399999999998,20942.239999999998,4.76
2011-09-16 10:00:00,B2752,0.391,0.0,5.0,118.99,-5.069,19038.399999999998,20942.239999999998,5.46
2011-09-16 11:00:00,B2752,0.391,0.0,5.4,118.99,-5.329,19038.399999999998,20942.239999999998,5.72
2011-09-16 12:00:00,B2752,2.582,0.0,5.52,118.99,-3.208,19038.399999999998,20942.239999999998,5.79
2011-09-16 13:00:00,B2752,0.704,0.0,5.24,118.99,-4.8260000000000005,19038.399999999998,20942.239999999998,5.53
2011-09-16 14:00:00,B2752,0.391,0.0,4.79,118.99,-4.729,19038.399999999998,20942.239999999998,5.12
2011-09-16 15:00:00,B2752,0.391,0.0,4.0,118.99,-3.9589999999999996,19038.399999999998,20942.239999999998,4.35
2011-09-16 16:00:00,B2752,0.391,0.0,2.76,118.99,-2.679,19038.399999999998,20942.239999999998,3.07
2011-09-16 17:00:00,B2752,0.704,0.0,0.9,118.99,-0.28600000000000003,19038.399999999998,20942.239999999998,0.99
2011-09-16 18:00:00,B2752,2.582,0.0,0.0,118.99,2.582,19038.399999999998,20942.239999999998,0.0
2011-09-16 19:00:00,B2752,3.208,0.0,0.0,118.99,3.208,19038.399999999998,20942.239999999998,0.0
2011-09-16 20:00:00,B2752,0.704,0.0,0.0,118.99,0.704,19038.399999999998,20942.239999999998,0.0
2011-09-16 21:00:00,B2752,0.704,0.0,0.0,118.99,0.704,19038.399999999998,20942.239999999998,0.0
2011-09-16 22:00:00,B2752,0.704,0.0,0.0,118.99,0.704,19038.399999999998,20942.239999999998,0.0
2011-09-16 23:00:00,B2752,0.391,0.0,0.0,118.99,0.391,19038.399999999998,20942.239999999998,0.0
2011-09-17 00:00:00,B2752,0.391,0.0,0.0,118.99,0.391,19038.399999999998,20942.239999999998,0.0
2011-09-17 01:00:00,B2752,0.391,0.0,0.0,118.99,0.391,19038.399999999998,20942.239999999998,0.0
2011-09-17 02:00:00,B2752,0.391,0.0,0.0,118.99,0.391,19038.399999999998,20942.239999999998,0.0
2011-09-17 03:00:00,B2752,0.391,0.0,0.0,118.99,0.391,19038.399999999998,20942.239999999998,0.0
2011-09-17 04:00:00,B2752,0.391,0.0,0.0,118.99,0.391,19038.399999999998,20942.239999999998,0.0
2011-09-17 05:00:00,B2752,0.704,0.0,0.0,118.99,0.704,19038.399999999998,20942.239999999998,0.0
2011-09-17 06:00:00,B2752,2.581,0.0,0.0,118.99,2.581,19038.399999999998,20942.239999999998,0.0
2011-09-17 07:00:00,B2752,0.704,0.0,1.29,118.99,-1.076,19038.399999999998,20942.239999999998,1.78
2011-09-17 08:00:00,B2752,2.792,2.4,2.64,118.99,-0.39800000000000013,19038.399999999998,20942.239999999998,3.19
2011-09-17 09:00:00,B2752,2.792,2.4,3.85,118.99,-1.548,19038.399999999998,20942.239999999998,4.34
2011-09-17 10:00:00,B2752,2.792,2.4,4.68,118.99,-2.2880000000000003,19038.399999999998,20942.239999999998,5.08
2011-09-17 11:00:00,B2752,2.792,2.4,5.47,118.99,-3.0280000000000005,19038.399999999998,20942.239999999998,5.82
2011-09-17 12:00:00,B2752,4.982,2.4,5.73,118.99,-1.0779999999999994,19038.399999999998,20942.239999999998,6.06
2011-09-17 13:00:00,B2752,0.704,0.0,5.46,118.99,-5.096,19038.399999999998,20942.239999999998,5.8
2011-09-17 14:00:00,B2752,0.391,0.0,4.9,118.99,-4.879,19038.399999999998,20942.239999999998,5.27
2011-09-17 15:00:00,B2752,0.391,0.0,3.95,118.99,-3.9290000000000003,19038.399999999998,20942.239999999998,4.32
2011-09-17 16:00:00,B2752,0.391,0.0,2.68,118.99,-2.599,19038.399999999998,20942.239999999998,2.99
2011-09-17 17:00:00,B2752,0.704,0.0,0.85,118.99,-0.246,19038.399999999998,20942.239999999998,0.95
2011-09-17 18:00:00,B2752,2.582,0.0,0.0,118.99,2.582,19038.399999999998,20942.239999999998,0.0
2011-09-17 19:00:00,B2752,3.208,0.0,0.0,118.99,3.208,19038.399999999998,20942.239999999998,0.0
2011-09-17 20:00:00,B2752,0.704,0.0,0.0,118.99,0.704,19038.399999999998,20942.239999999998,0.0
2011-09-17 21:00:00,B2752,0.704,0.0,0.0,118.99,0.704,19038.399999999998,20942.239999999998,0.0
2011-09-17 22:00:00,B2752,0.704,0.0,0.0,118.99,0.704,19038.399999999998,20942.239999999998,0.0
2011-09-17 23:00:00,B2752,0.391,0.0,0.0,118.99,0.391,19038.399999999998,20942.239999999998,0.0
2011-09-18 00:00:00,B2752,0.391,0.0,0.0,118.99,0.391,19038.399999999998,20942.239999999998,0.0
2011-09-18 01:00:00,B2752,0.391,0.0,0.0,118.99,0.391,19038.399999999998,20942.239999999998,0.0
2011-09-18 02:00:00,B2752,0.391,0.0,0.0,118.99,0.391,19038.399999999998,20942.239999999998,0.0
2011-09-18 03:00:00,B2752,0.391,0.0,0.0,118.99,0.391,19038.399999999998,20942.239999999998,0.0
2011-09-18 04:00:00,B2752,0.391,0.0,0.0,118.99,0.391,19038.399999999998,20942.239999999998,0.0
2011-09-18 05:00:00,B2752,0.704,0.0,0.0,118.99,0.704,19038.399999999998,20942.239999999998,0.0
2011-09-18 06:00:00,B2752,2.581,0.0,0.0,118.99,2.581,19038.399999999998,20942.239999999998,0.0
2011-09-18 07:00:00,B2752,0.704,0.0,1.27,118.99,-1.046,19038.399999999998,20942.239999999998,1.75
2011-09-18 08:00:00,B2752,2.791,2.4,2.6,118.99,-0.3690000000000002,19038.399999999998,20942.239999999998,3.16
2011-09-18 09:00:00,B2752,2.792,2.4,4.09,118.99,-1.8780000000000001,19038.399999999998,20942.239999999998,4.67
2011-09-18 10:00:00,B2752,2.792,2.4,5.02,118.99,-2.7780000000000005,19038.399999999998,20942.239999999998,5.57
2011-09-18 11:00:00,B2752,2.792,2.4,5.51,118.99,-3.1580000000000004,19038.399999999998,20942.239999999998,5.95
2011-09-18 12:00:00,B2752,4.982,2.4,5.66,118.99,-1.0179999999999998,19038.399999999998,20942.239999999998,6.0
2011-09-18 13:00:00,B2752,0.704,0.0,5.32,118.99,-4.936,19038.399999999998,20942.239999999998,5.64
2011-09-18 14:00:00,B2752,0.391,0.0,4.68,118.99,-4.619,19038.399999999998,20942.239999999998,5.01
2011-09-18 15:00:00,B2752,0.391,0.0,3.8,118.99,-3.7489999999999997,19038.399999999998,20942.239999999998,4.14
2011-09-18 16:00:00,B2752,0.391,0.0,2.6,118.99,-2.519,19038.399999999998,20942.239999999998,2.91
2011-09-18 17:00:00,B2752,0.704,0.0,0.83,118.99,-0.21600000000000008,19038.399999999998,20942.239999999998,0.92
2011-09-18 18:00:00,B2752,2.582,0.0,0.0,118.99,2.582,19038.399999999998,20942.239999999998,0.0
2011-09-18 19:00:00,B2752,3.208,0.0,0.0,118.99,3.208,19038.399999999998,20942.239999999998,0.0
2011-09-18 20:00:00,B2752,0.704,0.0,0.0,118.99,0.704,19038.399999999998,20942.239999999998,0.0
2011-09-18 21:00:00,B2752,0.704,0.0,0.0,118.99,0.704,19038.399999999998,20942.239999999998,0.0
2011-09-18 22:00:00,B2752,0.704,0.0,0.0,118.99,0.704,19038.399999999998,20942.239999999998,0.0
2011-09-18 23:00:00,B2752,0.391,0.0,0.0,118.99,0.391,19038.399999999998,20942.239999999998,0.0
2011-09-19 00:00:00,B2752,2.791,2.4,0.0,118.99,2.791,19038.399999999998,20942.239999999998,0.0
2011-09-19 01:00:00,B2752,2.791,2.4,0.0,118.99,2.791,19038.399999999998,20942.239999999998,0.0
2011-09-19 02:00:00,B2752,2.791,2.4,0.0,118.99,2.791,19038.399999999998,20942.239999999998,0.0
2011-09-19 03:00:00,B2752,2.791,2.4,0.0,118.99,2.791,19038.399999999998,20942.239999999998,0.0
2011-09-19 04:00:00,B2752,2.791,2.4,0.0,118.99,2.791,19038.399999999998,20942.239999999998,0.0
2011-09-19 05:00:00,B2752,0.704,0.0,0.0,118.99,0.704,19038.399999999998,20942.239999999998,0.0
2011-09-19 06:00:00,B2752,2.582,0.0,0.0,118.99,2.582,19038.399999999998,20942.239999999998,0.0
2011-09-19 07:00:00,B2752,0.705,0.0,1.01,118.99,-0.765,19038.399999999998,20942.239999999998,1.47
2011-09-19 08:00:00,B2752,0.392,0.0,2.28,118.99,-2.388,19038.399999999998,20942.239999999998,2.78
2011-09-19 09:00:00,B2752,0.391,0.0,3.6,118.99,-3.6790000000000003,19038.399999999998,20942.239999999998,4.07
2011-09-19 10:00:00,B2752,0.391,0.0,4.52,118.99,-4.509,19038.399999999998,20942.239999999998,4.9
2011-09-19 11:00:00,B2752,0.391,0.0,5.11,118.99,-5.019,19038.399999999998,20942.239999999998,5.41
2011-09-19 12:00:00,B2752,2.582,0.0,5.36,118.99,-3.058,19038.399999999998,20942.239999999998,5.64
2011-09-19 13:00:00,B2752,0.704,0.0,5.21,118.99,-4.816,19038.399999999998,20942.239999999998,5.52
2011-09-19 14:00:00,B2752,0.391,0.0,4.63,118.99,-4.579,19038.399999999998,20942.239999999998,4.97
2011-09-19 15:00:00,B2752,0.391,0.0,3.73,118.99,-3.689,19038.399999999998,20942.239999999998,4.08
2011-09-19 16:00:00,B2752,0.391,0.0,2.51,118.99,-2.419,19038.399999999998,20942.239999999998,2.81
2011-09-19 17:00:00,B2752,0.704,0.0,0.78,118.99,-0.16600000000000004,19038.399999999998,20942.239999999998,0.87
2011-09-19 18:00:00,B2752,2.582,0.0,0.0,118.99,2.582,19038.399999999998,20942.239999999998,0.0
2011-09-19 19:00:00,B2752,3.208,0.0,0.0,118.99,3.208,19038.399999999998,20942.239999999998,0.0
2011-09-19 20:00:00,B2752,0.704,0.0,0.0,118.99,0.704,19038.399999999998,20942.239999999998,0.0
2011-09-19 21:00:00,B2752,0.704,0.0,0.0,118.99,0.704,19038.399999999998,20942.239999999998,0.0
2011-09-19 22:00:00,B2752,0.704,0.0,0.0,118.99,0.704,19038.399999999998,20942.239999999998,0.0
2011-09-19 23:00:00,B2752,0.391,0.0,0.0,118.99,0.391,19038.399999999998,20942.239999999998,0.0
2011-09-20 00:00:00,B2752,2.791,2.4,0.0,118.99,2.791,19038.399999999998,20942.239999999998,0.0
2011-09-20 01:00:00,B2752,2.791,2.4,0.0,118.99,2.791,19038.399999999998,20942.239999999998,0.0
2011-09-20 02:00:00,B2752,2.791,2.4,0.0,118.99,2.791,19038.399999999998,20942.239999999998,0.0
2011-09-20 03:00:00,B2752,2.791,2.4,0.0,118.99,2.791,19038.399999999998,20942.239999999998,0.0
2011-09-20 04:00:00,B2752,2.791,2.4,0.0,118.99,2.791,19038.399999999998,20942.239999999998,0.0
2011-09-20 05:00:00,B2752,0.704,0.0,0.0,118.99,0.704,19038.399999999998,20942.239999999998,0.0
2011-09-20 06:00:00,B2752,2.582,0.0,0.0,118.99,2.582,19038.399999999998,20942.239999999998,0.0
2011-09-20 07:00:00,B2752,0.705,0.0,1.0,118.99,-0.775,19038.399999999998,20942.239999999998,1.48
2011-09-20 08:00:00,B2752,0.392,0.0,2.27,118.99,-2.398,19038.399999999998,20942.239999999998,2.79
2011-09-20 09:00:00,B2752,0.391,0.0,3.49,118.99,-3.569,19038.399999999998,20942.239999999998,3.96
2011-09-20 10:00:00,B2752,0.391,0.0,4.34,118.99,-4.329,19038.399999999998,20942.239999999998,4.72
2011-09-20 11:00:00,B2752,0.391,0.0,4.99,118.99,-4.899,19038.399999999998,20942.239999999998,5.29
2011-09-20 12:00:00,B2752,2.582,0.0,5.25,118.99,-2.9480000000000004,19038.399999999998,20942.239999999998,5.53
2011-09-20 13:00:00,B2752,0.704,0.0,5.11,118.99,-4.716,19038.399999999998,20942.239999999998,5.42
2011-09-20 14:00:00,B2752,0.391,0.0,4.54,118.99,-4.499,19038.399999999998,20942.239999999998,4.89
2011-09-20 15:00:00,B2752,0.391,0.0,3.66,118.99,-3.6289999999999996,19038.399999999998,20942.239999999998,4.02
2011-09-20 16:00:00,B2752,0.391,0.0,2.48,118.99,-2.409,19038.399999999998,20942.239999999998,2.8
2011-09-20 17:00:00,B2752,0.704,0.0,0.78,118.99,-0.15600000000000003,19038.399999999998,20942.239999999998,0.86
2011-09-20 18:00:00,B2752,2.582,0.0,0.0,118.99,2.582,19038.399999999998,20942.239999999998,0.0
2011-09-20 19:00:00,B2752,3.208,0.0,0.0,118.99,3.208,19038.399999999998,20942.239999999998,0.0
2011-09-20 20:00:00,B2752,0.704,0.0,0.0,118.99,0.704,19038.399999999998,20942.239999999998,0.0
2011-09-20 21:00:00,B2752,0.704,0.0,0.0,118.99,0.704,19038.399999999998,20942.239999999998,0.0
2011-09-20 22:00:00,B2752,0.704,0.0,0.0,118.99,0.704,19038.399999999998,20942.239999999998,0.0
2011-09-20 23:00:00,B2752,0.391,0.0,0.0,118.99,0.391,19038.399999999998,20942.239999999998,0.0
2011-09-21 00:00:00,B2752,2.791,2.4,0.0,118.99,2.791,19038.399999999998,20942.239999999998,0.0
2011-09-21 01:00:00,B2752,2.791,2.4,0.0,118.99,2.791,19038.399999999998,20942.239999999998,0.0
2011-09-21 02:00:00,B2752,2.791,2.4,0.0,118.99,2.791,19038.399999999998,20942.239999999998,0.0
2011-09-21 03:00:00,B2752,2.791,2.4,0.0,118.99,2.791,19038.399999999998,20942.239999999998,0.0
2011-09-21 04:00:00,B2752,2.791,2.4,0.0,118.99,2.791,19038.399999999998,20942.239999999998,0.0
2011-09-21 05:00:00,B2752,0.704,0.0,0.0,118.99,0.704,19038.399999999998,20942.239999999998,0.0
2011-09-21 06:00:00,B2752,2.582,0.0,0.0,118.99,2.582,19038.399999999998,20942.239999999998,0.0
2011-09-21 07:00:00,B2752,0.705,0.0,0.92,118.99,-0.6849999999999999,19038.399999999998,20942.239999999998,1.39
2011-09-21 08:00:00,B2752,0.392,0.0,2.2,118.99,-2.338,19038.399999999998,20942.239999999998,2.73
2011-09-21 09:00:00,B2752,0.391,0.0,3.41,118.99,-3.489,19038.399999999998,20942.239999999998,3.88
2011-09-21 10:00:00,B2752,0.391,0.0,4.27,118.99,-4.239,19038.399999999998,20942.239999999998,4.63
2011-09-21 11:00:00,B2752,0.391,0.0,4.89,118.99,-4.789,19038.399999999998,20942.239999999998,5.18
2011-09-21 12:00:00,B2752,2.582,0.0,5.17,118.99,-2.8680000000000003,19038.399999999998,20942.239999999998,5.45
2011-09-21 13:00:00,B2752,0.704,0.0,5.06,118.99,-4.686,19038.399999999998,20942.239999999998,5.39
2011-09-21 14:00:00,B2752,0.391,0.0,4.55,118.99,-4.549,19038.399999999998,20942.239999999998,4.94
2011-09-21 15:00:00,B2752,0.391,0.0,3.66,118.99,-3.6689999999999996,19038.399999999998,20942.239999999998,4.06
2011-09-21 16:00:00,B2752,0.391,0.0,2.46,118.99,-2.399,19038.399999999998,20942.239999999998,2.79
2011-09-21 17:00:00,B2752,0.704,0.0,0.73,118.99,-0.1060000000000001,19038.399999999998,20942.239999999998,0.81
2011-09-21 18:00:00,B2752,2.582,0.0,0.0,118.99,2.582,19038.399999999998,20942.239999999998,0.0
2011-09-21 19:00:00,B2752,3.208,0.0,0.0,118.99,3.208,19038.399999999998,20942.239999999998,0.0
2011-09-21 20:00:00,B2752,0.704,0.0,0.0,118.99,0.704,19038.399999999998,20942.239999999998,0.0
2011-09-21 21:00:00,B2752,0.704,0.0,0.0,118.99,0.704,19038.399999999998,20942.239999999998,0.0
2011-09-21 22:00:00,B2752,0.704,0.0,0.0,118.99,0.704,19038.399999999998,20942.239999999998,0.0
2011-09-21 23:00:00,B2752,0.391,0.0,0.0,118.99,0.391,19038.399999999998,20942.239999999998,0.0
2011-09-22 00:00:00,B2752,2.791,2.4,0.0,118.99,2.791,19038.399999999998,20942.239999999998,0.0
2011-09-22 01:00:00,B2752,2.791,2.4,0.0,118.99,2.791,19038.399999999998,20942.239999999998,0.0
2011-09-22 02:00:00,B2752,2.791,2.4,0.0,118.99,2.791,19038.399999999998,20942.239999999998,0.0
2011-09-22 03:00:00,B2752,2.791,2.4,0.0,118.99,2.791,19038.399999999998,20942.239999999998,0.0
2011-09-22 04:00:00,B2752,2.791,2.4,0.0,118.99,2.791,19038.399999999998,20942.239999999998,0.0
2011-09-22 05:00:00,B2752,0.704,0.0,0.0,118.99,0.704,19038.399999999998,20942.239999999998,0.0
2011-09-22 06:00:00,B2752,2.582,0.0,0.0,118.99,2.582,19038.399999999998,20942.239999999998,0.0
2011-09-22 07:00:00,B2752,0.705,0.0,1.04,118.99,-0.8350000000000001,19038.399999999998,20942.239999999998,1.54
2011-09-22 08:00:00,B2752,0.392,0.0,2.2,118.99,-2.358,19038.399999999998,20942.239999999998,2.75
2011-09-22 09:00:00,B2752,0.391,0.0,3.46,118.99,-3.579,19038.399999999998,20942.239999999998,3.97
2011-09-22 10:00:00,B2752,0.391,0.0,4.32,118.99,-4.329,19038.399999999998,20942.239999999998,4.72
2011-09-22 11:00:00,B2752,0.391,0.0,4.92,118.99,-4.849,19038.399999999998,20942.239999999998,5.24
2011-09-22 12:00:00,B2752,2.582,0.0,5.27,118.99,-3.008,19038.399999999998,20942.239999999998,5.59
2011-09-22 13:00:00,B2752,0.704,0.0,5.07,118.99,-4.716,19038.399999999998,20942.239999999998,5.42
2011-09-22 14:00:00,B2752,0.391,0.0,4.48,118.99,-4.449,19038.399999999998,20942.239999999998,4.84
2011-09-22 15:00:00,B2752,0.391,0.0,3.51,118.99,-3.489,19038.399999999998,20942.239999999998,3.88
2011-09-22 16:00:00,B2752,0.391,0.0,2.18,118.99,-2.079,19038.399999999998,20942.239999999998,2.47
2011-09-22 17:00:00,B2752,0.704,0.0,0.83,118.99,-0.18600000000000005,19038.399999999998,20942.239999999998,0.89
2011-09-22 18:00:00,B2752,2.582,0.0,0.0,118.99,2.582,19038.399999999998,20942.239999999998,0.0
2011-09-22 19:00:00,B2752,3.208,0.0,0.0,118.99,3.208,19038.399999999998,20942.239999999998,0.0
2011-09-22 20:00:00,B2752,0.704,0.0,0.0,118.99,0.704,19038.399999999998,20942.239999999998,0.0
2011-09-22 21:00:00,B2752,0.704,0.0,0.0,118.99,0.704,19038.399999999998,20942.239999999998,0.0
2011-09-22 22:00:00,B2752,0.704,0.0,0.0,118.99,0.704,19038.399999999998,20942.239999999998,0.0
2011-09-22 23:00:00,B2752,0.391,0.0,0.0,118.99,0.391,19038.399999999998,20942.239999999998,0.0
2011-09-23 00:00:00,B2752,2.791,2.4,0.0,118.99,2.791,19038.399999999998,20942.239999999998,0.0
2011-09-23 01:00:00,B2752,2.791,2.4,0.0,118.99,2.791,19038.399999999998,20942.239999999998,0.0
2011-09-23 02:00:00,B2752,2.791,2.4,0.0,118.99,2.791,19038.399999999998,20942.239999999998,0.0
2011-09-23 03:00:00,B2752,2.791,2.4,0.0,118.99,2.791,19038.399999999998,20942.239999999998,0.0
2011-09-23 04:00:00,B2752,2.791,2.4,0.0,118.99,2.791,19038.399999999998,20942.239999999998,0.0
2011-09-23 05:00:00,B2752,0.704,0.0,0.0,118.99,0.704,19038.399999999998,20942.239999999998,0.0
2011-09-23 06:00:00,B2752,2.582,0.0,0.0,118.99,2.582,19038.399999999998,20942.239999999998,0.0
2011-09-23 07:00:00,B2752,0.705,0.0,1.08,118.99,-0.45499999999999996,19038.399999999998,20942.239999999998,1.16
2011-09-23 08:00:00,B2752,0.392,0.0,1.88,118.99,-1.7480000000000002,19038.399999999998,20942.239999999998,2.14
2011-09-23 09:00:00,B2752,0.391,0.0,2.79,118.99,-2.769,19038.399999999998,20942.239999999998,3.16
2011-09-23 10:00:00,B2752,0.391,0.0,3.82,118.99,-3.949,19038.399999999998,20942.239999999998,4.34
2011-09-23 11:00:00,B2752,0.391,0.0,4.81,118.99,-4.899,19038.399999999998,20942.239999999998,5.29
2011-09-23 12:00:00,B2752,2.582,0.0,4.95,118.99,-2.758,19038.399999999998,20942.239999999998,5.34
2011-09-23 13:00:00,B2752,0.704,0.0,4.65,118.99,-4.336,19038.399999999998,20942.239999999998,5.04
2011-09-23 14:00:00,B2752,0.391,0.0,4.13,118.99,-4.139,19038.399999999998,20942.239999999998,4.53
2011-09-23 15:00:00,B2752,0.391,0.0,3.01,118.99,-2.989,19038.399999999998,20942.239999999998,3.38
2011-09-23 16:00:00,B2752,0.391,0.0,2.01,118.99,-1.899,19038.399999999998,20942.239999999998,2.29
2011-09-23 17:00:00,B2752,0.704,0.0,0.58,118.99,0.07399999999999995,19038.399999999998,20942.239999999998,0.63
2011-09-23 18:00:00,B2752,2.582,0.0,0.0,118.99,2.582,19038.399999999998,20942.239999999998,0.0
2011-09-23 19:00:00,B2752,3.208,0.0,0.0,118.99,3.208,19038.399999999998,20942.239999999998,0.0
2011-09-23 20:00:00,B2752,0.704,0.0,0.0,118.99,0.704,19038.399999999998,20942.239999999998,0.0
2011-09-23 21:00:00,B2752,0.704,0.0,0.0,118.99,0.704,19038.399999999998,20942.239999999998,0.0
2011-09-23 22:00:00,B2752,0.704,0.0,0.0,118.99,0.704,19038.399999999998,20942.239999999998,0.0
2011-09-23 23:00:00,B2752,0.391,0.0,0.0,118.99,0.391,19038.399999999998,20942.239999999998,0.0
2011-09-24 00:00:00,B2752,0.391,0.0,0.0,118.99,0.391,19038.399999999998,20942.239999999998,0.0
2011-09-24 01:00:00,B2752,0.391,0.0,0.0,118.99,0.391,19038.399999999998,20942.239999999998,0.0
2011-09-24 02:00:00,B2752,0.391,0.0,0.0,118.99,0.391,19038.399999999998,20942.239999999998,0.0
2011-09-24 03:00:00,B2752,0.391,0.0,0.0,118.99,0.391,19038.399999999998,20942.239999999998,0.0
2011-09-24 04:00:00,B2752,0.391,0.0,0.0,118.99,0.391,19038.399999999998,20942.239999999998,0.0
2011-09-24 05:00:00,B2752,0.704,0.0,0.0,118.99,0.704,19038.399999999998,20942.239999999998,0.0
2011-09-24 06:00:00,B2752,2.581,0.0,0.0,118.99,2.581,19038.399999999998,20942.239999999998,0.0
2011-09-24 07:00:00,B2752,0.704,0.0,1.0,118.99,-0.766,19038.399999999998,20942.239999999998,1.47
2011-09-24 08:00:00,B2752,2.792,2.4,2.04,118.99,0.21199999999999974,19038.399999999998,20942.239999999998,2.58
2011-09-24 09:00:00,B2752,2.792,2.4,3.33,118.99,-1.088,19038.399999999998,20942.239999999998,3.88
2011-09-24 10:00:00,B2752,2.792,2.4,4.01,118.99,-1.7080000000000002,19038.399999999998,20942.239999999998,4.5
2011-09-24 11:00:00,B2752,2.792,2.4,4.15,118.99,-1.7780000000000005,19038.399999999998,20942.239999999998,4.57
2011-09-24 12:00:00,B2752,4.982,2.4,4.7,118.99,-0.1280000000000001,19038.399999999998,20942.239999999998,5.11
2011-09-24 13:00:00,B2752,0.704,0.0,4.85,118.99,-4.566,19038.399999999998,20942.239999999998,5.27
2011-09-24 14:00:00,B2752,0.391,0.0,4.07,118.99,-4.059,19038.399999999998,20942.239999999998,4.45
2011-09-24 15:00:00,B2752,0.391,0.0,3.2,118.99,-3.199,19038.399999999998,20942.239999999998,3.59
2011-09-24 16:00:00,B2752,0.391,0.0,2.24,118.99,-2.169,19038.399999999998,20942.239999999998,2.56
2011-09-24 17:00:00,B2752,0.704,0.0,0.73,118.99,-0.08600000000000008,19038.399999999998,20942.239999999998,0.79
2011-09-24 18:00:00,B2752,2.582,0.0,0.0,118.99,2.582,19038.399999999998,20942.239999999998,0.0
2011-09-24 19:00:00,B2752,3.208,0.0,0.0,118.99,3.208,19038.399999999998,20942.239999999998,0.0
2011-09-24 20:00:00,B2752,0.704,0.0,0.0,118.99,0.704,19038.399999999998,20942.239999999998,0.0
2011-09-24 21:00:00,B2752,0.704,0.0,0.0,118.99,0.704,19038.399999999998,20942.239999999998,0.0
2011-09-24 22:00:00,B2752,0.704,0.0,0.0,118.99,0.704,19038.399999999998,20942.239999999998,0.0
2011-09-24 23:00:00,B2752,0.391,0.0,0.0,118.99,0.391,19038.399999999998,20942.239999999998,0.0
2011-09-25 00:00:00,B2752,0.391,0.0,0.0,118.99,0.391,19038.399999999998,20942.239999999998,0.0
2011-09-25 01:00:00,B2752,0.391,0.0,0.0,118.99,0.391,19038.399999999998,20942.239999999998,0.0
2011-09-25 02:00:00,B2752,0.391,0.0,0.0,118.99,0.391,19038.399999999998,20942.239999999998,0.0
2011-09-25 03:00:00,B2752,0.391,0.0,0.0,118.99,0.391,19038.399999999998,20942.239999999998,0.0
2011-09-25 04:00:00,B2752,0.391,0.0,0.0,118.99,0.391,19038.399999999998,20942.239999999998,0.0
2011-09-25 05:00:00,B2752,0.704,0.0,0.0,118.99,0.704,19038.399999999998,20942.239999999998,0.0
2011-09-25 06:00:00,B2752,2.581,0.0,0.0,118.99,2.581,19038.399999999998,20942.239999999998,0.0
2011-09-25 07:00:00,B2752,0.704,0.0,0.74,118.99,-0.516,19038.399999999998,20942.239999999998,1.22
2011-09-25 08:00:00,B2752,2.791,2.4,1.87,118.99,0.3809999999999998,19038.399999999998,20942.239999999998,2.41
2011-09-25 09:00:00,B2752,2.792,2.4,3.16,118.99,-0.8680000000000003,19038.399999999998,20942.239999999998,3.66
2011-09-25 10:00:00,B2752,2.792,2.4,4.18,118.99,-1.8280000000000003,19038.399999999998,20942.239999999998,4.62
2011-09-25 11:00:00,B2752,2.792,2.4,5.09,118.99,-2.708,19038.399999999998,20942.239999999998,5.5
2011-09-25 12:00:00,B2752,4.982,2.4,5.48,118.99,-0.8979999999999997,19038.399999999998,20942.239999999998,5.88
2011-09-25 13:00:00,B2752,0.704,0.0,5.26,118.99,-4.986000000000001,19038.399999999998,20942.239999999998,5.69
2011-09-25 14:00:00,B2752,0.391,0.0,4.65,118.99,-4.719,19038.399999999998,20942.239999999998,5.11
2011-09-25 15:00:00,B2752,0.391,0.0,3.65,118.99,-3.7190000000000003,19038.399999999998,20942.239999999998,4.11
2011-09-25 16:00:00,B2752,0.391,0.0,2.17,118.99,-2.079,19038.399999999998,20942.239999999998,2.47
2011-09-25 17:00:00,B2752,0.704,0.0,0.7,118.99,-0.03600000000000003,19038.399999999998,20942.239999999998,0.74
2011-09-25 18:00:00,B2752,2.582,0.0,0.0,118.99,2.582,19038.399999999998,20942.239999999998,0.0
2011-09-25 19:00:00,B2752,3.208,0.0,0.0,118.99,3.208,19038.399999999998,20942.239999999998,0.0
2011-09-25 20:00:00,B2752,0.704,0.0,0.0,118.99,0.704,19038.399999999998,20942.239999999998,0.0
2011-09-25 21:00:00,B2752,0.704,0.0,0.0,118.99,0.704,19038.399999999998,20942.239999999998,0.0
2011-09-25 22:00:00,B2752,0.704,0.0,0.0,118.99,0.704,19038.399999999998,20942.239999999998,0.0
2011-09-25 23:00:00,B2752,0.391,0.0,0.0,118.99,0.391,19038.399999999998,20942.239999999998,0.0
2011-09-26 00:00:00,B2752,2.791,2.4,0.0,118.99,2.791,19038.399999999998,20942.239999999998,0.0
2011-09-26 01:00:00,B2752,2.791,2.4,0.0,118.99,2.791,19038.399999999998,20942.239999999998,0.0
2011-09-26 02:00:00,B2752,2.791,2.4,0.0,118.99,2.791,19038.399999999998,20942.239999999998,0.0
2011-09-26 03:00:00,B2752,2.791,2.4,0.0,118.99,2.791,19038.399999999998,20942.239999999998,0.0
2011-09-26 04:00:00,B2752,2.791,2.4,0.0,118.99,2.791,19038.399999999998,20942.239999999998,0.0
2011-09-26 05:00:00,B2752,0.704,0.0,0.0,118.99,0.704,19038.399999999998,20942.239999999998,0.0
2011-09-26 06:00:00,B2752,2.582,0.0,0.0,118.99,2.582,19038.399999999998,20942.239999999998,0.0
2011-09-26 07:00:00,B2752,0.705,0.0,0.62,118.99,-0.3850000000000001,19038.399999999998,20942.239999999998,1.09
2011-09-26 08:00:00,B2752,0.392,0.0,1.66,118.99,-1.758,19038.399999999998,20942.239999999998,2.15
2011-09-26 09:00:00,B2752,0.391,0.0,2.87,118.99,-2.939,19038.399999999998,20942.239999999998,3.33
2011-09-26 10:00:00,B2752,0.391,0.0,3.76,118.99,-3.739,19038.399999999998,20942.239999999998,4.13
2011-09-26 11:00:00,B2752,0.391,0.0,4.41,118.99,-4.309,19038.399999999998,20942.239999999998,4.7
2011-09-26 12:00:00,B2752,2.582,0.0,4.7,118.99,-2.3980000000000006,19038.399999999998,20942.239999999998,4.98
2011-09-26 13:00:00,B2752,0.704,0.0,4.57,118.99,-4.176,19038.399999999998,20942.239999999998,4.88
2011-09-26 14:00:00,B2752,0.391,0.0,4.04,118.99,-3.9989999999999997,19038.399999999998,20942.239999999998,4.39
2011-09-26 15:00:00,B2752,0.391,0.0,3.19,118.99,-3.129,19038.399999999998,20942.239999999998,3.52
2011-09-26 16:00:00,B2752,0.391,0.0,2.07,118.99,-1.9889999999999999,19038.399999999998,20942.239999999998,2.38
2011-09-26 17:00:00,B2752,0.704,0.0,0.57,118.99,0.05399999999999994,19038.399999999998,20942.239999999998,0.65
2011-09-26 18:00:00,B2752,2.582,0.0,0.0,118.99,2.582,19038.399999999998,20942.239999999998,0.0
2011-09-26 19:00:00,B2752,3.208,0.0,0.0,118.99,3.208,19038.399999999998,20942.239999999998,0.0
2011-09-26 20:00:00,B2752,0.704,0.0,0.0,118.99,0.704,19038.399999999998,20942.239999999998,0.0
2011-09-26 21:00:00,B2752,0.704,0.0,0.0,118.99,0.704,19038.399999999998,20942.239999999998,0.0
2011-09-26 22:00:00,B2752,0.704,0.0,0.0,118.99,0.704,19038.399999999998,20942.239999999998,0.0
2011-09-26 23:00:00,B2752,0.391,0.0,0.0,118.99,0.391,19038.399999999998,20942.239999999998,0.0
2011-09-27 00:00:00,B2752,2.791,2.4,0.0,118.99,2.791,19038.399999999998,20942.239999999998,0.0
2011-09-27 01:00:00,B2752,2.791,2.4,0.0,118.99,2.791,19038.399999999998,20942.239999999998,0.0
2011-09-27 02:00:00,B2752,2.791,2.4,0.0,118.99,2.791,19038.399999999998,20942.239999999998,0.0
2011-09-27 03:00:00,B2752,2.791,2.4,0.0,118.99,2.791,19038.399999999998,20942.239999999998,0.0
2011-09-27 04:00:00,B2752,2.791,2.4,0.0,118.99,2.791,19038.399999999998,20942.239999999998,0.0
2011-09-27 05:00:00,B2752,0.704,0.0,0.0,118.99,0.704,19038.399999999998,20942.239999999998,0.0
2011-09-27 06:00:00,B2752,2.582,0.0,0.0,118.99,2.582,19038.399999999998,20942.239999999998,0.0
2011-09-27 07:00:00,B2752,0.705,0.0,0.69,118.99,-0.45499999999999996,19038.399999999998,20942.239999999998,1.16
2011-09-27 08:00:00,B2752,0.392,0.0,1.82,118.99,-1.988,19038.399999999998,20942.239999999998,2.38
2011-09-27 09:00:00,B2752,0.391,0.0,2.98,118.99,-3.099,19038.399999999998,20942.239999999998,3.49
2011-09-27 10:00:00,B2752,0.391,0.0,3.82,118.99,-3.8390000000000004,19038.399999999998,20942.239999999998,4.23
2011-09-27 11:00:00,B2752,0.391,0.0,4.49,118.99,-4.439,19038.399999999998,20942.239999999998,4.83
2011-09-27 12:00:00,B2752,2.582,0.0,4.77,118.99,-2.508,19038.399999999998,20942.239999999998,5.09
2011-09-27 13:00:00,B2752,0.704,0.0,4.6,118.99,-4.246,19038.399999999998,20942.239999999998,4.95
2011-09-27 14:00:00,B2752,0.391,0.0,4.08,118.99,-4.079,19038.399999999998,20942.239999999998,4.47
2011-09-27 15:00:00,B2752,0.391,0.0,3.14,118.99,-3.129,19038.399999999998,20942.239999999998,3.52
2011-09-27 16:00:00,B2752,0.391,0.0,1.97,118.99,-1.8889999999999998,19038.399999999998,20942.239999999998,2.28
2011-09-27 17:00:00,B2752,0.704,0.0,0.53,118.99,0.11399999999999999,19038.399999999998,20942.239999999998,0.59
2011-09-27 18:00:00,B2752,2.582,0.0,0.0,118.99,2.582,19038.399999999998,20942.239999999998,0.0
2011-09-27 19:00:00,B2752,3.208,0.0,0.0,118.99,3.208,19038.399999999998,20942.239999999998,0.0
2011-09-27 20:00:00,B2752,0.704,0.0,0.0,118.99,0.704,19038.399999999998,20942.239999999998,0.0
2011-09-27 21:00:00,B2752,0.704,0.0,0.0,118.99,0.704,19038.399999999998,20942.239999999998,0.0
2011-09-27 22:00:00,B2752,0.704,0.0,0.0,118.99,0.704,19038.399999999998,20942.239999999998,0.0
2011-09-27 23:00:00,B2752,0.391,0.0,0.0,118.99,0.391,19038.399999999998,20942.239999999998,0.0
2011-09-28 00:00:00,B2752,2.791,2.4,0.0,118.99,2.791,19038.399999999998,20942.239999999998,0.0
2011-09-28 01:00:00,B2752,2.791,2.4,0.0,118.99,2.791,19038.399999999998,20942.239999999998,0.0
2011-09-28 02:00:00,B2752,2.791,2.4,0.0,118.99,2.791,19038.399999999998,20942.239999999998,0.0
2011-09-28 03:00:00,B2752,2.791,2.4,0.0,118.99,2.791,19038.399999999998,20942.239999999998,0.0
2011-09-28 04:00:00,B2752,2.791,2.4,0.0,118.99,2.791,19038.399999999998,20942.239999999998,0.0
2011-09-28 05:00:00,B2752,0.704,0.0,0.0,118.99,0.704,19038.399999999998,20942.239999999998,0.0
2011-09-28 06:00:00,B2752,2.582,0.0,0.0,118.99,2.582,19038.399999999998,20942.239999999998,0.0
2011-09-28 07:00:00,B2752,0.705,0.0,0.6,118.99,-0.3650000000000001,19038.399999999998,20942.239999999998,1.07
2011-09-28 08:00:00,B2752,0.392,0.0,1.5,118.99,-1.5979999999999999,19038.399999999998,20942.239999999998,1.99
2011-09-28 09:00:00,B2752,0.391,0.0,2.64,118.99,-2.709,19038.399999999998,20942.239999999998,3.1
2011-09-28 10:00:00,B2752,0.391,0.0,3.55,118.99,-3.529,19038.399999999998,20942.239999999998,3.92
2011-09-28 11:00:00,B2752,0.391,0.0,4.18,118.99,-4.089,19038.399999999998,20942.239999999998,4.48
2011-09-28 12:00:00,B2752,2.582,0.0,4.44,118.99,-2.1480000000000006,19038.399999999998,20942.239999999998,4.73
2011-09-28 13:00:00,B2752,0.704,0.0,4.36,118.99,-3.9960000000000004,19038.399999999998,20942.239999999998,4.7
2011-09-28 14:00:00,B2752,0.391,0.0,3.87,118.99,-3.859,19038.399999999998,20942.239999999998,4.25
2011-09-28 15:00:00,B2752,0.391,0.0,3.04,118.99,-3.039,19038.399999999998,20942.239999999998,3.43
2011-09-28 16:00:00,B2752,0.391,0.0,1.93,118.99,-1.839,19038.399999999998,20942.239999999998,2.23
2011-09-28 17:00:00,B2752,0.704,0.0,0.52,118.99,0.134,19038.399999999998,20942.239999999998,0.57
2011-09-28 18:00:00,B2752,2.582,0.0,0.0,118.99,2.582,19038.399999999998,20942.239999999998,0.0
2011-09-28 19:00:00,B2752,3.208,0.0,0.0,118.99,3.208,19038.399999999998,20942.239999999998,0.0
2011-09-28 20:00:00,B2752,0.704,0.0,0.0,118.99,0.704,19038.399999999998,20942.239999999998,0.0
2011-09-28 21:00:00,B2752,0.704,0.0,0.0,118.99,0.704,19038.399999999998,20942.239999999998,0.0
2011-09-28 22:00:00,B2752,0.704,0.0,0.0,118.99,0.704,19038.399999999998,20942.239999999998,0.0
2011-09-28 23:00:00,B2752,0.391,0.0,0.0,118.99,0.391,19038.399999999998,20942.239999999998,0.0
2011-09-29 00:00:00,B2752,2.791,2.4,0.0,118.99,2.791,19038.399999999998,20942.239999999998,0.0
2011-09-29 01:00:00,B2752,2.791,2.4,0.0,118.99,2.791,19038.399999999998,20942.239999999998,0.0
2011-09-29 02:00:00,B2752,2.791,2.4,0.0,118.99,2.791,19038.399999999998,20942.239999999998,0.0
2011-09-29 03:00:00,B2752,2.791,2.4,0.0,118.99,2.791,19038.399999999998,20942.239999999998,0.0
2011-09-29 04:00:00,B2752,2.791,2.4,0.0,118.99,2.791,19038.399999999998,20942.239999999998,0.0
2011-09-29 05:00:00,B2752,0.704,0.0,0.0,118.99,0.704,19038.399999999998,20942.239999999998,0.0
2011-09-29 06:00:00,B2752,2.582,0.0,0.0,118.99,2.582,19038.399999999998,20942.239999999998,0.0
2011-09-29 07:00:00,B2752,0.705,0.0,0.69,118.99,-0.43499999999999994,19038.399999999998,20942.239999999998,1.14
2011-09-29 08:00:00,B2752,0.392,0.0,1.83,118.99,-1.9980000000000002,19038.399999999998,20942.239999999998,2.39
2011-09-29 09:00:00,B2752,0.391,0.0,3.05,118.99,-3.219,19038.399999999998,20942.239999999998,3.61
2011-09-29 10:00:00,B2752,0.391,0.0,3.9,118.99,-3.989,19038.399999999998,20942.239999999998,4.38
2011-09-29 11:00:00,B2752,0.391,0.0,4.39,118.99,-4.369,19038.399999999998,20942.239999999998,4.76
2011-09-29 12:00:00,B2752,2.582,0.0,4.51,118.99,-2.258,19038.399999999998,20942.239999999998,4.84
2011-09-29 13:00:00,B2752,0.704,0.0,4.35,118.99,-4.006,19038.399999999998,20942.239999999998,4.71
2011-09-29 14:00:00,B2752,0.391,0.0,3.77,118.99,-3.739,19038.399999999998,20942.239999999998,4.13
2011-09-29 15:00:00,B2752,0.391,0.0,2.94,118.99,-2.919,19038.399999999998,20942.239999999998,3.31
2011-09-29 16:00:00,B2752,0.391,0.0,1.89,118.99,-1.8090000000000002,19038.399999999998,20942.239999999998,2.2
2011-09-29 17:00:00,B2752,0.704,0.0,0.52,118.99,0.134,19038.399999999998,20942.239999999998,0.57
2011-09-29 18:00:00,B2752,2.582,0.0,0.0,118.99,2.582,19038.399999999998,20942.239999999998,0.0
2011-09-29 19:00:00,B2752,3.208,0.0,0.0,118.99,3.208,19038.399999999998,20942.239999999998,0.0
2011-09-29 20:00:00,B2752,0.704,0.0,0.0,118.99,0.704,19038.399999999998,20942.239999999998,0.0
2011-09-29 21:00:00,B2752,0.704,0.0,0.0,118.99,0.704,19038.399999999998,20942.239999999998,0.0
2011-09-29 22:00:00,B2752,0.704,0.0,0.0,118.99,0.704,19038.399999999998,20942.239999999998,0.0
2011-09-29 23:00:00,B2752,0.391,0.0,0.0,118.99,0.391,19038.399999999998,20942.239999999998,0.0
2011-09-30 00:00:00,B2752,2.791,2.4,0.0,118.99,2.791,19038.399999999998,20942.239999999998,0.0
2011-09-30 01:00:00,B2752,2.791,2.4,0.0,118.99,2.791,19038.399999999998,20942.239999999998,0.0
2011-09-30 02:00:00,B2752,2.791,2.4,0.0,118.99,2.791,19038.399999999998,20942.239999999998,0.0
2011-09-30 03:00:00,B2752,2.791,2.4,0.0,118.99,2.791,19038.399999999998,20942.239999999998,0.0
2011-09-30 04:00:00,B2752,2.791,2.4,0.0,118.99,2.791,19038.399999999998,20942.239999999998,0.0
2011-09-30 05:00:00,B2752,0.704,0.0,0.0,118.99,0.704,19038.399999999998,20942.239999999998,0.0
2011-09-30 06:00:00,B2752,2.582,0.0,0.0,118.99,2.582,19038.399999999998,20942.239999999998,0.0
2011-09-30 07:00:00,B2752,0.705,0.0,0.65,118.99,-0.40500000000000014,19038.399999999998,20942.239999999998,1.11
2011-09-30 08:00:00,B2752,0.392,0.0,1.61,118.99,-1.758,19038.399999999998,20942.239999999998,2.15
2011-09-30 09:00:00,B2752,0.391,0.0,3.19,118.99,-3.389,19038.399999999998,20942.239999999998,3.78
2011-09-30 10:00:00,B2752,0.391,0.0,4.14,118.99,-4.269,19038.399999999998,20942.239999999998,4.66
2011-09-30 11:00:00,B2752,0.391,0.0,4.43,118.99,-4.409,19038.399999999998,20942.239999999998,4.8
2011-09-30 12:00:00,B2752,2.582,0.0,4.42,118.99,-2.1480000000000006,19038.399999999998,20942.239999999998,4.73
2011-09-30 13:00:00,B2752,0.704,0.0,4.22,118.99,-3.846,19038.399999999998,20942.239999999998,4.55
2011-09-30 14:00:00,B2752,0.391,0.0,3.72,118.99,-3.699,19038.399999999998,20942.239999999998,4.09
2011-09-30 15:00:00,B2752,0.391,0.0,2.93,118.99,-2.919,19038.399999999998,20942.239999999998,3.31
2011-09-30 16:00:00,B2752,0.391,0.0,1.83,118.99,-1.749,19038.399999999998,20942.239999999998,2.14
2011-09-30 17:00:00,B2752,0.704,0.0,0.46,118.99,0.19399999999999995,19038.399999999998,20942.239999999998,0.51
2011-09-30 18:00:00,B2752,2.582,0.0,0.0,118.99,2.582,19038.399999999998,20942.239999999998,0.0
2011-09-30 19:00:00,B2752,3.208,0.0,0.0,118.99,3.208,19038.399999999998,20942.239999999998,0.0
2011-09-30 20:00:00,B2752,0.704,0.0,0.0,118.99,0.704,19038.399999999998,20942.239999999998,0.0
2011-09-30 21:00:00,B2752,0.704,0.0,0.0,118.99,0.704,19038.399999999998,20942.239999999998,0.0
2011-09-30 22:00:00,B2752,0.704,0.0,0.0,118.99,0.704,19038.399999999998,20942.239999999998,0.0
2011-09-30 23:00:00,B2752,0.391,0.0,0.0,118.99,0.391,19038.399999999998,20942.239999999998,0.0
2011-10-01 00:00:00,B2752,0.391,0.0,0.0,118.99,0.391,19038.399999999998,20942.239999999998,0.0
2011-10-01 01:00:00,B2752,0.391,0.0,0.0,118.99,0.391,19038.399999999998,20942.239999999998,0.0
2011-10-01 02:00:00,B2752,0.391,0.0,0.0,118.99,0.391,19038.399999999998,20942.239999999998,0.0
2011-10-01 03:00:00,B2752,0.391,0.0,0.0,118.99,0.391,19038.399999999998,20942.239999999998,0.0
2011-10-01 04:00:00,B2752,0.391,0.0,0.0,118.99,0.391,19038.399999999998,20942.239999999998,0.0
2011-10-01 05:00:00,B2752,0.704,0.0,0.0,118.99,0.704,19038.399999999998,20942.239999999998,0.0
2011-10-01 06:00:00,B2752,2.581,0.0,0.0,118.99,2.581,19038.399999999998,20942.239999999998,0.0
2011-10-01 07:00:00,B2752,0.704,0.0,0.5,118.99,-0.246,19038.399999999998,20942.239999999998,0.95
2011-10-01 08:00:00,B2752,2.792,2.4,1.21,118.99,1.1019999999999999,19038.399999999998,20942.239999999998,1.69
2011-10-01 09:00:00,B2752,2.792,2.4,2.26,118.99,0.09199999999999964,19038.399999999998,20942.239999999998,2.7
2011-10-01 10:00:00,B2752,2.792,2.4,3.11,118.99,-0.6780000000000004,19038.399999999998,20942.239999999998,3.47
2011-10-01 11:00:00,B2752,2.792,2.4,3.72,118.99,-1.2080000000000002,19038.399999999998,20942.239999999998,4.0
2011-10-01 12:00:00,B2752,4.982,2.4,3.99,118.99,0.7120000000000006,19038.399999999998,20942.239999999998,4.27
2011-10-01 13:00:00,B2752,0.704,0.0,3.93,118.99,-3.5360000000000005,19038.399999999998,20942.239999999998,4.24
2011-10-01 14:00:00,B2752,0.391,0.0,3.46,118.99,-3.419,19038.399999999998,20942.239999999998,3.81
2011-10-01 15:00:00,B2752,0.391,0.0,2.65,118.99,-2.589,19038.399999999998,20942.239999999998,2.98
2011-10-01 16:00:00,B2752,0.391,0.0,1.53,118.99,-1.399,19038.399999999998,20942.239999999998,1.79
2011-10-01 17:00:00,B2752,0.704,0.0,0.0,118.99,0.694,19038.399999999998,20942.239999999998,0.01
2011-10-01 18:00:00,B2752,2.582,0.0,0.0,118.99,2.582,19038.399999999998,20942.239999999998,0.0
2011-10-01 19:00:00,B2752,3.208,0.0,0.0,118.99,3.208,19038.399999999998,20942.239999999998,0.0
2011-10-01 20:00:00,B2752,0.704,0.0,0.0,118.99,0.704,19038.399999999998,20942.239999999998,0.0
2011-10-01 21:00:00,B2752,0.704,0.0,0.0,118.99,0.704,19038.399999999998,20942.239999999998,0.0
2011-10-01 22:00:00,B2752,0.704,0.0,0.0,118.99,0.704,19038.399999999998,20942.239999999998,0.0
2011-10-01 23:00:00,B2752,0.391,0.0,0.0,118.99,0.391,19038.399999999998,20942.239999999998,0.0
2011-10-02 00:00:00,B2752,0.391,0.0,0.0,118.99,0.391,19038.399999999998,20942.239999999998,0.0
2011-10-02 01:00:00,B2752,0.391,0.0,0.0,118.99,0.391,19038.399999999998,20942.239999999998,0.0
2011-10-02 02:00:00,B2752,0.391,0.0,0.0,118.99,0.391,19038.399999999998,20942.239999999998,0.0
2011-10-02 03:00:00,B2752,0.391,0.0,0.0,118.99,0.391,19038.399999999998,20942.239999999998,0.0
2011-10-02 04:00:00,B2752,0.391,0.0,0.0,118.99,0.391,19038.399999999998,20942.239999999998,0.0
2011-10-02 05:00:00,B2752,0.704,0.0,0.0,118.99,0.704,19038.399999999998,20942.239999999998,0.0
2011-10-02 06:00:00,B2752,2.581,0.0,0.0,118.99,2.581,19038.399999999998,20942.239999999998,0.0
2011-10-02 07:00:00,B2752,0.704,0.0,0.57,118.99,-0.30600000000000005,19038.399999999998,20942.239999999998,1.01
2011-10-02 08:00:00,B2752,2.791,2.4,1.29,118.99,0.9809999999999999,19038.399999999998,20942.239999999998,1.81
2011-10-02 09:00:00,B2752,2.792,2.4,2.54,118.99,-0.258,19038.399999999998,20942.239999999998,3.05
2011-10-02 10:00:00,B2752,2.792,2.4,3.42,118.99,-1.048,19038.399999999998,20942.239999999998,3.84
2011-10-02 11:00:00,B2752,2.792,2.4,3.82,118.99,-1.338,19038.399999999998,20942.239999999998,4.13
2011-10-02 12:00:00,B2752,4.982,2.4,4.05,118.99,0.6320000000000006,19038.399999999998,20942.239999999998,4.35
2011-10-02 13:00:00,B2752,0.704,0.0,4.09,118.99,-3.7360000000000007,19038.399999999998,20942.239999999998,4.44
2011-10-02 14:00:00,B2752,0.391,0.0,3.89,118.99,-3.939,19038.399999999998,20942.239999999998,4.33
2011-10-02 15:00:00,B2752,0.391,0.0,3.22,118.99,-3.309,19038.399999999998,20942.239999999998,3.7
2011-10-02 16:00:00,B2752,0.391,0.0,1.76,118.99,-1.629,19038.399999999998,20942.239999999998,2.02
2011-10-02 17:00:00,B2752,0.704,0.0,0.0,118.99,0.704,19038.399999999998,20942.239999999998,0.0
2011-10-02 18:00:00,B2752,2.582,0.0,0.0,118.99,2.582,19038.399999999998,20942.239999999998,0.0
2011-10-02 19:00:00,B2752,3.208,0.0,0.0,118.99,3.208,19038.399999999998,20942.239999999998,0.0
2011-10-02 20:00:00,B2752,0.704,0.0,0.0,118.99,0.704,19038.399999999998,20942.239999999998,0.0
2011-10-02 21:00:00,B2752,0.704,0.0,0.0,118.99,0.704,19038.399999999998,20942.239999999998,0.0
2011-10-02 22:00:00,B2752,0.704,0.0,0.0,118.99,0.704,19038.399999999998,20942.239999999998,0.0
2011-10-02 23:00:00,B2752,0.391,0.0,0.0,118.99,0.391,19038.399999999998,20942.239999999998,0.0
2011-10-03 00:00:00,B2752,2.791,2.4,0.0,118.99,2.791,19038.399999999998,20942.239999999998,0.0
2011-10-03 01:00:00,B2752,2.791,2.4,0.0,118.99,2.791,19038.399999999998,20942.239999999998,0.0
2011-10-03 02:00:00,B2752,2.791,2.4,0.0,118.99,2.791,19038.399999999998,20942.239999999998,0.0
2011-10-03 03:00:00,B2752,2.791,2.4,0.0,118.99,2.791,19038.399999999998,20942.239999999998,0.0
2011-10-03 04:00:00,B2752,2.791,2.4,0.0,118.99,2.791,19038.399999999998,20942.239999999998,0.0
2011-10-03 05:00:00,B2752,0.704,0.0,0.0,118.99,0.704,19038.399999999998,20942.239999999998,0.0
2011-10-03 06:00:00,B2752,2.582,0.0,0.0,118.99,2.582,19038.399999999998,20942.239999999998,0.0
2011-10-03 07:00:00,B2752,0.705,0.0,0.54,118.99,-0.29500000000000004,19038.399999999998,20942.239999999998,1.0
2011-10-03 08:00:00,B2752,0.392,0.0,1.18,118.99,-1.2879999999999998,19038.399999999998,20942.239999999998,1.68
2011-10-03 09:00:00,B2752,0.391,0.0,2.28,118.99,-2.3689999999999998,19038.399999999998,20942.239999999998,2.76
2011-10-03 10:00:00,B2752,0.391,0.0,3.25,118.99,-3.269,19038.399999999998,20942.239999999998,3.66
2011-10-03 11:00:00,B2752,0.391,0.0,3.83,118.99,-3.779,19038.399999999998,20942.239999999998,4.17
2011-10-03 12:00:00,B2752,2.582,0.0,4.02,118.99,-1.7380000000000004,19038.399999999998,20942.239999999998,4.32
2011-10-03 13:00:00,B2752,0.704,0.0,3.91,118.99,-3.5360000000000005,19038.399999999998,20942.239999999998,4.24
2011-10-03 14:00:00,B2752,0.391,0.0,3.45,118.99,-3.429,19038.399999999998,20942.239999999998,3.82
2011-10-03 15:00:00,B2752,0.391,0.0,2.59,118.99,-2.549,19038.399999999998,20942.239999999998,2.94
2011-10-03 16:00:00,B2752,0.391,0.0,1.59,118.99,-1.4989999999999999,19038.399999999998,20942.239999999998,1.89
2011-10-03 17:00:00,B2752,0.704,0.0,0.41,118.99,0.25399999999999995,19038.399999999998,20942.239999999998,0.45
2011-10-03 18:00:00,B2752,2.582,0.0,0.0,118.99,2.582,19038.399999999998,20942.239999999998,0.0
2011-10-03 19:00:00,B2752,3.208,0.0,0.0,118.99,3.208,19038.399999999998,20942.239999999998,0.0
2011-10-03 20:00:00,B2752,0.704,0.0,0.0,118.99,0.704,19038.399999999998,20942.239999999998,0.0
2011-10-03 21:00:00,B2752,0.704,0.0,0.0,118.99,0.704,19038.399999999998,20942.239999999998,0.0
2011-10-03 22:00:00,B2752,0.704,0.0,0.0,118.99,0.704,19038.399999999998,20942.239999999998,0.0
2011-10-03 23:00:00,B2752,0.391,0.0,0.0,118.99,0.391,19038.399999999998,20942.239999999998,0.0
2011-10-04 00:00:00,B2752,2.791,2.4,0.0,118.99,2.791,19038.399999999998,20942.239999999998,0.0
2011-10-04 01:00:00,B2752,2.791,2.4,0.0,118.99,2.791,19038.399999999998,20942.239999999998,0.0
2011-10-04 02:00:00,B2752,2.791,2.4,0.0,118.99,2.791,19038.399999999998,20942.239999999998,0.0
2011-10-04 03:00:00,B2752,2.791,2.4,0.0,118.99,2.791,19038.399999999998,20942.239999999998,0.0
2011-10-04 04:00:00,B2752,2.791,2.4,0.0,118.99,2.791,19038.399999999998,20942.239999999998,0.0
2011-10-04 05:00:00,B2752,0.704,0.0,0.0,118.99,0.704,19038.399999999998,20942.239999999998,0.0
2011-10-04 06:00:00,B2752,2.582,0.0,0.0,118.99,2.582,19038.399999999998,20942.239999999998,0.0
2011-10-04 07:00:00,B2752,0.705,0.0,0.5,118.99,-0.255,19038.399999999998,20942.239999999998,0.96
2011-10-04 08:00:00,B2752,0.392,0.0,1.09,118.99,-1.198,19038.399999999998,20942.239999999998,1.59
2011-10-04 09:00:00,B2752,0.391,0.0,2.06,118.99,-2.129,19038.399999999998,20942.239999999998,2.52
2011-10-04 10:00:00,B2752,0.391,0.0,2.91,118.99,-2.889,19038.399999999998,20942.239999999998,3.28
2011-10-04 11:00:00,B2752,0.391,0.0,3.54,118.99,-3.439,19038.399999999998,20942.239999999998,3.83
2011-10-04 12:00:00,B2752,2.582,0.0,3.84,118.99,-1.548,19038.399999999998,20942.239999999998,4.13
2011-10-04 13:00:00,B2752,0.704,0.0,3.84,118.99,-3.476,19038.399999999998,20942.239999999998,4.18
2011-10-04 14:00:00,B2752,0.391,0.0,3.53,118.99,-3.539,19038.399999999998,20942.239999999998,3.93
2011-10-04 15:00:00,B2752,0.391,0.0,2.9,118.99,-2.949,19038.399999999998,20942.239999999998,3.34
2011-10-04 16:00:00,B2752,0.391,0.0,1.82,118.99,-1.7389999999999999,19038.399999999998,20942.239999999998,2.13
2011-10-04 17:00:00,B2752,0.704,0.0,0.0,118.99,0.6639999999999999,19038.399999999998,20942.239999999998,0.04
2011-10-04 18:00:00,B2752,2.582,0.0,0.0,118.99,2.582,19038.399999999998,20942.239999999998,0.0
2011-10-04 19:00:00,B2752,3.208,0.0,0.0,118.99,3.208,19038.399999999998,20942.239999999998,0.0
2011-10-04 20:00:00,B2752,0.704,0.0,0.0,118.99,0.704,19038.399999999998,20942.239999999998,0.0
2011-10-04 21:00:00,B2752,0.704,0.0,0.0,118.99,0.704,19038.399999999998,20942.239999999998,0.0
2011-10-04 22:00:00,B2752,0.704,0.0,0.0,118.99,0.704,19038.399999999998,20942.239999999998,0.0
2011-10-04 23:00:00,B2752,0.391,0.0,0.0,118.99,0.391,19038.399999999998,20942.239999999998,0.0
2011-10-05 00:00:00,B2752,2.791,2.4,0.0,118.99,2.791,19038.399999999998,20942.239999999998,0.0
2011-10-05 01:00:00,B2752,2.791,2.4,0.0,118.99,2.791,19038.399999999998,20942.239999999998,0.0
2011-10-05 02:00:00,B2752,2.791,2.4,0.0,118.99,2.791,19038.399999999998,20942.239999999998,0.0
2011-10-05 03:00:00,B2752,2.791,2.4,0.0,118.99,2.791,19038.399999999998,20942.239999999998,0.0
2011-10-05 04:00:00,B2752,2.791,2.4,0.0,118.99,2.791,19038.399999999998,20942.239999999998,0.0
2011-10-05 05:00:00,B2752,0.704,0.0,0.0,118.99,0.704,19038.399999999998,20942.239999999998,0.0
2011-10-05 06:00:00,B2752,2.582,0.0,0.0,118.99,2.582,19038.399999999998,20942.239999999998,0.0
2011-10-05 07:00:00,B2752,0.705,0.0,0.49,118.99,-0.2250000000000001,19038.399999999998,20942.239999999998,0.93
2011-10-05 08:00:00,B2752,0.392,0.0,1.11,118.99,-1.2280000000000002,19038.399999999998,20942.239999999998,1.62
2011-10-05 09:00:00,B2752,0.391,0.0,2.06,118.99,-2.149,19038.399999999998,20942.239999999998,2.54
2011-10-05 10:00:00,B2752,0.391,0.0,2.82,118.99,-2.799,19038.399999999998,20942.239999999998,3.19
2011-10-05 11:00:00,B2752,0.391,0.0,3.35,118.99,-3.249,19038.399999999998,20942.239999999998,3.64
2011-10-05 12:00:00,B2752,2.582,0.0,3.64,118.99,-1.3480000000000003,19038.399999999998,20942.239999999998,3.93
2011-10-05 13:00:00,B2752,0.704,0.0,3.61,118.99,-3.2359999999999998,19038.399999999998,20942.239999999998,3.94
2011-10-05 14:00:00,B2752,0.391,0.0,3.25,118.99,-3.229,19038.399999999998,20942.239999999998,3.62
2011-10-05 15:00:00,B2752,0.391,0.0,2.58,118.99,-2.599,19038.399999999998,20942.239999999998,2.99
2011-10-05 16:00:00,B2752,0.391,0.0,1.63,118.99,-1.539,19038.399999999998,20942.239999999998,1.93
2011-10-05 17:00:00,B2752,0.704,0.0,0.36,118.99,0.294,19038.399999999998,20942.239999999998,0.41
2011-10-05 18:00:00,B2752,2.582,0.0,0.0,118.99,2.582,19038.399999999998,20942.239999999998,0.0
2011-10-05 19:00:00,B2752,3.208,0.0,0.0,118.99,3.208,19038.399999999998,20942.239999999998,0.0
2011-10-05 20:00:00,B2752,0.704,0.0,0.0,118.99,0.704,19038.399999999998,20942.239999999998,0.0
2011-10-05 21:00:00,B2752,0.704,0.0,0.0,118.99,0.704,19038.399999999998,20942.239999999998,0.0
2011-10-05 22:00:00,B2752,0.704,0.0,0.0,118.99,0.704,19038.399999999998,20942.239999999998,0.0
2011-10-05 23:00:00,B2752,0.391,0.0,0.0,118.99,0.391,19038.399999999998,20942.239999999998,0.0
2011-10-06 00:00:00,B2752,2.791,2.4,0.0,118.99,2.791,19038.399999999998,20942.239999999998,0.0
2011-10-06 01:00:00,B2752,2.791,2.4,0.0,118.99,2.791,19038.399999999998,20942.239999999998,0.0
2011-10-06 02:00:00,B2752,2.791,2.4,0.0,118.99,2.791,19038.399999999998,20942.239999999998,0.0
2011-10-06 03:00:00,B2752,2.791,2.4,0.0,118.99,2.791,19038.399999999998,20942.239999999998,0.0
2011-10-06 04:00:00,B2752,2.791,2.4,0.0,118.99,2.791,19038.399999999998,20942.239999999998,0.0
2011-10-06 05:00:00,B2752,0.704,0.0,0.0,118.99,0.704,19038.399999999998,20942.239999999998,0.0
2011-10-06 06:00:00,B2752,2.582,0.0,0.0,118.99,2.582,19038.399999999998,20942.239999999998,0.0
2011-10-06 07:00:00,B2752,0.705,0.0,0.47,118.99,-0.21500000000000008,19038.399999999998,20942.239999999998,0.92
2011-10-06 08:00:00,B2752,0.392,0.0,0.97,118.99,-1.068,19038.399999999998,20942.239999999998,1.46
2011-10-06 09:00:00,B2752,0.391,0.0,1.85,118.99,-1.9089999999999998,19038.399999999998,20942.239999999998,2.3
2011-10-06 10:00:00,B2752,0.391,0.0,2.75,118.99,-2.739,19038.399999999998,20942.239999999998,3.13
2011-10-06 11:00:00,B2752,0.391,0.0,3.37,118.99,-3.289,19038.399999999998,20942.239999999998,3.68
2011-10-06 12:00:00,B2752,2.582,0.0,3.61,118.99,-1.3080000000000003,19038.399999999998,20942.239999999998,3.89
2011-10-06 13:00:00,B2752,0.704,0.0,3.51,118.99,-3.1260000000000003,19038.399999999998,20942.239999999998,3.83
2011-10-06 14:00:00,B2752,0.391,0.0,3.13,118.99,-3.109,19038.399999999998,20942.239999999998,3.5
2011-10-06 15:00:00,B2752,0.391,0.0,2.47,118.99,-2.449,19038.399999999998,20942.239999999998,2.84
2011-10-06 16:00:00,B2752,0.391,0.0,1.48,118.99,-1.379,19038.399999999998,20942.239999999998,1.77
2011-10-06 17:00:00,B2752,0.704,0.0,0.4,118.99,0.26399999999999996,19038.399999999998,20942.239999999998,0.44
2011-10-06 18:00:00,B2752,2.582,0.0,0.0,118.99,2.582,19038.399999999998,20942.239999999998,0.0
2011-10-06 19:00:00,B2752,3.208,0.0,0.0,118.99,3.208,19038.399999999998,20942.239999999998,0.0
2011-10-06 20:00:00,B2752,0.704,0.0,0.0,118.99,0.704,19038.399999999998,20942.239999999998,0.0
2011-10-06 21:00:00,B2752,0.704,0.0,0.0,118.99,0.704,19038.399999999998,20942.239999999998,0.0
2011-10-06 22:00:00,B2752,0.704,0.0,0.0,118.99,0.704,19038.399999999998,20942.239999999998,0.0
2011-10-06 23:00:00,B2752,0.391,0.0,0.0,118.99,0.391,19038.399999999998,20942.239999999998,0.0
2011-10-07 00:00:00,B2752,2.791,2.4,0.0,118.99,2.791,19038.399999999998,20942.239999999998,0.0
2011-10-07 01:00:00,B2752,2.791,2.4,0.0,118.99,2.791,19038.399999999998,20942.239999999998,0.0
2011-10-07 02:00:00,B2752,2.791,2.4,0.0,118.99,2.791,19038.399999999998,20942.239999999998,0.0
2011-10-07 03:00:00,B2752,2.791,2.4,0.0,118.99,2.791,19038.399999999998,20942.239999999998,0.0
2011-10-07 04:00:00,B2752,2.791,2.4,0.0,118.99,2.791,19038.399999999998,20942.239999999998,0.0
2011-10-07 05:00:00,B2752,0.704,0.0,0.0,118.99,0.704,19038.399999999998,20942.239999999998,0.0
2011-10-07 06:00:00,B2752,2.582,0.0,0.0,118.99,2.582,19038.399999999998,20942.239999999998,0.0
2011-10-07 07:00:00,B2752,0.705,0.0,0.65,118.99,-0.42499999999999993,19038.399999999998,20942.239999999998,1.13
2011-10-07 08:00:00,B2752,0.392,0.0,1.23,118.99,-1.3980000000000001,19038.399999999998,20942.239999999998,1.79
2011-10-07 09:00:00,B2752,0.391,0.0,2.17,118.99,-2.299,19038.399999999998,20942.239999999998,2.69
2011-10-07 10:00:00,B2752,0.391,0.0,2.93,118.99,-2.959,19038.399999999998,20942.239999999998,3.35
2011-10-07 11:00:00,B2752,0.391,0.0,3.35,118.99,-3.279,19038.399999999998,20942.239999999998,3.67
2011-10-07 12:00:00,B2752,2.582,0.0,3.62,118.99,-1.3480000000000003,19038.399999999998,20942.239999999998,3.93
2011-10-07 13:00:00,B2752,0.704,0.0,3.53,118.99,-3.1660000000000004,19038.399999999998,20942.239999999998,3.87
2011-10-07 14:00:00,B2752,0.391,0.0,3.05,118.99,-3.029,19038.399999999998,20942.239999999998,3.42
2011-10-07 15:00:00,B2752,0.391,0.0,2.34,118.99,-2.309,19038.399999999998,20942.239999999998,2.7
2011-10-07 16:00:00,B2752,0.391,0.0,1.39,118.99,-1.289,19038.399999999998,20942.239999999998,1.68
2011-10-07 17:00:00,B2752,0.704,0.0,0.33,118.99,0.32399999999999995,19038.399999999998,20942.239999999998,0.38
2011-10-07 18:00:00,B2752,2.582,0.0,0.0,118.99,2.582,19038.399999999998,20942.239999999998,0.0
2011-10-07 19:00:00,B2752,3.208,0.0,0.0,118.99,3.208,19038.399999999998,20942.239999999998,0.0
2011-10-07 20:00:00,B2752,0.704,0.0,0.0,118.99,0.704,19038.399999999998,20942.239999999998,0.0
2011-10-07 21:00:00,B2752,0.704,0.0,0.0,118.99,0.704,19038.399999999998,20942.239999999998,0.0
2011-10-07 22:00:00,B2752,0.704,0.0,0.0,118.99,0.704,19038.399999999998,20942.239999999998,0.0
2011-10-07 23:00:00,B2752,0.391,0.0,0.0,118.99,0.391,19038.399999999998,20942.239999999998,0.0
2011-10-08 00:00:00,B2752,0.391,0.0,0.0,118.99,0.391,19038.399999999998,20942.239999999998,0.0
2011-10-08 01:00:00,B2752,0.391,0.0,0.0,118.99,0.391,19038.399999999998,20942.239999999998,0.0
2011-10-08 02:00:00,B2752,0.391,0.0,0.0,118.99,0.391,19038.399999999998,20942.239999999998,0.0
2011-10-08 03:00:00,B2752,0.391,0.0,0.0,118.99,0.391,19038.399999999998,20942.239999999998,0.0
2011-10-08 04:00:00,B2752,0.391,0.0,0.0,118.99,0.391,19038.399999999998,20942.239999999998,0.0
2011-10-08 05:00:00,B2752,0.704,0.0,0.0,118.99,0.704,19038.399999999998,20942.239999999998,0.0
2011-10-08 06:00:00,B2752,2.581,0.0,0.0,118.99,2.581,19038.399999999998,20942.239999999998,0.0
2011-10-08 07:00:00,B2752,0.704,0.0,0.82,118.99,-0.5660000000000001,19038.399999999998,20942.239999999998,1.27
2011-10-08 08:00:00,B2752,2.792,2.4,1.44,118.99,0.782,19038.399999999998,20942.239999999998,2.01
2011-10-08 09:00:00,B2752,2.792,2.4,2.17,118.99,0.09199999999999964,19038.399999999998,20942.239999999998,2.7
2011-10-08 10:00:00,B2752,2.792,2.4,2.77,118.99,-0.38800000000000034,19038.399999999998,20942.239999999998,3.18
2011-10-08 11:00:00,B2752,2.792,2.4,3.22,118.99,-0.738,19038.399999999998,20942.239999999998,3.53
2011-10-08 12:00:00,B2752,4.982,2.4,3.47,118.99,1.2120000000000002,19038.399999999998,20942.239999999998,3.77
2011-10-08 13:00:00,B2752,0.704,0.0,3.37,118.99,-2.9960000000000004,19038.399999999998,20942.239999999998,3.7
2011-10-08 14:00:00,B2752,0.391,0.0,2.92,118.99,-2.899,19038.399999999998,20942.239999999998,3.29
2011-10-08 15:00:00,B2752,0.391,0.0,2.21,118.99,-2.169,19038.399999999998,20942.239999999998,2.56
2011-10-08 16:00:00,B2752,0.391,0.0,1.3,118.99,-1.199,19038.399999999998,20942.239999999998,1.59
2011-10-08 17:00:00,B2752,0.704,0.0,0.32,118.99,0.344,19038.399999999998,20942.239999999998,0.36
2011-10-08 18:00:00,B2752,2.582,0.0,0.0,118.99,2.582,19038.399999999998,20942.239999999998,0.0
2011-10-08 19:00:00,B2752,3.208,0.0,0.0,118.99,3.208,19038.399999999998,20942.239999999998,0.0
2011-10-08 20:00:00,B2752,0.704,0.0,0.0,118.99,0.704,19038.399999999998,20942.239999999998,0.0
2011-10-08 21:00:00,B2752,0.704,0.0,0.0,118.99,0.704,19038.399999999998,20942.239999999998,0.0
2011-10-08 22:00:00,B2752,0.704,0.0,0.0,118.99,0.704,19038.399999999998,20942.239999999998,0.0
2011-10-08 23:00:00,B2752,0.391,0.0,0.0,118.99,0.391,19038.399999999998,20942.239999999998,0.0
2011-10-09 00:00:00,B2752,0.391,0.0,0.0,118.99,0.391,19038.399999999998,20942.239999999998,0.0
2011-10-09 01:00:00,B2752,0.391,0.0,0.0,118.99,0.391,19038.399999999998,20942.239999999998,0.0
2011-10-09 02:00:00,B2752,0.391,0.0,0.0,118.99,0.391,19038.399999999998,20942.239999999998,0.0
2011-10-09 03:00:00,B2752,0.391,0.0,0.0,118.99,0.391,19038.399999999998,20942.239999999998,0.0
2011-10-09 04:00:00,B2752,0.391,0.0,0.0,118.99,0.391,19038.399999999998,20942.239999999998,0.0
2011-10-09 05:00:00,B2752,0.704,0.0,0.0,118.99,0.704,19038.399999999998,20942.239999999998,0.0
2011-10-09 06:00:00,B2752,2.581,0.0,0.0,118.99,2.581,19038.399999999998,20942.239999999998,0.0
2011-10-09 07:00:00,B2752,0.704,0.0,0.5,118.99,-0.2260000000000001,19038.399999999998,20942.239999999998,0.93
2011-10-09 08:00:00,B2752,2.791,2.4,0.96,118.99,1.341,19038.399999999998,20942.239999999998,1.45
2011-10-09 09:00:00,B2752,2.792,2.4,1.68,118.99,0.6619999999999999,19038.399999999998,20942.239999999998,2.13
2011-10-09 10:00:00,B2752,2.792,2.4,2.44,118.99,-0.018000000000000238,19038.399999999998,20942.239999999998,2.81
2011-10-09 11:00:00,B2752,2.792,2.4,3.0,118.99,-0.508,19038.399999999998,20942.239999999998,3.3
2011-10-09 12:00:00,B2752,4.982,2.4,3.26,118.99,1.4320000000000004,19038.399999999998,20942.239999999998,3.55
2011-10-09 13:00:00,B2752,0.704,0.0,3.19,118.99,-2.806,19038.399999999998,20942.239999999998,3.51
2011-10-09 14:00:00,B2752,0.391,0.0,2.78,118.99,-2.739,19038.399999999998,20942.239999999998,3.13
2011-10-09 15:00:00,B2752,0.391,0.0,2.11,118.99,-2.069,19038.399999999998,20942.239999999998,2.46
2011-10-09 16:00:00,B2752,0.391,0.0,1.25,118.99,-1.139,19038.399999999998,20942.239999999998,1.53
2011-10-09 17:00:00,B2752,0.704,0.0,0.0,118.99,0.6639999999999999,19038.399999999998,20942.239999999998,0.04
2011-10-09 18:00:00,B2752,2.582,0.0,0.0,118.99,2.582,19038.399999999998,20942.239999999998,0.0
2011-10-09 19:00:00,B2752,3.208,0.0,0.0,118.99,3.208,19038.399999999998,20942.239999999998,0.0
2011-10-09 20:00:00,B2752,0.704,0.0,0.0,118.99,0.704,19038.399999999998,20942.239999999998,0.0
2011-10-09 21:00:00,B2752,0.704,0.0,0.0,118.99,0.704,19038.399999999998,20942.239999999998,0.0
2011-10-09 22:00:00,B2752,0.704,0.0,0.0,118.99,0.704,19038.399999999998,20942.239999999998,0.0
2011-10-09 23:00:00,B2752,0.391,0.0,0.0,118.99,0.391,19038.399999999998,20942.239999999998,0.0
2011-10-10 00:00:00,B2752,2.791,2.4,0.0,118.99,2.791,19038.399999999998,20942.239999999998,0.0
2011-10-10 01:00:00,B2752,2.791,2.4,0.0,118.99,2.791,19038.399999999998,20942.239999999998,0.0
2011-10-10 02:00:00,B2752,2.791,2.4,0.0,118.99,2.791,19038.399999999998,20942.239999999998,0.0
2011-10-10 03:00:00,B2752,2.791,2.4,0.0,118.99,2.791,19038.399999999998,20942.239999999998,0.0
2011-10-10 04:00:00,B2752,2.791,2.4,0.0,118.99,2.791,19038.399999999998,20942.239999999998,0.0
2011-10-10 05:00:00,B2752,0.704,0.0,0.0,118.99,0.704,19038.399999999998,20942.239999999998,0.0
2011-10-10 06:00:00,B2752,2.582,0.0,0.0,118.99,2.582,19038.399999999998,20942.239999999998,0.0
2011-10-10 07:00:00,B2752,0.705,0.0,0.65,118.99,-0.3350000000000001,19038.399999999998,20942.239999999998,1.04
2011-10-10 08:00:00,B2752,0.392,0.0,1.31,118.99,-1.4580000000000002,19038.399999999998,20942.239999999998,1.85
2011-10-10 09:00:00,B2752,0.391,0.0,2.27,118.99,-2.439,19038.399999999998,20942.239999999998,2.83
2011-10-10 10:00:00,B2752,0.391,0.0,3.09,118.99,-3.179,19038.399999999998,20942.239999999998,3.57
2011-10-10 11:00:00,B2752,0.391,0.0,3.69,118.99,-3.7089999999999996,19038.399999999998,20942.239999999998,4.1
2011-10-10 12:00:00,B2752,2.582,0.0,3.81,118.99,-1.6080000000000005,19038.399999999998,20942.239999999998,4.19
2011-10-10 13:00:00,B2752,0.704,0.0,3.48,118.99,-3.1660000000000004,19038.399999999998,20942.239999999998,3.87
2011-10-10 14:00:00,B2752,0.391,0.0,2.95,118.99,-2.959,19038.399999999998,20942.239999999998,3.35
2011-10-10 15:00:00,B2752,0.391,0.0,2.14,118.99,-2.109,19038.399999999998,20942.239999999998,2.5
2011-10-10 16:00:00,B2752,0.391,0.0,1.23,118.99,-1.119,19038.399999999998,20942.239999999998,1.51
2011-10-10 17:00:00,B2752,0.704,0.0,0.0,118.99,0.6639999999999999,19038.399999999998,20942.239999999998,0.04
2011-10-10 18:00:00,B2752,2.582,0.0,0.0,118.99,2.582,19038.399999999998,20942.239999999998,0.0
2011-10-10 19:00:00,B2752,3.208,0.0,0.0,118.99,3.208,19038.399999999998,20942.239999999998,0.0
2011-10-10 20:00:00,B2752,0.704,0.0,0.0,118.99,0.704,19038.399999999998,20942.239999999998,0.0
2011-10-10 21:00:00,B2752,0.704,0.0,0.0,118.99,0.704,19038.399999999998,20942.239999999998,0.0
2011-10-10 22:00:00,B2752,0.704,0.0,0.0,118.99,0.704,19038.399999999998,20942.239999999998,0.0
2011-10-10 23:00:00,B2752,0.391,0.0,0.0,118.99,0.391,19038.399999999998,20942.239999999998,0.0
2011-10-11 00:00:00,B2752,2.791,2.4,0.0,118.99,2.791,19038.399999999998,20942.239999999998,0.0
2011-10-11 01:00:00,B2752,2.791,2.4,0.0,118.99,2.791,19038.399999999998,20942.239999999998,0.0
2011-10-11 02:00:00,B2752,2.791,2.4,0.0,118.99,2.791,19038.399999999998,20942.239999999998,0.0
2011-10-11 03:00:00,B2752,2.791,2.4,0.0,118.99,2.791,19038.399999999998,20942.239999999998,0.0
2011-10-11 04:00:00,B2752,2.791,2.4,0.0,118.99,2.791,19038.399999999998,20942.239999999998,0.0
2011-10-11 05:00:00,B2752,0.704,0.0,0.0,118.99,0.704,19038.399999999998,20942.239999999998,0.0
2011-10-11 06:00:00,B2752,2.582,0.0,0.0,118.99,2.582,19038.399999999998,20942.239999999998,0.0
2011-10-11 07:00:00,B2752,0.705,0.0,0.6,118.99,-0.32500000000000007,19038.399999999998,20942.239999999998,1.03
2011-10-11 08:00:00,B2752,0.392,0.0,1.29,118.99,-1.4580000000000002,19038.399999999998,20942.239999999998,1.85
2011-10-11 09:00:00,B2752,0.391,0.0,1.94,118.99,-2.069,19038.399999999998,20942.239999999998,2.46
2011-10-11 10:00:00,B2752,0.391,0.0,2.57,118.99,-2.599,19038.399999999998,20942.239999999998,2.99
2011-10-11 11:00:00,B2752,0.391,0.0,3.18,118.99,-3.139,19038.399999999998,20942.239999999998,3.53
2011-10-11 12:00:00,B2752,2.582,0.0,3.32,118.99,-1.068,19038.399999999998,20942.239999999998,3.65
2011-10-11 13:00:00,B2752,0.704,0.0,3.07,118.99,-2.6959999999999997,19038.399999999998,20942.239999999998,3.4
2011-10-11 14:00:00,B2752,0.391,0.0,2.63,118.99,-2.599,19038.399999999998,20942.239999999998,2.99
2011-10-11 15:00:00,B2752,0.391,0.0,1.99,118.99,-1.9489999999999998,19038.399999999998,20942.239999999998,2.34
2011-10-11 16:00:00,B2752,0.391,0.0,1.15,118.99,-1.029,19038.399999999998,20942.239999999998,1.42
2011-10-11 17:00:00,B2752,0.704,0.0,0.0,118.99,0.6639999999999999,19038.399999999998,20942.239999999998,0.04
2011-10-11 18:00:00,B2752,2.582,0.0,0.0,118.99,2.582,19038.399999999998,20942.239999999998,0.0
2011-10-11 19:00:00,B2752,3.208,0.0,0.0,118.99,3.208,19038.399999999998,20942.239999999998,0.0
2011-10-11 20:00:00,B2752,0.704,0.0,0.0,118.99,0.704,19038.399999999998,20942.239999999998,0.0
2011-10-11 21:00:00,B2752,0.704,0.0,0.0,118.99,0.704,19038.399999999998,20942.239999999998,0.0
2011-10-11 22:00:00,B2752,0.704,0.0,0.0,118.99,0.704,19038.399999999998,20942.239999999998,0.0
2011-10-11 23:00:00,B2752,0.391,0.0,0.0,118.99,0.391,19038.399999999998,20942.239999999998,0.0
2011-10-12 00:00:00,B2752,2.791,2.4,0.0,118.99,2.791,19038.399999999998,20942.239999999998,0.0
2011-10-12 01:00:00,B2752,2.791,2.4,0.0,118.99,2.791,19038.399999999998,20942.239999999998,0.0
2011-10-12 02:00:00,B2752,2.791,2.4,0.0,118.99,2.791,19038.399999999998,20942.239999999998,0.0
2011-10-12 03:00:00,B2752,2.791,2.4,0.0,118.99,2.791,19038.399999999998,20942.239999999998,0.0
2011-10-12 04:00:00,B2752,2.791,2.4,0.0,118.99,2.791,19038.399999999998,20942.239999999998,0.0
2011-10-12 05:00:00,B2752,0.704,0.0,0.0,118.99,0.704,19038.399999999998,20942.239999999998,0.0
2011-10-12 06:00:00,B2752,2.582,0.0,0.0,118.99,2.582,19038.399999999998,20942.239999999998,0.0
2011-10-12 07:00:00,B2752,0.705,0.0,0.92,118.99,-0.545,19038.399999999998,20942.239999999998,1.25
2011-10-12 08:00:00,B2752,0.392,0.0,1.75,118.99,-1.8780000000000001,19038.399999999998,20942.239999999998,2.27
2011-10-12 09:00:00,B2752,0.391,0.0,2.8,118.99,-2.989,19038.399999999998,20942.239999999998,3.38
2011-10-12 10:00:00,B2752,0.391,0.0,3.81,118.99,-4.019,19038.399999999998,20942.239999999998,4.41
2011-10-12 11:00:00,B2752,0.391,0.0,4.2,118.99,-4.329,19038.399999999998,20942.239999999998,4.72
2011-10-12 12:00:00,B2752,2.582,0.0,3.75,118.99,-1.5780000000000003,19038.399999999998,20942.239999999998,4.16
2011-10-12 13:00:00,B2752,0.704,0.0,3.21,118.99,-2.8760000000000003,19038.399999999998,20942.239999999998,3.58
2011-10-12 14:00:00,B2752,0.391,0.0,3.05,118.99,-3.099,19038.399999999998,20942.239999999998,3.49
2011-10-12 15:00:00,B2752,0.391,0.0,2.73,118.99,-2.809,19038.399999999998,20942.239999999998,3.2
2011-10-12 16:00:00,B2752,0.391,0.0,1.3,118.99,-1.149,19038.399999999998,20942.239999999998,1.54
2011-10-12 17:00:00,B2752,0.704,0.0,0.0,118.99,0.704,19038.399999999998,20942.239999999998,0.0
2011-10-12 18:00:00,B2752,2.582,0.0,0.0,118.99,2.582,19038.399999999998,20942.239999999998,0.0
2011-10-12 19:00:00,B2752,3.208,0.0,0.0,118.99,3.208,19038.399999999998,20942.239999999998,0.0
2011-10-12 20:00:00,B2752,0.704,0.0,0.0,118.99,0.704,19038.399999999998,20942.239999999998,0.0
2011-10-12 21:00:00,B2752,0.704,0.0,0.0,118.99,0.704,19038.399999999998,20942.239999999998,0.0
2011-10-12 22:00:00,B2752,0.704,0.0,0.0,118.99,0.704,19038.399999999998,20942.239999999998,0.0
2011-10-12 23:00:00,B2752,0.391,0.0,0.0,118.99,0.391,19038.399999999998,20942.239999999998,0.0
2011-10-13 00:00:00,B2752,2.791,2.4,0.0,118.99,2.791,19038.399999999998,20942.239999999998,0.0
2011-10-13 01:00:00,B2752,2.791,2.4,0.0,118.99,2.791,19038.399999999998,20942.239999999998,0.0
2011-10-13 02:00:00,B2752,2.791,2.4,0.0,118.99,2.791,19038.399999999998,20942.239999999998,0.0
2011-10-13 03:00:00,B2752,2.791,2.4,0.0,118.99,2.791,19038.399999999998,20942.239999999998,0.0
2011-10-13 04:00:00,B2752,2.791,2.4,0.0,118.99,2.791,19038.399999999998,20942.239999999998,0.0
2011-10-13 05:00:00,B2752,0.704,0.0,0.0,118.99,0.704,19038.399999999998,20942.239999999998,0.0
2011-10-13 06:00:00,B2752,2.582,0.0,0.0,118.99,2.582,19038.399999999998,20942.239999999998,0.0
2011-10-13 07:00:00,B2752,0.705,0.0,0.88,118.99,-0.40500000000000014,19038.399999999998,20942.239999999998,1.11
2011-10-13 08:00:00,B2752,0.392,0.0,1.55,118.99,-1.5379999999999998,19038.399999999998,20942.239999999998,1.93
2011-10-13 09:00:00,B2752,0.391,0.0,2.29,118.99,-2.379,19038.399999999998,20942.239999999998,2.77
2011-10-13 10:00:00,B2752,0.391,0.0,2.75,118.99,-2.809,19038.399999999998,20942.239999999998,3.2
2011-10-13 11:00:00,B2752,0.391,0.0,2.99,118.99,-2.959,19038.399999999998,20942.239999999998,3.35
2011-10-13 12:00:00,B2752,2.582,0.0,3.61,118.99,-1.428,19038.399999999998,20942.239999999998,4.01
2011-10-13 13:00:00,B2752,0.704,0.0,3.84,118.99,-3.6160000000000005,19038.399999999998,20942.239999999998,4.32
2011-10-13 14:00:00,B2752,0.391,0.0,3.0,118.99,-3.059,19038.399999999998,20942.239999999998,3.45
2011-10-13 15:00:00,B2752,0.391,0.0,2.24,118.99,-2.259,19038.399999999998,20942.239999999998,2.65
2011-10-13 16:00:00,B2752,0.391,0.0,1.18,118.99,-1.009,19038.399999999998,20942.239999999998,1.4
2011-10-13 17:00:00,B2752,0.704,0.0,0.0,118.99,0.704,19038.399999999998,20942.239999999998,0.0
2011-10-13 18:00:00,B2752,2.582,0.0,0.0,118.99,2.582,19038.399999999998,20942.239999999998,0.0
2011-10-13 19:00:00,B2752,3.208,0.0,0.0,118.99,3.208,19038.399999999998,20942.239999999998,0.0
2011-10-13 20:00:00,B2752,0.704,0.0,0.0,118.99,0.704,19038.399999999998,20942.239999999998,0.0
2011-10-13 21:00:00,B2752,0.704,0.0,0.0,118.99,0.704,19038.399999999998,20942.239999999998,0.0
2011-10-13 22:00:00,B2752,0.704,0.0,0.0,118.99,0.704,19038.399999999998,20942.239999999998,0.0
2011-10-13 23:00:00,B2752,0.391,0.0,0.0,118.99,0.391,19038.399999999998,20942.239999999998,0.0
2011-10-14 00:00:00,B2752,2.791,2.4,0.0,118.99,2.791,19038.399999999998,20942.239999999998,0.0
2011-10-14 01:00:00,B2752,2.791,2.4,0.0,118.99,2.791,19038.399999999998,20942.239999999998,0.0
2011-10-14 02:00:00,B2752,2.791,2.4,0.0,118.99,2.791,19038.399999999998,20942.239999999998,0.0
2011-10-14 03:00:00,B2752,2.791,2.4,0.0,118.99,2.791,19038.399999999998,20942.239999999998,0.0
2011-10-14 04:00:00,B2752,2.791,2.4,0.0,118.99,2.791,19038.399999999998,20942.239999999998,0.0
2011-10-14 05:00:00,B2752,0.704,0.0,0.0,118.99,0.704,19038.399999999998,20942.239999999998,0.0
2011-10-14 06:00:00,B2752,2.582,0.0,0.0,118.99,2.582,19038.399999999998,20942.239999999998,0.0
2011-10-14 07:00:00,B2752,0.705,0.0,0.47,118.99,-0.17500000000000004,19038.399999999998,20942.239999999998,0.88
2011-10-14 08:00:00,B2752,0.392,0.0,0.92,118.99,-0.9879999999999999,19038.399999999998,20942.239999999998,1.38
2011-10-14 09:00:00,B2752,0.391,0.0,1.42,118.99,-1.449,19038.399999999998,20942.239999999998,1.84
2011-10-14 10:00:00,B2752,0.391,0.0,2.12,118.99,-2.109,19038.399999999998,20942.239999999998,2.5
2011-10-14 11:00:00,B2752,0.391,0.0,2.79,118.99,-2.739,19038.399999999998,20942.239999999998,3.13
2011-10-14 12:00:00,B2752,2.582,0.0,3.02,118.99,-0.7680000000000002,19038.399999999998,20942.239999999998,3.35
2011-10-14 13:00:00,B2752,0.704,0.0,2.81,118.99,-2.4560000000000004,19038.399999999998,20942.239999999998,3.16
2011-10-14 14:00:00,B2752,0.391,0.0,2.34,118.99,-2.309,19038.399999999998,20942.239999999998,2.7
2011-10-14 15:00:00,B2752,0.391,0.0,1.65,118.99,-1.559,19038.399999999998,20942.239999999998,1.95
2011-10-14 16:00:00,B2752,0.391,0.0,0.97,118.99,-0.7889999999999999,19038.399999999998,20942.239999999998,1.18
2011-10-14 17:00:00,B2752,0.704,0.0,0.0,118.99,0.704,19038.399999999998,20942.239999999998,0.0
2011-10-14 18:00:00,B2752,2.582,0.0,0.0,118.99,2.582,19038.399999999998,20942.239999999998,0.0
2011-10-14 19:00:00,B2752,3.208,0.0,0.0,118.99,3.208,19038.399999999998,20942.239999999998,0.0
2011-10-14 20:00:00,B2752,0.704,0.0,0.0,118.99,0.704,19038.399999999998,20942.239999999998,0.0
2011-10-14 21:00:00,B2752,0.704,0.0,0.0,118.99,0.704,19038.399999999998,20942.239999999998,0.0
2011-10-14 22:00:00,B2752,0.704,0.0,0.0,118.99,0.704,19038.399999999998,20942.239999999998,0.0
2011-10-14 23:00:00,B2752,0.391,0.0,0.0,118.99,0.391,19038.399999999998,20942.239999999998,0.0
2011-10-15 00:00:00,B2752,0.391,0.0,0.0,118.99,0.391,19038.399999999998,20942.239999999998,0.0
2011-10-15 01:00:00,B2752,0.391,0.0,0.0,118.99,0.391,19038.399999999998,20942.239999999998,0.0
2011-10-15 02:00:00,B2752,0.391,0.0,0.0,118.99,0.391,19038.399999999998,20942.239999999998,0.0
2011-10-15 03:00:00,B2752,0.391,0.0,0.0,118.99,0.391,19038.399999999998,20942.239999999998,0.0
2011-10-15 04:00:00,B2752,0.391,0.0,0.0,118.99,0.391,19038.399999999998,20942.239999999998,0.0
2011-10-15 05:00:00,B2752,0.704,0.0,0.0,118.99,0.704,19038.399999999998,20942.239999999998,0.0
2011-10-15 06:00:00,B2752,2.581,0.0,0.0,118.99,2.581,19038.399999999998,20942.239999999998,0.0
2011-10-15 07:00:00,B2752,0.704,0.0,0.67,118.99,-0.3460000000000001,19038.399999999998,20942.239999999998,1.05
2011-10-15 08:00:00,B2752,2.792,2.4,1.37,118.99,0.8919999999999999,19038.399999999998,20942.239999999998,1.9
2011-10-15 09:00:00,B2752,2.792,2.4,2.08,118.99,0.18199999999999994,19038.399999999998,20942.239999999998,2.61
2011-10-15 10:00:00,B2752,2.792,2.4,2.79,118.99,-0.488,19038.399999999998,20942.239999999998,3.28
2011-10-15 11:00:00,B2752,2.792,2.4,3.5,118.99,-1.1480000000000001,19038.399999999998,20942.239999999998,3.94
2011-10-15 12:00:00,B2752,4.982,2.4,3.93,118.99,0.5920000000000005,19038.399999999998,20942.239999999998,4.39
2011-10-15 13:00:00,B2752,0.704,0.0,4.04,118.99,-3.846,19038.399999999998,20942.239999999998,4.55
2011-10-15 14:00:00,B2752,0.391,0.0,3.5,118.99,-3.6289999999999996,19038.399999999998,20942.239999999998,4.02
2011-10-15 15:00:00,B2752,0.391,0.0,2.28,118.99,-2.339,19038.399999999998,20942.239999999998,2.73
2011-10-15 16:00:00,B2752,0.391,0.0,1.18,118.99,-1.069,19038.399999999998,20942.239999999998,1.46
2011-10-15 17:00:00,B2752,0.704,0.0,0.0,118.99,0.704,19038.399999999998,20942.239999999998,0.0
2011-10-15 18:00:00,B2752,2.582,0.0,0.0,118.99,2.582,19038.399999999998,20942.239999999998,0.0
2011-10-15 19:00:00,B2752,3.208,0.0,0.0,118.99,3.208,19038.399999999998,20942.239999999998,0.0
2011-10-15 20:00:00,B2752,0.704,0.0,0.0,118.99,0.704,19038.399999999998,20942.239999999998,0.0
2011-10-15 21:00:00,B2752,0.704,0.0,0.0,118.99,0.704,19038.399999999998,20942.239999999998,0.0
2011-10-15 22:00:00,B2752,0.704,0.0,0.0,118.99,0.704,19038.399999999998,20942.239999999998,0.0
2011-10-15 23:00:00,B2752,0.391,0.0,0.0,118.99,0.391,19038.399999999998,20942.239999999998,0.0
2011-10-16 00:00:00,B2752,0.391,0.0,0.0,118.99,0.391,19038.399999999998,20942.239999999998,0.0
2011-10-16 01:00:00,B2752,0.391,0.0,0.0,118.99,0.391,19038.399999999998,20942.239999999998,0.0
2011-10-16 02:00:00,B2752,0.391,0.0,0.0,118.99,0.391,19038.399999999998,20942.239999999998,0.0
2011-10-16 03:00:00,B2752,0.391,0.0,0.0,118.99,0.391,19038.399999999998,20942.239999999998,0.0
2011-10-16 04:00:00,B2752,0.391,0.0,0.0,118.99,0.391,19038.399999999998,20942.239999999998,0.0
2011-10-16 05:00:00,B2752,0.704,0.0,0.0,118.99,0.704,19038.399999999998,20942.239999999998,0.0
2011-10-16 06:00:00,B2752,2.581,0.0,0.0,118.99,2.581,19038.399999999998,20942.239999999998,0.0
2011-10-16 07:00:00,B2752,0.704,0.0,0.44,118.99,-0.136,19038.399999999998,20942.239999999998,0.84
2011-10-16 08:00:00,B2752,2.791,2.4,1.04,118.99,1.281,19038.399999999998,20942.239999999998,1.51
2011-10-16 09:00:00,B2752,2.792,2.4,1.8,118.99,0.5019999999999998,19038.399999999998,20942.239999999998,2.29
2011-10-16 10:00:00,B2752,2.792,2.4,2.41,118.99,-0.04800000000000004,19038.399999999998,20942.239999999998,2.84
2011-10-16 11:00:00,B2752,2.792,2.4,2.79,118.99,-0.3680000000000003,19038.399999999998,20942.239999999998,3.16
2011-10-16 12:00:00,B2752,4.982,2.4,2.92,118.99,1.7220000000000004,19038.399999999998,20942.239999999998,3.26
2011-10-16 13:00:00,B2752,0.704,0.0,2.84,118.99,-2.5060000000000002,19038.399999999998,20942.239999999998,3.21
2011-10-16 14:00:00,B2752,0.391,0.0,2.46,118.99,-2.459,19038.399999999998,20942.239999999998,2.85
2011-10-16 15:00:00,B2752,0.391,0.0,1.81,118.99,-1.7690000000000001,19038.399999999998,20942.239999999998,2.16
2011-10-16 16:00:00,B2752,0.391,0.0,1.03,118.99,-0.889,19038.399999999998,20942.239999999998,1.28
2011-10-16 17:00:00,B2752,0.704,0.0,0.0,118.99,0.704,19038.399999999998,20942.239999999998,0.0
2011-10-16 18:00:00,B2752,2.582,0.0,0.0,118.99,2.582,19038.399999999998,20942.239999999998,0.0
2011-10-16 19:00:00,B2752,3.208,0.0,0.0,118.99,3.208,19038.399999999998,20942.239999999998,0.0
2011-10-16 20:00:00,B2752,0.704,0.0,0.0,118.99,0.704,19038.399999999998,20942.239999999998,0.0
2011-10-16 21:00:00,B2752,0.704,0.0,0.0,118.99,0.704,19038.399999999998,20942.239999999998,0.0
2011-10-16 22:00:00,B2752,0.704,0.0,0.0,118.99,0.704,19038.399999999998,20942.239999999998,0.0
2011-10-16 23:00:00,B2752,0.391,0.0,0.0,118.99,0.391,19038.399999999998,20942.239999999998,0.0
2011-10-17 00:00:00,B2752,2.791,2.4,0.0,118.99,2.791,19038.399999999998,20942.239999999998,0.0
2011-10-17 01:00:00,B2752,2.791,2.4,0.0,118.99,2.791,19038.399999999998,20942.239999999998,0.0
2011-10-17 02:00:00,B2752,2.791,2.4,0.0,118.99,2.791,19038.399999999998,20942.239999999998,0.0
2011-10-17 03:00:00,B2752,2.791,2.4,0.0,118.99,2.791,19038.399999999998,20942.239999999998,0.0
2011-10-17 04:00:00,B2752,2.791,2.4,0.0,118.99,2.791,19038.399999999998,20942.239999999998,0.0
2011-10-17 05:00:00,B2752,0.704,0.0,0.0,118.99,0.704,19038.399999999998,20942.239999999998,0.0
2011-10-17 06:00:00,B2752,2.582,0.0,0.0,118.99,2.582,19038.399999999998,20942.239999999998,0.0
2011-10-17 07:00:00,B2752,0.705,0.0,0.84,118.99,-0.495,19038.399999999998,20942.239999999998,1.2
2011-10-17 08:00:00,B2752,0.392,0.0,1.91,118.99,-2.048,19038.399999999998,20942.239999999998,2.44
2011-10-17 09:00:00,B2752,0.391,0.0,2.91,118.99,-3.069,19038.399999999998,20942.239999999998,3.46
2011-10-17 10:00:00,B2752,0.391,0.0,3.04,118.99,-3.149,19038.399999999998,20942.239999999998,3.54
2011-10-17 11:00:00,B2752,0.391,0.0,3.39,118.99,-3.459,19038.399999999998,20942.239999999998,3.85
2011-10-17 12:00:00,B2752,2.582,0.0,3.6,118.99,-1.4980000000000002,19038.399999999998,20942.239999999998,4.08
2011-10-17 13:00:00,B2752,0.704,0.0,2.96,118.99,-2.686,19038.399999999998,20942.239999999998,3.39
2011-10-17 14:00:00,B2752,0.391,0.0,2.1,118.99,-2.049,19038.399999999998,20942.239999999998,2.44
2011-10-17 15:00:00,B2752,0.391,0.0,1.69,118.99,-1.549,19038.399999999998,20942.239999999998,1.94
2011-10-17 16:00:00,B2752,0.391,0.0,1.03,118.99,-0.819,19038.399999999998,20942.239999999998,1.21
2011-10-17 17:00:00,B2752,0.704,0.0,0.0,118.99,0.704,19038.399999999998,20942.239999999998,0.0
2011-10-17 18:00:00,B2752,2.582,0.0,0.0,118.99,2.582,19038.399999999998,20942.239999999998,0.0
2011-10-17 19:00:00,B2752,3.208,0.0,0.0,118.99,3.208,19038.399999999998,20942.239999999998,0.0
2011-10-17 20:00:00,B2752,0.704,0.0,0.0,118.99,0.704,19038.399999999998,20942.239999999998,0.0
2011-10-17 21:00:00,B2752,0.704,0.0,0.0,118.99,0.704,19038.399999999998,20942.239999999998,0.0
2011-10-17 22:00:00,B2752,0.704,0.0,0.0,118.99,0.704,19038.399999999998,20942.239999999998,0.0
2011-10-17 23:00:00,B2752,0.391,0.0,0.0,118.99,0.391,19038.399999999998,20942.239999999998,0.0
2011-10-18 00:00:00,B2752,2.791,2.4,0.0,118.99,2.791,19038.399999999998,20942.239999999998,0.0
2011-10-18 01:00:00,B2752,2.791,2.4,0.0,118.99,2.791,19038.399999999998,20942.239999999998,0.0
2011-10-18 02:00:00,B2752,2.791,2.4,0.0,118.99,2.791,19038.399999999998,20942.239999999998,0.0
2011-10-18 03:00:00,B2752,2.791,2.4,0.0,118.99,2.791,19038.399999999998,20942.239999999998,0.0
2011-10-18 04:00:00,B2752,2.791,2.4,0.0,118.99,2.791,19038.399999999998,20942.239999999998,0.0
2011-10-18 05:00:00,B2752,0.704,0.0,0.0,118.99,0.704,19038.399999999998,20942.239999999998,0.0
2011-10-18 06:00:00,B2752,2.582,0.0,0.0,118.99,2.582,19038.399999999998,20942.239999999998,0.0
2011-10-18 07:00:00,B2752,0.705,0.0,0.0,118.99,0.5449999999999999,19038.399999999998,20942.239999999998,0.16
2011-10-18 08:00:00,B2752,0.392,0.0,1.08,118.99,-0.9480000000000001,19038.399999999998,20942.239999999998,1.34
2011-10-18 09:00:00,B2752,0.391,0.0,1.51,118.99,-1.409,19038.399999999998,20942.239999999998,1.8
2011-10-18 10:00:00,B2752,0.391,0.0,2.3,118.99,-2.299,19038.399999999998,20942.239999999998,2.69
2011-10-18 11:00:00,B2752,0.391,0.0,2.73,118.99,-2.729,19038.399999999998,20942.239999999998,3.12
2011-10-18 12:00:00,B2752,2.582,0.0,2.68,118.99,-0.44799999999999995,19038.399999999998,20942.239999999998,3.03
2011-10-18 13:00:00,B2752,0.704,0.0,2.27,118.99,-1.886,19038.399999999998,20942.239999999998,2.59
2011-10-18 14:00:00,B2752,0.391,0.0,1.18,118.99,-0.929,19038.399999999998,20942.239999999998,1.32
2011-10-18 15:00:00,B2752,0.391,0.0,0.0,118.99,0.391,19038.399999999998,20942.239999999998,0.0
2011-10-18 16:00:00,B2752,0.391,0.0,0.0,118.99,0.391,19038.399999999998,20942.239999999998,0.0
2011-10-18 17:00:00,B2752,0.704,0.0,0.0,118.99,0.704,19038.399999999998,20942.239999999998,0.0
2011-10-18 18:00:00,B2752,2.582,0.0,0.0,118.99,2.582,19038.399999999998,20942.239999999998,0.0
2011-10-18 19:00:00,B2752,3.208,0.0,0.0,118.99,3.208,19038.399999999998,20942.239999999998,0.0
2011-10-18 20:00:00,B2752,0.704,0.0,0.0,118.99,0.704,19038.399999999998,20942.239999999998,0.0
2011-10-18 21:00:00,B2752,0.704,0.0,0.0,118.99,0.704,19038.399999999998,20942.239999999998,0.0
2011-10-18 22:00:00,B2752,0.704,0.0,0.0,118.99,0.704,19038.399999999998,20942.239999999998,0.0
2011-10-18 23:00:00,B2752,0.391,0.0,0.0,118.99,0.391,19038.399999999998,20942.239999999998,0.0
2011-10-19 00:00:00,B2752,2.791,2.4,0.0,118.99,2.791,19038.399999999998,20942.239999999998,0.0
2011-10-19 01:00:00,B2752,2.791,2.4,0.0,118.99,2.791,19038.399999999998,20942.239999999998,0.0
2011-10-19 02:00:00,B2752,2.791,2.4,0.0,118.99,2.791,19038.399999999998,20942.239999999998,0.0
2011-10-19 03:00:00,B2752,2.791,2.4,0.0,118.99,2.791,19038.399999999998,20942.239999999998,0.0
2011-10-19 04:00:00,B2752,2.791,2.4,0.0,118.99,2.791,19038.399999999998,20942.239999999998,0.0
2011-10-19 05:00:00,B2752,0.704,0.0,0.0,118.99,0.704,19038.399999999998,20942.239999999998,0.0
2011-10-19 06:00:00,B2752,2.582,0.0,0.0,118.99,2.582,19038.399999999998,20942.239999999998,0.0
2011-10-19 07:00:00,B2752,0.705,0.0,0.43,118.99,-0.07500000000000007,19038.399999999998,20942.239999999998,0.78
2011-10-19 08:00:00,B2752,0.392,0.0,1.05,118.99,-1.1179999999999999,19038.399999999998,20942.239999999998,1.51
2011-10-19 09:00:00,B2752,0.391,0.0,1.62,118.99,-1.7189999999999999,19038.399999999998,20942.239999999998,2.11
2011-10-19 10:00:00,B2752,0.391,0.0,2.07,118.99,-2.079,19038.399999999998,20942.239999999998,2.47
2011-10-19 11:00:00,B2752,0.391,0.0,2.4,118.99,-2.339,19038.399999999998,20942.239999999998,2.73
2011-10-19 12:00:00,B2752,2.582,0.0,2.71,118.99,-0.46799999999999997,19038.399999999998,20942.239999999998,3.05
2011-10-19 13:00:00,B2752,0.704,0.0,2.63,118.99,-2.2860000000000005,19038.399999999998,20942.239999999998,2.99
2011-10-19 14:00:00,B2752,0.391,0.0,2.18,118.99,-2.169,19038.399999999998,20942.239999999998,2.56
2011-10-19 15:00:00,B2752,0.391,0.0,1.6,118.99,-1.549,19038.399999999998,20942.239999999998,1.94
2011-10-19 16:00:00,B2752,0.391,0.0,0.86,118.99,-0.679,19038.399999999998,20942.239999999998,1.07
2011-10-19 17:00:00,B2752,0.704,0.0,0.0,118.99,0.704,19038.399999999998,20942.239999999998,0.0
2011-10-19 18:00:00,B2752,2.582,0.0,0.0,118.99,2.582,19038.399999999998,20942.239999999998,0.0
2011-10-19 19:00:00,B2752,3.208,0.0,0.0,118.99,3.208,19038.399999999998,20942.239999999998,0.0
2011-10-19 20:00:00,B2752,0.704,0.0,0.0,118.99,0.704,19038.399999999998,20942.239999999998,0.0
2011-10-19 21:00:00,B2752,0.704,0.0,0.0,118.99,0.704,19038.399999999998,20942.239999999998,0.0
2011-10-19 22:00:00,B2752,0.704,0.0,0.0,118.99,0.704,19038.399999999998,20942.239999999998,0.0
2011-10-19 23:00:00,B2752,0.391,0.0,0.0,118.99,0.391,19038.399999999998,20942.239999999998,0.0
2011-10-20 00:00:00,B2752,2.791,2.4,0.0,118.99,2.791,19038.399999999998,20942.239999999998,0.0
2011-10-20 01:00:00,B2752,2.791,2.4,0.0,118.99,2.791,19038.399999999998,20942.239999999998,0.0
2011-10-20 02:00:00,B2752,2.791,2.4,0.0,118.99,2.791,19038.399999999998,20942.239999999998,0.0
2011-10-20 03:00:00,B2752,2.791,2.4,0.0,118.99,2.791,19038.399999999998,20942.239999999998,0.0
2011-10-20 04:00:00,B2752,2.791,2.4,0.0,118.99,2.791,19038.399999999998,20942.239999999998,0.0
2011-10-20 05:00:00,B2752,0.704,0.0,0.0,118.99,0.704,19038.399999999998,20942.239999999998,0.0
2011-10-20 06:00:00,B2752,2.582,0.0,0.0,118.99,2.582,19038.399999999998,20942.239999999998,0.0
2011-10-20 07:00:00,B2752,0.705,0.0,0.0,118.99,0.705,19038.399999999998,20942.239999999998,0.0
2011-10-20 08:00:00,B2752,0.392,0.0,0.89,118.99,-0.9879999999999999,19038.399999999998,20942.239999999998,1.38
2011-10-20 09:00:00,B2752,0.391,0.0,1.28,118.99,-1.359,19038.399999999998,20942.239999999998,1.75
2011-10-20 10:00:00,B2752,0.391,0.0,1.84,118.99,-1.8490000000000002,19038.399999999998,20942.239999999998,2.24
2011-10-20 11:00:00,B2752,0.391,0.0,2.33,118.99,-2.279,19038.399999999998,20942.239999999998,2.67
2011-10-20 12:00:00,B2752,2.582,0.0,2.55,118.99,-0.29800000000000004,19038.399999999998,20942.239999999998,2.88
2011-10-20 13:00:00,B2752,0.704,0.0,2.5,118.99,-2.1559999999999997,19038.399999999998,20942.239999999998,2.86
2011-10-20 14:00:00,B2752,0.391,0.0,2.34,118.99,-2.3689999999999998,19038.399999999998,20942.239999999998,2.76
2011-10-20 15:00:00,B2752,0.391,0.0,2.07,118.99,-2.1189999999999998,19038.399999999998,20942.239999999998,2.51
2011-10-20 16:00:00,B2752,0.391,0.0,1.17,118.99,-0.9889999999999999,19038.399999999998,20942.239999999998,1.38
2011-10-20 17:00:00,B2752,0.704,0.0,0.0,118.99,0.704,19038.399999999998,20942.239999999998,0.0
2011-10-20 18:00:00,B2752,2.582,0.0,0.0,118.99,2.582,19038.399999999998,20942.239999999998,0.0
2011-10-20 19:00:00,B2752,3.208,0.0,0.0,118.99,3.208,19038.399999999998,20942.239999999998,0.0
2011-10-20 20:00:00,B2752,0.704,0.0,0.0,118.99,0.704,19038.399999999998,20942.239999999998,0.0
2011-10-20 21:00:00,B2752,0.704,0.0,0.0,118.99,0.704,19038.399999999998,20942.239999999998,0.0
2011-10-20 22:00:00,B2752,0.704,0.0,0.0,118.99,0.704,19038.399999999998,20942.239999999998,0.0
2011-10-20 23:00:00,B2752,0.391,0.0,0.0,118.99,0.391,19038.399999999998,20942.239999999998,0.0
2011-10-21 00:00:00,B2752,2.791,2.4,0.0,118.99,2.791,19038.399999999998,20942.239999999998,0.0
2011-10-21 01:00:00,B2752,2.791,2.4,0.0,118.99,2.791,19038.399999999998,20942.239999999998,0.0
2011-10-21 02:00:00,B2752,2.791,2.4,0.0,118.99,2.791,19038.399999999998,20942.239999999998,0.0
2011-10-21 03:00:00,B2752,2.791,2.4,0.0,118.99,2.791,19038.399999999998,20942.239999999998,0.0
2011-10-21 04:00:00,B2752,2.791,2.4,0.0,118.99,2.791,19038.399999999998,20942.239999999998,0.0
2011-10-21 05:00:00,B2752,0.704,0.0,0.0,118.99,0.704,19038.399999999998,20942.239999999998,0.0
2011-10-21 06:00:00,B2752,2.582,0.0,0.0,118.99,2.582,19038.399999999998,20942.239999999998,0.0
2011-10-21 07:00:00,B2752,0.705,0.0,0.0,118.99,0.705,19038.399999999998,20942.239999999998,0.0
2011-10-21 08:00:00,B2752,0.392,0.0,1.76,118.99,-1.838,19038.399999999998,20942.239999999998,2.23
2011-10-21 09:00:00,B2752,0.391,0.0,2.64,118.99,-2.819,19038.399999999998,20942.239999999998,3.21
2011-10-21 10:00:00,B2752,0.391,0.0,3.42,118.99,-3.599,19038.399999999998,20942.239999999998,3.99
2011-10-21 11:00:00,B2752,0.391,0.0,3.86,118.99,-4.009,19038.399999999998,20942.239999999998,4.4
2011-10-21 12:00:00,B2752,2.582,0.0,3.56,118.99,-1.4379999999999997,19038.399999999998,20942.239999999998,4.02
2011-10-21 13:00:00,B2752,0.704,0.0,3.27,118.99,-3.026,19038.399999999998,20942.239999999998,3.73
2011-10-21 14:00:00,B2752,0.391,0.0,2.93,118.99,-3.019,19038.399999999998,20942.239999999998,3.41
2011-10-21 15:00:00,B2752,0.391,0.0,2.06,118.99,-2.059,19038.399999999998,20942.239999999998,2.45
2011-10-21 16:00:00,B2752,0.391,0.0,1.07,118.99,-0.929,19038.399999999998,20942.239999999998,1.32
2011-10-21 17:00:00,B2752,0.704,0.0,0.0,118.99,0.704,19038.399999999998,20942.239999999998,0.0
2011-10-21 18:00:00,B2752,2.582,0.0,0.0,118.99,2.582,19038.399999999998,20942.239999999998,0.0
2011-10-21 19:00:00,B2752,3.208,0.0,0.0,118.99,3.208,19038.399999999998,20942.239999999998,0.0
2011-10-21 20:00:00,B2752,0.704,0.0,0.0,118.99,0.704,19038.399999999998,20942.239999999998,0.0
2011-10-21 21:00:00,B2752,0.704,0.0,0.0,118.99,0.704,19038.399999999998,20942.239999999998,0.0
2011-10-21 22:00:00,B2752,0.704,0.0,0.0,118.99,0.704,19038.399999999998,20942.239999999998,0.0
2011-10-21 23:00:00,B2752,0.391,0.0,0.0,118.99,0.391,19038.399999999998,20942.239999999998,0.0
2011-10-22 00:00:00,B2752,0.391,0.0,0.0,118.99,0.391,19038.399999999998,20942.239999999998,0.0
2011-10-22 01:00:00,B2752,0.391,0.0,0.0,118.99,0.391,19038.399999999998,20942.239999999998,0.0
2011-10-22 02:00:00,B2752,0.391,0.0,0.0,118.99,0.391,19038.399999999998,20942.239999999998,0.0
2011-10-22 03:00:00,B2752,0.391,0.0,0.0,118.99,0.391,19038.399999999998,20942.239999999998,0.0
2011-10-22 04:00:00,B2752,0.391,0.0,0.0,118.99,0.391,19038.399999999998,20942.239999999998,0.0
2011-10-22 05:00:00,B2752,0.704,0.0,0.0,118.99,0.704,19038.399999999998,20942.239999999998,0.0
2011-10-22 06:00:00,B2752,2.581,0.0,0.0,118.99,2.581,19038.399999999998,20942.239999999998,0.0
2011-10-22 07:00:00,B2752,0.704,0.0,0.0,118.99,0.704,19038.399999999998,20942.239999999998,0.0
2011-10-22 08:00:00,B2752,2.792,2.4,1.92,118.99,0.4219999999999997,19038.399999999998,20942.239999999998,2.37
2011-10-22 09:00:00,B2752,2.792,2.4,2.9,118.99,-0.6780000000000004,19038.399999999998,20942.239999999998,3.47
2011-10-22 10:00:00,B2752,2.792,2.4,3.59,118.99,-1.3780000000000001,19038.399999999998,20942.239999999998,4.17
2011-10-22 11:00:00,B2752,2.792,2.4,3.76,118.99,-1.508,19038.399999999998,20942.239999999998,4.3
2011-10-22 12:00:00,B2752,4.982,2.4,3.63,118.99,0.8420000000000005,19038.399999999998,20942.239999999998,4.14
2011-10-22 13:00:00,B2752,0.704,0.0,3.41,118.99,-3.2060000000000004,19038.399999999998,20942.239999999998,3.91
2011-10-22 14:00:00,B2752,0.391,0.0,2.77,118.99,-2.819,19038.399999999998,20942.239999999998,3.21
2011-10-22 15:00:00,B2752,0.391,0.0,1.87,118.99,-1.819,19038.399999999998,20942.239999999998,2.21
2011-10-22 16:00:00,B2752,0.391,0.0,1.0,118.99,-0.7789999999999999,19038.399999999998,20942.239999999998,1.17
2011-10-22 17:00:00,B2752,0.704,0.0,0.0,118.99,0.704,19038.399999999998,20942.239999999998,0.0
2011-10-22 18:00:00,B2752,2.582,0.0,0.0,118.99,2.582,19038.399999999998,20942.239999999998,0.0
2011-10-22 19:00:00,B2752,3.208,0.0,0.0,118.99,3.208,19038.399999999998,20942.239999999998,0.0
2011-10-22 20:00:00,B2752,0.704,0.0,0.0,118.99,0.704,19038.399999999998,20942.239999999998,0.0
2011-10-22 21:00:00,B2752,0.704,0.0,0.0,118.99,0.704,19038.399999999998,20942.239999999998,0.0
2011-10-22 22:00:00,B2752,0.704,0.0,0.0,118.99,0.704,19038.399999999998,20942.239999999998,0.0
2011-10-22 23:00:00,B2752,0.391,0.0,0.0,118.99,0.391,19038.399999999998,20942.239999999998,0.0
2011-10-23 00:00:00,B2752,0.391,0.0,0.0,118.99,0.391,19038.399999999998,20942.239999999998,0.0
2011-10-23 01:00:00,B2752,0.391,0.0,0.0,118.99,0.391,19038.399999999998,20942.239999999998,0.0
2011-10-23 02:00:00,B2752,0.391,0.0,0.0,118.99,0.391,19038.399999999998,20942.239999999998,0.0
2011-10-23 03:00:00,B2752,0.391,0.0,0.0,118.99,0.391,19038.399999999998,20942.239999999998,0.0
2011-10-23 04:00:00,B2752,0.391,0.0,0.0,118.99,0.391,19038.399999999998,20942.239999999998,0.0
2011-10-23 05:00:00,B2752,0.704,0.0,0.0,118.99,0.704,19038.399999999998,20942.239999999998,0.0
2011-10-23 06:00:00,B2752,2.581,0.0,0.0,118.99,2.581,19038.399999999998,20942.239999999998,0.0
2011-10-23 07:00:00,B2752,0.704,0.0,0.0,118.99,0.704,19038.399999999998,20942.239999999998,0.0
2011-10-23 08:00:00,B2752,2.791,2.4,1.03,118.99,1.531,19038.399999999998,20942.239999999998,1.26
2011-10-23 09:00:00,B2752,2.792,2.4,1.56,118.99,0.9419999999999997,19038.399999999998,20942.239999999998,1.85
2011-10-23 10:00:00,B2752,2.792,2.4,2.29,118.99,0.10199999999999987,19038.399999999998,20942.239999999998,2.69
2011-10-23 11:00:00,B2752,2.792,2.4,2.17,118.99,0.2919999999999998,19038.399999999998,20942.239999999998,2.5
2011-10-23 12:00:00,B2752,4.982,2.4,2.22,118.99,2.462,19038.399999999998,20942.239999999998,2.52
2011-10-23 13:00:00,B2752,0.704,0.0,2.64,118.99,-2.3259999999999996,19038.399999999998,20942.239999999998,3.03
2011-10-23 14:00:00,B2752,0.391,0.0,2.32,118.99,-2.329,19038.399999999998,20942.239999999998,2.72
2011-10-23 15:00:00,B2752,0.391,0.0,1.59,118.99,-1.459,19038.399999999998,20942.239999999998,1.85
2011-10-23 16:00:00,B2752,0.391,0.0,0.63,118.99,-0.32899999999999996,19038.399999999998,20942.239999999998,0.72
2011-10-23 17:00:00,B2752,0.704,0.0,0.0,118.99,0.704,19038.399999999998,20942.239999999998,0.0
2011-10-23 18:00:00,B2752,2.582,0.0,0.0,118.99,2.582,19038.399999999998,20942.239999999998,0.0
2011-10-23 19:00:00,B2752,3.208,0.0,0.0,118.99,3.208,19038.399999999998,20942.239999999998,0.0
2011-10-23 20:00:00,B2752,0.704,0.0,0.0,118.99,0.704,19038.399999999998,20942.239999999998,0.0
2011-10-23 21:00:00,B2752,0.704,0.0,0.0,118.99,0.704,19038.399999999998,20942.239999999998,0.0
2011-10-23 22:00:00,B2752,0.704,0.0,0.0,118.99,0.704,19038.399999999998,20942.239999999998,0.0
2011-10-23 23:00:00,B2752,0.391,0.0,0.0,118.99,0.391,19038.399999999998,20942.239999999998,0.0
2011-10-24 00:00:00,B2752,2.791,2.4,0.0,118.99,2.791,19038.399999999998,20942.239999999998,0.0
2011-10-24 01:00:00,B2752,2.791,2.4,0.0,118.99,2.791,19038.399999999998,20942.239999999998,0.0
2011-10-24 02:00:00,B2752,2.791,2.4,0.0,118.99,2.791,19038.399999999998,20942.239999999998,0.0
2011-10-24 03:00:00,B2752,2.791,2.4,0.0,118.99,2.791,19038.399999999998,20942.239999999998,0.0
2011-10-24 04:00:00,B2752,2.791,2.4,0.0,118.99,2.791,19038.399999999998,20942.239999999998,0.0
2011-10-24 05:00:00,B2752,0.704,0.0,0.0,118.99,0.704,19038.399999999998,20942.239999999998,0.0
2011-10-24 06:00:00,B2752,2.582,0.0,0.0,118.99,2.582,19038.399999999998,20942.239999999998,0.0
2011-10-24 07:00:00,B2752,0.705,0.0,0.0,118.99,0.705,19038.399999999998,20942.239999999998,0.0
2011-10-24 08:00:00,B2752,0.392,0.0,1.86,118.99,-1.8980000000000001,19038.399999999998,20942.239999999998,2.29
2011-10-24 09:00:00,B2752,0.391,0.0,2.92,118.99,-3.109,19038.399999999998,20942.239999999998,3.5
2011-10-24 10:00:00,B2752,0.391,0.0,3.65,118.99,-3.859,19038.399999999998,20942.239999999998,4.25
2011-10-24 11:00:00,B2752,0.391,0.0,4.05,118.99,-4.239,19038.399999999998,20942.239999999998,4.63
2011-10-24 12:00:00,B2752,2.582,0.0,4.2,118.99,-2.1879999999999997,19038.399999999998,20942.239999999998,4.77
2011-10-24 13:00:00,B2752,0.704,0.0,3.95,118.99,-3.8260000000000005,19038.399999999998,20942.239999999998,4.53
2011-10-24 14:00:00,B2752,0.391,0.0,3.07,118.99,-3.169,19038.399999999998,20942.239999999998,3.56
2011-10-24 15:00:00,B2752,0.391,0.0,1.77,118.99,-1.6989999999999998,19038.399999999998,20942.239999999998,2.09
2011-10-24 16:00:00,B2752,0.391,0.0,0.0,118.99,0.361,19038.399999999998,20942.239999999998,0.03
2011-10-24 17:00:00,B2752,0.704,0.0,0.0,118.99,0.704,19038.399999999998,20942.239999999998,0.0
2011-10-24 18:00:00,B2752,2.582,0.0,0.0,118.99,2.582,19038.399999999998,20942.239999999998,0.0
2011-10-24 19:00:00,B2752,3.208,0.0,0.0,118.99,3.208,19038.399999999998,20942.239999999998,0.0
2011-10-24 20:00:00,B2752,0.704,0.0,0.0,118.99,0.704,19038.399999999998,20942.239999999998,0.0
2011-10-24 21:00:00,B2752,0.704,0.0,0.0,118.99,0.704,19038.399999999998,20942.239999999998,0.0
2011-10-24 22:00:00,B2752,0.704,0.0,0.0,118.99,0.704,19038.399999999998,20942.239999999998,0.0
2011-10-24 23:00:00,B2752,0.391,0.0,0.0,118.99,0.391,19038.399999999998,20942.239999999998,0.0
2011-10-25 00:00:00,B2752,2.791,2.4,0.0,118.99,2.791,19038.399999999998,20942.239999999998,0.0
2011-10-25 01:00:00,B2752,2.791,2.4,0.0,118.99,2.791,19038.399999999998,20942.239999999998,0.0
2011-10-25 02:00:00,B2752,2.791,2.4,0.0,118.99,2.791,19038.399999999998,20942.239999999998,0.0
2011-10-25 03:00:00,B2752,2.791,2.4,0.0,118.99,2.791,19038.399999999998,20942.239999999998,0.0
2011-10-25 04:00:00,B2752,2.791,2.4,0.0,118.99,2.791,19038.399999999998,20942.239999999998,0.0
2011-10-25 05:00:00,B2752,0.704,0.0,0.0,118.99,0.704,19038.399999999998,20942.239999999998,0.0
2011-10-25 06:00:00,B2752,2.582,0.0,0.0,118.99,2.582,19038.399999999998,20942.239999999998,0.0
2011-10-25 07:00:00,B2752,0.705,0.0,0.0,118.99,0.705,19038.399999999998,20942.239999999998,0.0
2011-10-25 08:00:00,B2752,0.392,0.0,1.09,118.99,-1.158,19038.399999999998,20942.239999999998,1.55
2011-10-25 09:00:00,B2752,0.391,0.0,2.21,118.99,-2.349,19038.399999999998,20942.239999999998,2.74
2011-10-25 10:00:00,B2752,0.391,0.0,2.93,118.99,-3.049,19038.399999999998,20942.239999999998,3.44
2011-10-25 11:00:00,B2752,0.391,0.0,3.03,118.99,-3.089,19038.399999999998,20942.239999999998,3.48
2011-10-25 12:00:00,B2752,2.582,0.0,3.04,118.99,-0.8880000000000003,19038.399999999998,20942.239999999998,3.47
2011-10-25 13:00:00,B2752,0.704,0.0,2.77,118.99,-2.4859999999999998,19038.399999999998,20942.239999999998,3.19
2011-10-25 14:00:00,B2752,0.391,0.0,2.17,118.99,-2.169,19038.399999999998,20942.239999999998,2.56
2011-10-25 15:00:00,B2752,0.391,0.0,1.38,118.99,-1.229,19038.399999999998,20942.239999999998,1.62
2011-10-25 16:00:00,B2752,0.391,0.0,0.0,118.99,0.391,19038.399999999998,20942.239999999998,0.0
2011-10-25 17:00:00,B2752,0.704,0.0,0.0,118.99,0.704,19038.399999999998,20942.239999999998,0.0
2011-10-25 18:00:00,B2752,2.582,0.0,0.0,118.99,2.582,19038.399999999998,20942.239999999998,0.0
2011-10-25 19:00:00,B2752,3.208,0.0,0.0,118.99,3.208,19038.399999999998,20942.239999999998,0.0
2011-10-25 20:00:00,B2752,0.704,0.0,0.0,118.99,0.704,19038.399999999998,20942.239999999998,0.0
2011-10-25 21:00:00,B2752,0.704,0.0,0.0,118.99,0.704,19038.399999999998,20942.239999999998,0.0
2011-10-25 22:00:00,B2752,0.704,0.0,0.0,118.99,0.704,19038.399999999998,20942.239999999998,0.0
2011-10-25 23:00:00,B2752,0.391,0.0,0.0,118.99,0.391,19038.399999999998,20942.239999999998,0.0
2011-10-26 00:00:00,B2752,2.791,2.4,0.0,118.99,2.791,19038.399999999998,20942.239999999998,0.0
2011-10-26 01:00:00,B2752,2.791,2.4,0.0,118.99,2.791,19038.399999999998,20942.239999999998,0.0
2011-10-26 02:00:00,B2752,2.791,2.4,0.0,118.99,2.791,19038.399999999998,20942.239999999998,0.0
2011-10-26 03:00:00,B2752,2.791,2.4,0.0,118.99,2.791,19038.399999999998,20942.239999999998,0.0
2011-10-26 04:00:00,B2752,2.791,2.4,0.0,118.99,2.791,19038.399999999998,20942.239999999998,0.0
2011-10-26 05:00:00,B2752,0.704,0.0,0.0,118.99,0.704,19038.399999999998,20942.239999999998,0.0
2011-10-26 06:00:00,B2752,2.582,0.0,0.0,118.99,2.582,19038.399999999998,20942.239999999998,0.0
2011-10-26 07:00:00,B2752,0.705,0.0,0.0,118.99,0.705,19038.399999999998,20942.239999999998,0.0
2011-10-26 08:00:00,B2752,0.392,0.0,1.41,118.99,-1.3479999999999999,19038.399999999998,20942.239999999998,1.74
2011-10-26 09:00:00,B2752,0.391,0.0,2.14,118.99,-2.229,19038.399999999998,20942.239999999998,2.62
2011-10-26 10:00:00,B2752,0.391,0.0,2.39,118.99,-2.459,19038.399999999998,20942.239999999998,2.85
2011-10-26 11:00:00,B2752,0.391,0.0,2.91,118.99,-2.959,19038.399999999998,20942.239999999998,3.35
2011-10-26 12:00:00,B2752,2.582,0.0,2.81,118.99,-0.6280000000000001,19038.399999999998,20942.239999999998,3.21
2011-10-26 13:00:00,B2752,0.704,0.0,2.26,118.99,-1.9160000000000001,19038.399999999998,20942.239999999998,2.62
2011-10-26 14:00:00,B2752,0.391,0.0,2.24,118.99,-2.259,19038.399999999998,20942.239999999998,2.65
2011-10-26 15:00:00,B2752,0.391,0.0,1.68,118.99,-1.599,19038.399999999998,20942.239999999998,1.99
2011-10-26 16:00:00,B2752,0.391,0.0,0.6,118.99,-0.30899999999999994,19038.399999999998,20942.239999999998,0.7
2011-10-26 17:00:00,B2752,0.704,0.0,0.0,118.99,0.704,19038.399999999998,20942.239999999998,0.0
2011-10-26 18:00:00,B2752,2.582,0.0,0.0,118.99,2.582,19038.399999999998,20942.239999999998,0.0
2011-10-26 19:00:00,B2752,3.208,0.0,0.0,118.99,3.208,19038.399999999998,20942.239999999998,0.0
2011-10-26 20:00:00,B2752,0.704,0.0,0.0,118.99,0.704,19038.399999999998,20942.239999999998,0.0
2011-10-26 21:00:00,B2752,0.704,0.0,0.0,118.99,0.704,19038.399999999998,20942.239999999998,0.0
2011-10-26 22:00:00,B2752,0.704,0.0,0.0,118.99,0.704,19038.399999999998,20942.239999999998,0.0
2011-10-26 23:00:00,B2752,0.391,0.0,0.0,118.99,0.391,19038.399999999998,20942.239999999998,0.0
2011-10-27 00:00:00,B2752,2.791,2.4,0.0,118.99,2.791,19038.399999999998,20942.239999999998,0.0
2011-10-27 01:00:00,B2752,2.791,2.4,0.0,118.99,2.791,19038.399999999998,20942.239999999998,0.0
2011-10-27 02:00:00,B2752,2.791,2.4,0.0,118.99,2.791,19038.399999999998,20942.239999999998,0.0
2011-10-27 03:00:00,B2752,2.791,2.4,0.0,118.99,2.791,19038.399999999998,20942.239999999998,0.0
2011-10-27 04:00:00,B2752,2.791,2.4,0.0,118.99,2.791,19038.399999999998,20942.239999999998,0.0
2011-10-27 05:00:00,B2752,0.704,0.0,0.0,118.99,0.704,19038.399999999998,20942.239999999998,0.0
2011-10-27 06:00:00,B2752,2.582,0.0,0.0,118.99,2.582,19038.399999999998,20942.239999999998,0.0
2011-10-27 07:00:00,B2752,0.705,0.0,0.0,118.99,0.705,19038.399999999998,20942.239999999998,0.0
2011-10-27 08:00:00,B2752,0.392,0.0,1.76,118.99,-1.8080000000000003,19038.399999999998,20942.239999999998,2.2
2011-10-27 09:00:00,B2752,0.391,0.0,2.66,118.99,-2.819,19038.399999999998,20942.239999999998,3.21
2011-10-27 10:00:00,B2752,0.391,0.0,3.47,118.99,-3.649,19038.399999999998,20942.239999999998,4.04
2011-10-27 11:00:00,B2752,0.391,0.0,3.79,118.99,-3.949,19038.399999999998,20942.239999999998,4.34
2011-10-27 12:00:00,B2752,2.582,0.0,3.8,118.99,-1.758,19038.399999999998,20942.239999999998,4.34
2011-10-27 13:00:00,B2752,0.704,0.0,3.36,118.99,-3.1660000000000004,19038.399999999998,20942.239999999998,3.87
2011-10-27 14:00:00,B2752,0.391,0.0,2.29,118.99,-2.339,19038.399999999998,20942.239999999998,2.73
2011-10-27 15:00:00,B2752,0.391,0.0,1.27,118.99,-1.179,19038.399999999998,20942.239999999998,1.57
2011-10-27 16:00:00,B2752,0.391,0.0,0.41,118.99,-0.119,19038.399999999998,20942.239999999998,0.51
2011-10-27 17:00:00,B2752,0.704,0.0,0.0,118.99,0.704,19038.399999999998,20942.239999999998,0.0
2011-10-27 18:00:00,B2752,2.582,0.0,0.0,118.99,2.582,19038.399999999998,20942.239999999998,0.0
2011-10-27 19:00:00,B2752,3.208,0.0,0.0,118.99,3.208,19038.399999999998,20942.239999999998,0.0
2011-10-27 20:00:00,B2752,0.704,0.0,0.0,118.99,0.704,19038.399999999998,20942.239999999998,0.0
2011-10-27 21:00:00,B2752,0.704,0.0,0.0,118.99,0.704,19038.399999999998,20942.239999999998,0.0
2011-10-27 22:00:00,B2752,0.704,0.0,0.0,118.99,0.704,19038.399999999998,20942.239999999998,0.0
2011-10-27 23:00:00,B2752,0.391,0.0,0.0,118.99,0.391,19038.399999999998,20942.239999999998,0.0
2011-10-28 00:00:00,B2752,2.791,2.4,0.0,118.99,2.791,19038.399999999998,20942.239999999998,0.0
2011-10-28 01:00:00,B2752,2.791,2.4,0.0,118.99,2.791,19038.399999999998,20942.239999999998,0.0
2011-10-28 02:00:00,B2752,2.791,2.4,0.0,118.99,2.791,19038.399999999998,20942.239999999998,0.0
2011-10-28 03:00:00,B2752,2.791,2.4,0.0,118.99,2.791,19038.399999999998,20942.239999999998,0.0
2011-10-28 04:00:00,B2752,2.791,2.4,0.0,118.99,2.791,19038.399999999998,20942.239999999998,0.0
2011-10-28 05:00:00,B2752,0.704,0.0,0.0,118.99,0.704,19038.399999999998,20942.239999999998,0.0
2011-10-28 06:00:00,B2752,2.582,0.0,0.0,118.99,2.582,19038.399999999998,20942.239999999998,0.0
2011-10-28 07:00:00,B2752,0.705,0.0,0.0,118.99,0.705,19038.399999999998,20942.239999999998,0.0
2011-10-28 08:00:00,B2752,0.392,0.0,1.02,118.99,-1.1280000000000001,19038.399999999998,20942.239999999998,1.52
2011-10-28 09:00:00,B2752,0.391,0.0,1.56,118.99,-1.649,19038.399999999998,20942.239999999998,2.04
2011-10-28 10:00:00,B2752,0.391,0.0,2.35,118.99,-2.429,19038.399999999998,20942.239999999998,2.82
2011-10-28 11:00:00,B2752,0.391,0.0,3.33,118.99,-3.439,19038.399999999998,20942.239999999998,3.83
2011-10-28 12:00:00,B2752,2.582,0.0,3.55,118.99,-1.468,19038.399999999998,20942.239999999998,4.05
2011-10-28 13:00:00,B2752,0.704,0.0,3.22,118.99,-3.026,19038.399999999998,20942.239999999998,3.73
2011-10-28 14:00:00,B2752,0.391,0.0,2.71,118.99,-2.819,19038.399999999998,20942.239999999998,3.21
2011-10-28 15:00:00,B2752,0.391,0.0,2.04,118.99,-2.079,19038.399999999998,20942.239999999998,2.47
2011-10-28 16:00:00,B2752,0.391,0.0,0.84,118.99,-0.599,19038.399999999998,20942.239999999998,0.99
2011-10-28 17:00:00,B2752,0.704,0.0,0.0,118.99,0.704,19038.399999999998,20942.239999999998,0.0
2011-10-28 18:00:00,B2752,2.582,0.0,0.0,118.99,2.582,19038.399999999998,20942.239999999998,0.0
2011-10-28 19:00:00,B2752,3.208,0.0,0.0,118.99,3.208,19038.399999999998,20942.239999999998,0.0
2011-10-28 20:00:00,B2752,0.704,0.0,0.0,118.99,0.704,19038.399999999998,20942.239999999998,0.0
2011-10-28 21:00:00,B2752,0.704,0.0,0.0,118.99,0.704,19038.399999999998,20942.239999999998,0.0
2011-10-28 22:00:00,B2752,0.704,0.0,0.0,118.99,0.704,19038.399999999998,20942.239999999998,0.0
2011-10-28 23:00:00,B2752,0.391,0.0,0.0,118.99,0.391,19038.399999999998,20942.239999999998,0.0
2011-10-29 00:00:00,B2752,0.391,0.0,0.0,118.99,0.391,19038.399999999998,20942.239999999998,0.0
2011-10-29 01:00:00,B2752,0.391,0.0,0.0,118.99,0.391,19038.399999999998,20942.239999999998,0.0
2011-10-29 02:00:00,B2752,0.391,0.0,0.0,118.99,0.391,19038.399999999998,20942.239999999998,0.0
2011-10-29 03:00:00,B2752,0.391,0.0,0.0,118.99,0.391,19038.399999999998,20942.239999999998,0.0
2011-10-29 04:00:00,B2752,0.391,0.0,0.0,118.99,0.391,19038.399999999998,20942.239999999998,0.0
2011-10-29 05:00:00,B2752,0.704,0.0,0.0,118.99,0.704,19038.399999999998,20942.239999999998,0.0
2011-10-29 06:00:00,B2752,2.581,0.0,0.0,118.99,2.581,19038.399999999998,20942.239999999998,0.0
2011-10-29 07:00:00,B2752,0.704,0.0,0.0,118.99,0.704,19038.399999999998,20942.239999999998,0.0
2011-10-29 08:00:00,B2752,2.792,2.4,0.82,118.99,1.5319999999999998,19038.399999999998,20942.239999999998,1.26
2011-10-29 09:00:00,B2752,2.792,2.4,1.46,118.99,0.8619999999999999,19038.399999999998,20942.239999999998,1.93
2011-10-29 10:00:00,B2752,2.792,2.4,1.7,118.99,0.6819999999999999,19038.399999999998,20942.239999999998,2.11
2011-10-29 11:00:00,B2752,2.792,2.4,1.78,118.99,0.6819999999999999,19038.399999999998,20942.239999999998,2.11
2011-10-29 12:00:00,B2752,4.982,2.4,1.94,118.99,2.712,19038.399999999998,20942.239999999998,2.27
2011-10-29 13:00:00,B2752,0.704,0.0,1.82,118.99,-1.4760000000000002,19038.399999999998,20942.239999999998,2.18
2011-10-29 14:00:00,B2752,0.391,0.0,1.59,118.99,-1.569,19038.399999999998,20942.239999999998,1.96
2011-10-29 15:00:00,B2752,0.391,0.0,1.34,118.99,-1.299,19038.399999999998,20942.239999999998,1.69
2011-10-29 16:00:00,B2752,0.391,0.0,0.54,118.99,-0.28900000000000003,19038.399999999998,20942.239999999998,0.68
2011-10-29 17:00:00,B2752,0.704,0.0,0.0,118.99,0.704,19038.399999999998,20942.239999999998,0.0
2011-10-29 18:00:00,B2752,2.582,0.0,0.0,118.99,2.582,19038.399999999998,20942.239999999998,0.0
2011-10-29 19:00:00,B2752,3.208,0.0,0.0,118.99,3.208,19038.399999999998,20942.239999999998,0.0
2011-10-29 20:00:00,B2752,0.704,0.0,0.0,118.99,0.704,19038.399999999998,20942.239999999998,0.0
2011-10-29 21:00:00,B2752,0.704,0.0,0.0,118.99,0.704,19038.399999999998,20942.239999999998,0.0
2011-10-29 22:00:00,B2752,0.704,0.0,0.0,118.99,0.704,19038.399999999998,20942.239999999998,0.0
2011-10-29 23:00:00,B2752,0.391,0.0,0.0,118.99,0.391,19038.399999999998,20942.239999999998,0.0
2011-10-30 00:00:00,B2752,0.391,0.0,0.0,118.99,0.391,19038.399999999998,20942.239999999998,0.0
2011-10-30 01:00:00,B2752,0.391,0.0,0.0,118.99,0.391,19038.399999999998,20942.239999999998,0.0
2011-10-30 02:00:00,B2752,0.391,0.0,0.0,118.99,0.391,19038.399999999998,20942.239999999998,0.0
2011-10-30 03:00:00,B2752,0.391,0.0,0.0,118.99,0.391,19038.399999999998,20942.239999999998,0.0
2011-10-30 04:00:00,B2752,0.391,0.0,0.0,118.99,0.391,19038.399999999998,20942.239999999998,0.0
2011-10-30 05:00:00,B2752,0.704,0.0,0.0,118.99,0.704,19038.399999999998,20942.239999999998,0.0
2011-10-30 06:00:00,B2752,2.581,0.0,0.0,118.99,2.581,19038.399999999998,20942.239999999998,0.0
2011-10-30 07:00:00,B2752,0.704,0.0,0.0,118.99,0.704,19038.399999999998,20942.239999999998,0.0
2011-10-30 08:00:00,B2752,2.791,2.4,1.23,118.99,1.051,19038.399999999998,20942.239999999998,1.74
2011-10-30 09:00:00,B2752,2.792,2.4,2.0,118.99,0.23199999999999976,19038.399999999998,20942.239999999998,2.56
2011-10-30 10:00:00,B2752,2.792,2.4,2.43,118.99,-0.1280000000000001,19038.399999999998,20942.239999999998,2.92
2011-10-30 11:00:00,B2752,2.792,2.4,2.33,118.99,0.06199999999999983,19038.399999999998,20942.239999999998,2.73
2011-10-30 12:00:00,B2752,4.982,2.4,2.15,118.99,2.4720000000000004,19038.399999999998,20942.239999999998,2.51
2011-10-30 13:00:00,B2752,0.704,0.0,2.06,118.99,-1.736,19038.399999999998,20942.239999999998,2.44
2011-10-30 14:00:00,B2752,0.391,0.0,1.96,118.99,-1.999,19038.399999999998,20942.239999999998,2.39
2011-10-30 15:00:00,B2752,0.391,0.0,1.64,118.99,-1.609,19038.399999999998,20942.239999999998,2.0
2011-10-30 16:00:00,B2752,0.391,0.0,0.69,118.99,-0.44899999999999995,19038.399999999998,20942.239999999998,0.84
2011-10-30 17:00:00,B2752,0.704,0.0,0.0,118.99,0.704,19038.399999999998,20942.239999999998,0.0
2011-10-30 18:00:00,B2752,2.582,0.0,0.0,118.99,2.582,19038.399999999998,20942.239999999998,0.0
2011-10-30 19:00:00,B2752,3.208,0.0,0.0,118.99,3.208,19038.399999999998,20942.239999999998,0.0
2011-10-30 20:00:00,B2752,0.704,0.0,0.0,118.99,0.704,19038.399999999998,20942.239999999998,0.0
2011-10-30 21:00:00,B2752,0.704,0.0,0.0,118.99,0.704,19038.399999999998,20942.239999999998,0.0
2011-10-30 22:00:00,B2752,0.704,0.0,0.0,118.99,0.704,19038.399999999998,20942.239999999998,0.0
2011-10-30 23:00:00,B2752,0.391,0.0,0.0,118.99,0.391,19038.399999999998,20942.239999999998,0.0
2011-10-31 00:00:00,B2752,2.791,2.4,0.0,118.99,2.791,19038.399999999998,20942.239999999998,0.0
2011-10-31 01:00:00,B2752,2.791,2.4,0.0,118.99,2.791,19038.399999999998,20942.239999999998,0.0
2011-10-31 02:00:00,B2752,2.791,2.4,0.0,118.99,2.791,19038.399999999998,20942.239999999998,0.0
2011-10-31 03:00:00,B2752,2.791,2.4,0.0,118.99,2.791,19038.399999999998,20942.239999999998,0.0
2011-10-31 04:00:00,B2752,2.791,2.4,0.0,118.99,2.791,19038.399999999998,20942.239999999998,0.0
2011-10-31 05:00:00,B2752,0.704,0.0,0.0,118.99,0.704,19038.399999999998,20942.239999999998,0.0
2011-10-31 06:00:00,B2752,2.582,0.0,0.0,118.99,2.582,19038.399999999998,20942.239999999998,0.0
2011-10-31 07:00:00,B2752,0.705,0.0,0.0,118.99,0.705,19038.399999999998,20942.239999999998,0.0
2011-10-31 08:00:00,B2752,0.392,0.0,0.97,118.99,-1.0779999999999998,19038.399999999998,20942.239999999998,1.47
2011-10-31 09:00:00,B2752,0.391,0.0,1.31,118.99,-1.399,19038.399999999998,20942.239999999998,1.79
2011-10-31 10:00:00,B2752,0.391,0.0,1.45,118.99,-1.459,19038.399999999998,20942.239999999998,1.85
2011-10-31 11:00:00,B2752,0.391,0.0,1.6,118.99,-1.539,19038.399999999998,20942.239999999998,1.93
2011-10-31 12:00:00,B2752,2.582,0.0,1.7,118.99,0.5619999999999998,19038.399999999998,20942.239999999998,2.02
2011-10-31 13:00:00,B2752,0.704,0.0,1.71,118.99,-1.356,19038.399999999998,20942.239999999998,2.06
2011-10-31 14:00:00,B2752,0.391,0.0,1.56,118.99,-1.559,19038.399999999998,20942.239999999998,1.95
2011-10-31 15:00:00,B2752,0.391,0.0,1.28,118.99,-1.229,19038.399999999998,20942.239999999998,1.62
2011-10-31 16:00:00,B2752,0.391,0.0,0.52,118.99,-0.279,19038.399999999998,20942.239999999998,0.67
2011-10-31 17:00:00,B2752,0.704,0.0,0.0,118.99,0.704,19038.399999999998,20942.239999999998,0.0
2011-10-31 18:00:00,B2752,2.582,0.0,0.0,118.99,2.582,19038.399999999998,20942.239999999998,0.0
2011-10-31 19:00:00,B2752,3.208,0.0,0.0,118.99,3.208,19038.399999999998,20942.239999999998,0.0
2011-10-31 20:00:00,B2752,0.704,0.0,0.0,118.99,0.704,19038.399999999998,20942.239999999998,0.0
2011-10-31 21:00:00,B2752,0.704,0.0,0.0,118.99,0.704,19038.399999999998,20942.239999999998,0.0
2011-10-31 22:00:00,B2752,0.704,0.0,0.0,118.99,0.704,19038.399999999998,20942.239999999998,0.0
2011-10-31 23:00:00,B2752,0.391,0.0,0.0,118.99,0.391,19038.399999999998,20942.239999999998,0.0
2011-11-01 00:00:00,B2752,2.791,2.4,0.0,118.99,2.791,19038.399999999998,20942.239999999998,0.0
2011-11-01 01:00:00,B2752,2.791,2.4,0.0,118.99,2.791,19038.399999999998,20942.239999999998,0.0
2011-11-01 02:00:00,B2752,2.791,2.4,0.0,118.99,2.791,19038.399999999998,20942.239999999998,0.0
2011-11-01 03:00:00,B2752,2.791,2.4,0.0,118.99,2.791,19038.399999999998,20942.239999999998,0.0
2011-11-01 04:00:00,B2752,2.791,2.4,0.0,118.99,2.791,19038.399999999998,20942.239999999998,0.0
2011-11-01 05:00:00,B2752,0.704,0.0,0.0,118.99,0.704,19038.399999999998,20942.239999999998,0.0
2011-11-01 06:00:00,B2752,2.582,0.0,0.0,118.99,2.582,19038.399999999998,20942.239999999998,0.0
2011-11-01 07:00:00,B2752,0.705,0.0,0.0,118.99,0.705,19038.399999999998,20942.239999999998,0.0
2011-11-01 08:00:00,B2752,0.392,0.0,0.89,118.99,-0.9979999999999999,19038.399999999998,20942.239999999998,1.39
2011-11-01 09:00:00,B2752,0.391,0.0,1.76,118.99,-1.9089999999999998,19038.399999999998,20942.239999999998,2.3
2011-11-01 10:00:00,B2752,0.391,0.0,2.87,118.99,-3.019,19038.399999999998,20942.239999999998,3.41
2011-11-01 11:00:00,B2752,0.391,0.0,3.65,118.99,-3.819,19038.399999999998,20942.239999999998,4.21
2011-11-01 12:00:00,B2752,2.582,0.0,3.79,118.99,-1.758,19038.399999999998,20942.239999999998,4.34
2011-11-01 13:00:00,B2752,0.704,0.0,3.17,118.99,-2.9560000000000004,19038.399999999998,20942.239999999998,3.66
2011-11-01 14:00:00,B2752,0.391,0.0,2.35,118.99,-2.359,19038.399999999998,20942.239999999998,2.75
2011-11-01 15:00:00,B2752,0.391,0.0,1.54,118.99,-1.379,19038.399999999998,20942.239999999998,1.77
2011-11-01 16:00:00,B2752,0.391,0.0,0.0,118.99,0.35100000000000003,19038.399999999998,20942.239999999998,0.04
2011-11-01 17:00:00,B2752,0.704,0.0,0.0,118.99,0.704,19038.399999999998,20942.239999999998,0.0
2011-11-01 18:00:00,B2752,2.582,0.0,0.0,118.99,2.582,19038.399999999998,20942.239999999998,0.0
2011-11-01 19:00:00,B2752,3.208,0.0,0.0,118.99,3.208,19038.399999999998,20942.239999999998,0.0
2011-11-01 20:00:00,B2752,0.704,0.0,0.0,118.99,0.704,19038.399999999998,20942.239999999998,0.0
2011-11-01 21:00:00,B2752,0.704,0.0,0.0,118.99,0.704,19038.399999999998,20942.239999999998,0.0
2011-11-01 22:00:00,B2752,0.704,0.0,0.0,118.99,0.704,19038.399999999998,20942.239999999998,0.0
2011-11-01 23:00:00,B2752,0.391,0.0,0.0,118.99,0.391,19038.399999999998,20942.239999999998,0.0
2011-11-02 00:00:00,B2752,2.791,2.4,0.0,118.99,2.791,19038.399999999998,20942.239999999998,0.0
2011-11-02 01:00:00,B2752,2.791,2.4,0.0,118.99,2.791,19038.399999999998,20942.239999999998,0.0
2011-11-02 02:00:00,B2752,2.791,2.4,0.0,118.99,2.791,19038.399999999998,20942.239999999998,0.0
2011-11-02 03:00:00,B2752,2.791,2.4,0.0,118.99,2.791,19038.399999999998,20942.239999999998,0.0
2011-11-02 04:00:00,B2752,2.791,2.4,0.0,118.99,2.791,19038.399999999998,20942.239999999998,0.0
2011-11-02 05:00:00,B2752,0.704,0.0,0.0,118.99,0.704,19038.399999999998,20942.239999999998,0.0
2011-11-02 06:00:00,B2752,2.582,0.0,0.0,118.99,2.582,19038.399999999998,20942.239999999998,0.0
2011-11-02 07:00:00,B2752,0.705,0.0,0.0,118.99,0.705,19038.399999999998,20942.239999999998,0.0
2011-11-02 08:00:00,B2752,0.392,0.0,0.0,118.99,0.392,19038.399999999998,20942.239999999998,0.0
2011-11-02 09:00:00,B2752,0.391,0.0,0.0,118.99,0.391,19038.399999999998,20942.239999999998,0.0
2011-11-02 10:00:00,B2752,0.391,0.0,0.0,118.99,0.35100000000000003,19038.399999999998,20942.239999999998,0.04
2011-11-02 11:00:00,B2752,0.391,0.0,1.18,118.99,-0.899,19038.399999999998,20942.239999999998,1.29
2011-11-02 12:00:00,B2752,2.582,0.0,2.61,118.99,-0.42799999999999994,19038.399999999998,20942.239999999998,3.01
2011-11-02 13:00:00,B2752,0.704,0.0,2.95,118.99,-2.7460000000000004,19038.399999999998,20942.239999999998,3.45
2011-11-02 14:00:00,B2752,0.391,0.0,2.1,118.99,-2.129,19038.399999999998,20942.239999999998,2.52
2011-11-02 15:00:00,B2752,0.391,0.0,1.4,118.99,-1.309,19038.399999999998,20942.239999999998,1.7
2011-11-02 16:00:00,B2752,0.391,0.0,0.47,118.99,-0.17899999999999994,19038.399999999998,20942.239999999998,0.57
2011-11-02 17:00:00,B2752,0.704,0.0,0.0,118.99,0.704,19038.399999999998,20942.239999999998,0.0
2011-11-02 18:00:00,B2752,2.582,0.0,0.0,118.99,2.582,19038.399999999998,20942.239999999998,0.0
2011-11-02 19:00:00,B2752,3.208,0.0,0.0,118.99,3.208,19038.399999999998,20942.239999999998,0.0
2011-11-02 20:00:00,B2752,0.704,0.0,0.0,118.99,0.704,19038.399999999998,20942.239999999998,0.0
2011-11-02 21:00:00,B2752,0.704,0.0,0.0,118.99,0.704,19038.399999999998,20942.239999999998,0.0
2011-11-02 22:00:00,B2752,0.704,0.0,0.0,118.99,0.704,19038.399999999998,20942.239999999998,0.0
2011-11-02 23:00:00,B2752,0.391,0.0,0.0,118.99,0.391,19038.399999999998,20942.239999999998,0.0
2011-11-03 00:00:00,B2752,2.791,2.4,0.0,118.99,2.791,19038.399999999998,20942.239999999998,0.0
2011-11-03 01:00:00,B2752,2.791,2.4,0.0,118.99,2.791,19038.399999999998,20942.239999999998,0.0
2011-11-03 02:00:00,B2752,2.791,2.4,0.0,118.99,2.791,19038.399999999998,20942.239999999998,0.0
2011-11-03 03:00:00,B2752,2.791,2.4,0.0,118.99,2.791,19038.399999999998,20942.239999999998,0.0
2011-11-03 04:00:00,B2752,2.791,2.4,0.0,118.99,2.791,19038.399999999998,20942.239999999998,0.0
2011-11-03 05:00:00,B2752,0.704,0.0,0.0,118.99,0.704,19038.399999999998,20942.239999999998,0.0
2011-11-03 06:00:00,B2752,2.582,0.0,0.0,118.99,2.582,19038.399999999998,20942.239999999998,0.0
2011-11-03 07:00:00,B2752,0.705,0.0,0.0,118.99,0.705,19038.399999999998,20942.239999999998,0.0
2011-11-03 08:00:00,B2752,0.392,0.0,0.91,118.99,-0.928,19038.399999999998,20942.239999999998,1.32
2011-11-03 09:00:00,B2752,0.391,0.0,1.46,118.99,-1.559,19038.399999999998,20942.239999999998,1.95
2011-11-03 10:00:00,B2752,0.391,0.0,2.17,118.99,-2.249,19038.399999999998,20942.239999999998,2.64
2011-11-03 11:00:00,B2752,0.391,0.0,2.45,118.99,-2.469,19038.399999999998,20942.239999999998,2.86
2011-11-03 12:00:00,B2752,2.582,0.0,2.45,118.99,-0.26800000000000024,19038.399999999998,20942.239999999998,2.85
2011-11-03 13:00:00,B2752,0.704,0.0,2.46,118.99,-2.186,19038.399999999998,20942.239999999998,2.89
2011-11-03 14:00:00,B2752,0.391,0.0,2.07,118.99,-2.089,19038.399999999998,20942.239999999998,2.48
2011-11-03 15:00:00,B2752,0.391,0.0,1.49,118.99,-1.369,19038.399999999998,20942.239999999998,1.76
2011-11-03 16:00:00,B2752,0.391,0.0,0.51,118.99,-0.20899999999999996,19038.399999999998,20942.239999999998,0.6
2011-11-03 17:00:00,B2752,0.704,0.0,0.0,118.99,0.704,19038.399999999998,20942.239999999998,0.0
2011-11-03 18:00:00,B2752,2.582,0.0,0.0,118.99,2.582,19038.399999999998,20942.239999999998,0.0
2011-11-03 19:00:00,B2752,3.208,0.0,0.0,118.99,3.208,19038.399999999998,20942.239999999998,0.0
2011-11-03 20:00:00,B2752,0.704,0.0,0.0,118.99,0.704,19038.399999999998,20942.239999999998,0.0
2011-11-03 21:00:00,B2752,0.704,0.0,0.0,118.99,0.704,19038.399999999998,20942.239999999998,0.0
2011-11-03 22:00:00,B2752,0.704,0.0,0.0,118.99,0.704,19038.399999999998,20942.239999999998,0.0
2011-11-03 23:00:00,B2752,0.391,0.0,0.0,118.99,0.391,19038.399999999998,20942.239999999998,0.0
2011-11-04 00:00:00,B2752,2.791,2.4,0.0,118.99,2.791,19038.399999999998,20942.239999999998,0.0
2011-11-04 01:00:00,B2752,2.791,2.4,0.0,118.99,2.791,19038.399999999998,20942.239999999998,0.0
2011-11-04 02:00:00,B2752,2.791,2.4,0.0,118.99,2.791,19038.399999999998,20942.239999999998,0.0
2011-11-04 03:00:00,B2752,2.791,2.4,0.0,118.99,2.791,19038.399999999998,20942.239999999998,0.0
2011-11-04 04:00:00,B2752,2.791,2.4,0.0,118.99,2.791,19038.399999999998,20942.239999999998,0.0
2011-11-04 05:00:00,B2752,0.704,0.0,0.0,118.99,0.704,19038.399999999998,20942.239999999998,0.0
2011-11-04 06:00:00,B2752,2.582,0.0,0.0,118.99,2.582,19038.399999999998,20942.239999999998,0.0
2011-11-04 07:00:00,B2752,0.705,0.0,0.0,118.99,0.705,19038.399999999998,20942.239999999998,0.0
2011-11-04 08:00:00,B2752,0.392,0.0,1.69,118.99,-1.658,19038.399999999998,20942.239999999998,2.05
2011-11-04 09:00:00,B2752,0.391,0.0,2.46,118.99,-2.599,19038.399999999998,20942.239999999998,2.99
2011-11-04 10:00:00,B2752,0.391,0.0,2.93,118.99,-3.089,19038.399999999998,20942.239999999998,3.48
2011-11-04 11:00:00,B2752,0.391,0.0,3.09,118.99,-3.209,19038.399999999998,20942.239999999998,3.6
2011-11-04 12:00:00,B2752,2.582,0.0,2.86,118.99,-0.7280000000000002,19038.399999999998,20942.239999999998,3.31
2011-11-04 13:00:00,B2752,0.704,0.0,2.34,118.99,-2.056,19038.399999999998,20942.239999999998,2.76
2011-11-04 14:00:00,B2752,0.391,0.0,1.98,118.99,-2.009,19038.399999999998,20942.239999999998,2.4
2011-11-04 15:00:00,B2752,0.391,0.0,1.54,118.99,-1.479,19038.399999999998,20942.239999999998,1.87
2011-11-04 16:00:00,B2752,0.391,0.0,0.55,118.99,-0.269,19038.399999999998,20942.239999999998,0.66
2011-11-04 17:00:00,B2752,0.704,0.0,0.0,118.99,0.704,19038.399999999998,20942.239999999998,0.0
2011-11-04 18:00:00,B2752,2.582,0.0,0.0,118.99,2.582,19038.399999999998,20942.239999999998,0.0
2011-11-04 19:00:00,B2752,3.208,0.0,0.0,118.99,3.208,19038.399999999998,20942.239999999998,0.0
2011-11-04 20:00:00,B2752,0.704,0.0,0.0,118.99,0.704,19038.399999999998,20942.239999999998,0.0
2011-11-04 21:00:00,B2752,0.704,0.0,0.0,118.99,0.704,19038.399999999998,20942.239999999998,0.0
2011-11-04 22:00:00,B2752,0.704,0.0,0.0,118.99,0.704,19038.399999999998,20942.239999999998,0.0
2011-11-04 23:00:00,B2752,0.391,0.0,0.0,118.99,0.391,19038.399999999998,20942.239999999998,0.0
2011-11-05 00:00:00,B2752,0.391,0.0,0.0,118.99,0.391,19038.399999999998,20942.239999999998,0.0
2011-11-05 01:00:00,B2752,0.391,0.0,0.0,118.99,0.391,19038.399999999998,20942.239999999998,0.0
2011-11-05 02:00:00,B2752,0.391,0.0,0.0,118.99,0.391,19038.399999999998,20942.239999999998,0.0
2011-11-05 03:00:00,B2752,0.391,0.0,0.0,118.99,0.391,19038.399999999998,20942.239999999998,0.0
2011-11-05 04:00:00,B2752,0.391,0.0,0.0,118.99,0.391,19038.399999999998,20942.239999999998,0.0
2011-11-05 05:00:00,B2752,0.704,0.0,0.0,118.99,0.704,19038.399999999998,20942.239999999998,0.0
2011-11-05 06:00:00,B2752,2.581,0.0,0.0,118.99,2.581,19038.399999999998,20942.239999999998,0.0
2011-11-05 07:00:00,B2752,0.704,0.0,0.0,118.99,0.704,19038.399999999998,20942.239999999998,0.0
2011-11-05 08:00:00,B2752,2.792,2.4,0.87,118.99,1.5019999999999998,19038.399999999998,20942.239999999998,1.29
2011-11-05 09:00:00,B2752,2.792,2.4,1.34,118.99,0.9919999999999998,19038.399999999998,20942.239999999998,1.8
2011-11-05 10:00:00,B2752,2.792,2.4,1.65,118.99,0.7519999999999998,19038.399999999998,20942.239999999998,2.04
2011-11-05 11:00:00,B2752,2.792,2.4,1.85,118.99,0.5819999999999999,19038.399999999998,20942.239999999998,2.21
2011-11-05 12:00:00,B2752,4.982,2.4,1.86,118.99,2.782,19038.399999999998,20942.239999999998,2.2
2011-11-05 13:00:00,B2752,0.704,0.0,1.95,118.99,-1.636,19038.399999999998,20942.239999999998,2.34
2011-11-05 14:00:00,B2752,0.391,0.0,1.87,118.99,-1.8889999999999998,19038.399999999998,20942.239999999998,2.28
2011-11-05 15:00:00,B2752,0.391,0.0,1.37,118.99,-1.299,19038.399999999998,20942.239999999998,1.69
2011-11-05 16:00:00,B2752,0.391,0.0,0.5,118.99,-0.22899999999999998,19038.399999999998,20942.239999999998,0.62
2011-11-05 17:00:00,B2752,0.704,0.0,0.0,118.99,0.704,19038.399999999998,20942.239999999998,0.0
2011-11-05 18:00:00,B2752,2.582,0.0,0.0,118.99,2.582,19038.399999999998,20942.239999999998,0.0
2011-11-05 19:00:00,B2752,3.208,0.0,0.0,118.99,3.208,19038.399999999998,20942.239999999998,0.0
2011-11-05 20:00:00,B2752,0.704,0.0,0.0,118.99,0.704,19038.399999999998,20942.239999999998,0.0
2011-11-05 21:00:00,B2752,0.704,0.0,0.0,118.99,0.704,19038.399999999998,20942.239999999998,0.0
2011-11-05 22:00:00,B2752,0.704,0.0,0.0,118.99,0.704,19038.399999999998,20942.239999999998,0.0
2011-11-05 23:00:00,B2752,0.391,0.0,0.0,118.99,0.391,19038.399999999998,20942.239999999998,0.0
2011-11-06 00:00:00,B2752,0.391,0.0,0.0,118.99,0.391,19038.399999999998,20942.239999999998,0.0
2011-11-06 01:00:00,B2752,0.391,0.0,0.0,118.99,0.391,19038.399999999998,20942.239999999998,0.0
2011-11-06 02:00:00,B2752,0.391,0.0,0.0,118.99,0.391,19038.399999999998,20942.239999999998,0.0
2011-11-06 03:00:00,B2752,0.391,0.0,0.0,118.99,0.391,19038.399999999998,20942.239999999998,0.0
2011-11-06 04:00:00,B2752,0.391,0.0,0.0,118.99,0.391,19038.399999999998,20942.239999999998,0.0
2011-11-06 05:00:00,B2752,0.704,0.0,0.0,118.99,0.704,19038.399999999998,20942.239999999998,0.0
2011-11-06 06:00:00,B2752,2.581,0.0,0.0,118.99,2.581,19038.399999999998,20942.239999999998,0.0
2011-11-06 07:00:00,B2752,0.704,0.0,0.0,118.99,0.704,19038.399999999998,20942.239999999998,0.0
2011-11-06 08:00:00,B2752,2.791,2.4,0.73,118.99,1.621,19038.399999999998,20942.239999999998,1.17
2011-11-06 09:00:00,B2752,2.792,2.4,1.2,118.99,1.142,19038.399999999998,20942.239999999998,1.65
2011-11-06 10:00:00,B2752,2.792,2.4,1.65,118.99,0.722,19038.399999999998,20942.239999999998,2.07
2011-11-06 11:00:00,B2752,2.792,2.4,1.77,118.99,0.6519999999999997,19038.399999999998,20942.239999999998,2.14
2011-11-06 12:00:00,B2752,4.982,2.4,1.66,118.99,2.9720000000000004,19038.399999999998,20942.239999999998,2.01
2011-11-06 13:00:00,B2752,0.704,0.0,1.59,118.99,-1.266,19038.399999999998,20942.239999999998,1.97
2011-11-06 14:00:00,B2752,0.391,0.0,1.52,118.99,-1.509,19038.399999999998,20942.239999999998,1.9
2011-11-06 15:00:00,B2752,0.391,0.0,1.29,118.99,-1.259,19038.399999999998,20942.239999999998,1.65
2011-11-06 16:00:00,B2752,0.391,0.0,0.48,118.99,-0.22899999999999998,19038.399999999998,20942.239999999998,0.62
2011-11-06 17:00:00,B2752,0.704,0.0,0.0,118.99,0.704,19038.399999999998,20942.239999999998,0.0
2011-11-06 18:00:00,B2752,2.582,0.0,0.0,118.99,2.582,19038.399999999998,20942.239999999998,0.0
2011-11-06 19:00:00,B2752,3.208,0.0,0.0,118.99,3.208,19038.399999999998,20942.239999999998,0.0
2011-11-06 20:00:00,B2752,0.704,0.0,0.0,118.99,0.704,19038.399999999998,20942.239999999998,0.0
2011-11-06 21:00:00,B2752,0.704,0.0,0.0,118.99,0.704,19038.399999999998,20942.239999999998,0.0
2011-11-06 22:00:00,B2752,0.704,0.0,0.0,118.99,0.704,19038.399999999998,20942.239999999998,0.0
2011-11-06 23:00:00,B2752,0.391,0.0,0.0,118.99,0.391,19038.399999999998,20942.239999999998,0.0
2011-11-07 00:00:00,B2752,2.791,2.4,0.0,118.99,2.791,19038.399999999998,20942.239999999998,0.0
2011-11-07 01:00:00,B2752,2.791,2.4,0.0,118.99,2.791,19038.399999999998,20942.239999999998,0.0
2011-11-07 02:00:00,B2752,2.791,2.4,0.0,118.99,2.791,19038.399999999998,20942.239999999998,0.0
2011-11-07 03:00:00,B2752,2.791,2.4,0.0,118.99,2.791,19038.399999999998,20942.239999999998,0.0
2011-11-07 04:00:00,B2752,2.791,2.4,0.0,118.99,2.791,19038.399999999998,20942.239999999998,0.0
2011-11-07 05:00:00,B2752,0.704,0.0,0.0,118.99,0.704,19038.399999999998,20942.239999999998,0.0
2011-11-07 06:00:00,B2752,2.582,0.0,0.0,118.99,2.582,19038.399999999998,20942.239999999998,0.0
2011-11-07 07:00:00,B2752,0.705,0.0,0.0,118.99,0.705,19038.399999999998,20942.239999999998,0.0
2011-11-07 08:00:00,B2752,0.392,0.0,0.65,118.99,-0.7080000000000001,19038.399999999998,20942.239999999998,1.1
2011-11-07 09:00:00,B2752,0.391,0.0,1.0,118.99,-1.049,19038.399999999998,20942.239999999998,1.44
2011-11-07 10:00:00,B2752,0.391,0.0,1.32,118.99,-1.309,19038.399999999998,20942.239999999998,1.7
2011-11-07 11:00:00,B2752,0.391,0.0,1.52,118.99,-1.469,19038.399999999998,20942.239999999998,1.86
2011-11-07 12:00:00,B2752,2.582,0.0,1.71,118.99,0.5219999999999998,19038.399999999998,20942.239999999998,2.06
2011-11-07 13:00:00,B2752,0.704,0.0,1.89,118.99,-1.5959999999999999,19038.399999999998,20942.239999999998,2.3
2011-11-07 14:00:00,B2752,0.391,0.0,1.74,118.99,-1.779,19038.399999999998,20942.239999999998,2.17
2011-11-07 15:00:00,B2752,0.391,0.0,1.36,118.99,-1.319,19038.399999999998,20942.239999999998,1.71
2011-11-07 16:00:00,B2752,0.391,0.0,0.53,118.99,-0.269,19038.399999999998,20942.239999999998,0.66
2011-11-07 17:00:00,B2752,0.704,0.0,0.0,118.99,0.704,19038.399999999998,20942.239999999998,0.0
2011-11-07 18:00:00,B2752,2.582,0.0,0.0,118.99,2.582,19038.399999999998,20942.239999999998,0.0
2011-11-07 19:00:00,B2752,3.208,0.0,0.0,118.99,3.208,19038.399999999998,20942.239999999998,0.0
2011-11-07 20:00:00,B2752,0.704,0.0,0.0,118.99,0.704,19038.399999999998,20942.239999999998,0.0
2011-11-07 21:00:00,B2752,0.704,0.0,0.0,118.99,0.704,19038.399999999998,20942.239999999998,0.0
2011-11-07 22:00:00,B2752,0.704,0.0,0.0,118.99,0.704,19038.399999999998,20942.239999999998,0.0
2011-11-07 23:00:00,B2752,0.391,0.0,0.0,118.99,0.391,19038.399999999998,20942.239999999998,0.0
2011-11-08 00:00:00,B2752,2.791,2.4,0.0,118.99,2.791,19038.399999999998,20942.239999999998,0.0
2011-11-08 01:00:00,B2752,2.791,2.4,0.0,118.99,2.791,19038.399999999998,20942.239999999998,0.0
2011-11-08 02:00:00,B2752,2.791,2.4,0.0,118.99,2.791,19038.399999999998,20942.239999999998,0.0
2011-11-08 03:00:00,B2752,2.791,2.4,0.0,118.99,2.791,19038.399999999998,20942.239999999998,0.0
2011-11-08 04:00:00,B2752,2.791,2.4,0.0,118.99,2.791,19038.399999999998,20942.239999999998,0.0
2011-11-08 05:00:00,B2752,0.704,0.0,0.0,118.99,0.704,19038.399999999998,20942.239999999998,0.0
2011-11-08 06:00:00,B2752,2.582,0.0,0.0,118.99,2.582,19038.399999999998,20942.239999999998,0.0
2011-11-08 07:00:00,B2752,0.705,0.0,0.0,118.99,0.705,19038.399999999998,20942.239999999998,0.0
2011-11-08 08:00:00,B2752,0.392,0.0,1.1,118.99,-0.928,19038.399999999998,20942.239999999998,1.32
2011-11-08 09:00:00,B2752,0.391,0.0,1.93,118.99,-1.8090000000000002,19038.399999999998,20942.239999999998,2.2
2011-11-08 10:00:00,B2752,0.391,0.0,2.4,118.99,-2.329,19038.399999999998,20942.239999999998,2.72
2011-11-08 11:00:00,B2752,0.391,0.0,1.99,118.99,-1.939,19038.399999999998,20942.239999999998,2.33
2011-11-08 12:00:00,B2752,2.582,0.0,1.71,118.99,0.6019999999999999,19038.399999999998,20942.239999999998,1.98
2011-11-08 13:00:00,B2752,0.704,0.0,1.9,118.99,-1.506,19038.399999999998,20942.239999999998,2.21
2011-11-08 14:00:00,B2752,0.391,0.0,1.54,118.99,-1.359,19038.399999999998,20942.239999999998,1.75
2011-11-08 15:00:00,B2752,0.391,0.0,0.8,118.99,-0.529,19038.399999999998,20942.239999999998,0.92
2011-11-08 16:00:00,B2752,0.391,0.0,0.0,118.99,0.391,19038.399999999998,20942.239999999998,0.0
2011-11-08 17:00:00,B2752,0.704,0.0,0.0,118.99,0.704,19038.399999999998,20942.239999999998,0.0
2011-11-08 18:00:00,B2752,2.582,0.0,0.0,118.99,2.582,19038.399999999998,20942.239999999998,0.0
2011-11-08 19:00:00,B2752,3.208,0.0,0.0,118.99,3.208,19038.399999999998,20942.239999999998,0.0
2011-11-08 20:00:00,B2752,0.704,0.0,0.0,118.99,0.704,19038.399999999998,20942.239999999998,0.0
2011-11-08 21:00:00,B2752,0.704,0.0,0.0,118.99,0.704,19038.399999999998,20942.239999999998,0.0
2011-11-08 22:00:00,B2752,0.704,0.0,0.0,118.99,0.704,19038.399999999998,20942.239999999998,0.0
2011-11-08 23:00:00,B2752,0.391,0.0,0.0,118.99,0.391,19038.399999999998,20942.239999999998,0.0
2011-11-09 00:00:00,B2752,2.791,2.4,0.0,118.99,2.791,19038.399999999998,20942.239999999998,0.0
2011-11-09 01:00:00,B2752,2.791,2.4,0.0,118.99,2.791,19038.399999999998,20942.239999999998,0.0
2011-11-09 02:00:00,B2752,2.791,2.4,0.0,118.99,2.791,19038.399999999998,20942.239999999998,0.0
2011-11-09 03:00:00,B2752,2.791,2.4,0.0,118.99,2.791,19038.399999999998,20942.239999999998,0.0
2011-11-09 04:00:00,B2752,2.791,2.4,0.0,118.99,2.791,19038.399999999998,20942.239999999998,0.0
2011-11-09 05:00:00,B2752,0.704,0.0,0.0,118.99,0.704,19038.399999999998,20942.239999999998,0.0
2011-11-09 06:00:00,B2752,2.582,0.0,0.0,118.99,2.582,19038.399999999998,20942.239999999998,0.0
2011-11-09 07:00:00,B2752,0.705,0.0,0.0,118.99,0.705,19038.399999999998,20942.239999999998,0.0
2011-11-09 08:00:00,B2752,0.392,0.0,0.0,118.99,0.222,19038.399999999998,20942.239999999998,0.17
2011-11-09 09:00:00,B2752,0.391,0.0,1.18,118.99,-1.009,19038.399999999998,20942.239999999998,1.4
2011-11-09 10:00:00,B2752,0.391,0.0,1.54,118.99,-1.409,19038.399999999998,20942.239999999998,1.8
2011-11-09 11:00:00,B2752,0.391,0.0,1.59,118.99,-1.459,19038.399999999998,20942.239999999998,1.85
2011-11-09 12:00:00,B2752,2.582,0.0,1.78,118.99,0.512,19038.399999999998,20942.239999999998,2.07
2011-11-09 13:00:00,B2752,0.704,0.0,1.52,118.99,-1.006,19038.399999999998,20942.239999999998,1.71
2011-11-09 14:00:00,B2752,0.391,0.0,1.13,118.99,-0.919,19038.399999999998,20942.239999999998,1.31
2011-11-09 15:00:00,B2752,0.391,0.0,1.04,118.99,-0.849,19038.399999999998,20942.239999999998,1.24
2011-11-09 16:00:00,B2752,0.391,0.0,0.0,118.99,0.321,19038.399999999998,20942.239999999998,0.07
2011-11-09 17:00:00,B2752,0.704,0.0,0.0,118.99,0.704,19038.399999999998,20942.239999999998,0.0
2011-11-09 18:00:00,B2752,2.582,0.0,0.0,118.99,2.582,19038.399999999998,20942.239999999998,0.0
2011-11-09 19:00:00,B2752,3.208,0.0,0.0,118.99,3.208,19038.399999999998,20942.239999999998,0.0
2011-11-09 20:00:00,B2752,0.704,0.0,0.0,118.99,0.704,19038.399999999998,20942.239999999998,0.0
2011-11-09 21:00:00,B2752,0.704,0.0,0.0,118.99,0.704,19038.399999999998,20942.239999999998,0.0
2011-11-09 22:00:00,B2752,0.704,0.0,0.0,118.99,0.704,19038.399999999998,20942.239999999998,0.0
2011-11-09 23:00:00,B2752,0.391,0.0,0.0,118.99,0.391,19038.399999999998,20942.239999999998,0.0
2011-11-10 00:00:00,B2752,2.791,2.4,0.0,118.99,2.791,19038.399999999998,20942.239999999998,0.0
2011-11-10 01:00:00,B2752,2.791,2.4,0.0,118.99,2.791,19038.399999999998,20942.239999999998,0.0
2011-11-10 02:00:00,B2752,2.791,2.4,0.0,118.99,2.791,19038.399999999998,20942.239999999998,0.0
2011-11-10 03:00:00,B2752,2.791,2.4,0.0,118.99,2.791,19038.399999999998,20942.239999999998,0.0
2011-11-10 04:00:00,B2752,2.791,2.4,0.0,118.99,2.791,19038.399999999998,20942.239999999998,0.0
2011-11-10 05:00:00,B2752,0.704,0.0,0.0,118.99,0.704,19038.399999999998,20942.239999999998,0.0
2011-11-10 06:00:00,B2752,2.582,0.0,0.0,118.99,2.582,19038.399999999998,20942.239999999998,0.0
2011-11-10 07:00:00,B2752,0.705,0.0,0.0,118.99,0.705,19038.399999999998,20942.239999999998,0.0
2011-11-10 08:00:00,B2752,0.392,0.0,1.33,118.99,-1.388,19038.399999999998,20942.239999999998,1.78
2011-11-10 09:00:00,B2752,0.391,0.0,2.15,118.99,-2.319,19038.399999999998,20942.239999999998,2.71
2011-11-10 10:00:00,B2752,0.391,0.0,2.43,118.99,-2.539,19038.399999999998,20942.239999999998,2.93
2011-11-10 11:00:00,B2752,0.391,0.0,2.44,118.99,-2.489,19038.399999999998,20942.239999999998,2.88
2011-11-10 12:00:00,B2752,2.582,0.0,2.24,118.99,-0.06800000000000006,19038.399999999998,20942.239999999998,2.65
2011-11-10 13:00:00,B2752,0.704,0.0,1.87,118.99,-1.5759999999999998,19038.399999999998,20942.239999999998,2.28
2011-11-10 14:00:00,B2752,0.391,0.0,1.7,118.99,-1.729,19038.399999999998,20942.239999999998,2.12
2011-11-10 15:00:00,B2752,0.391,0.0,1.35,118.99,-1.309,19038.399999999998,20942.239999999998,1.7
2011-11-10 16:00:00,B2752,0.391,0.0,0.43,118.99,-0.15900000000000003,19038.399999999998,20942.239999999998,0.55
2011-11-10 17:00:00,B2752,0.704,0.0,0.0,118.99,0.704,19038.399999999998,20942.239999999998,0.0
2011-11-10 18:00:00,B2752,2.582,0.0,0.0,118.99,2.582,19038.399999999998,20942.239999999998,0.0
2011-11-10 19:00:00,B2752,3.208,0.0,0.0,118.99,3.208,19038.399999999998,20942.239999999998,0.0
2011-11-10 20:00:00,B2752,0.704,0.0,0.0,118.99,0.704,19038.399999999998,20942.239999999998,0.0
2011-11-10 21:00:00,B2752,0.704,0.0,0.0,118.99,0.704,19038.399999999998,20942.239999999998,0.0
2011-11-10 22:00:00,B2752,0.704,0.0,0.0,118.99,0.704,19038.399999999998,20942.239999999998,0.0
2011-11-10 23:00:00,B2752,0.391,0.0,0.0,118.99,0.391,19038.399999999998,20942.239999999998,0.0
2011-11-11 00:00:00,B2752,2.791,2.4,0.0,118.99,2.791,19038.399999999998,20942.239999999998,0.0
2011-11-11 01:00:00,B2752,2.791,2.4,0.0,118.99,2.791,19038.399999999998,20942.239999999998,0.0
2011-11-11 02:00:00,B2752,2.791,2.4,0.0,118.99,2.791,19038.399999999998,20942.239999999998,0.0
2011-11-11 03:00:00,B2752,2.791,2.4,0.0,118.99,2.791,19038.399999999998,20942.239999999998,0.0
2011-11-11 04:00:00,B2752,2.791,2.4,0.0,118.99,2.791,19038.399999999998,20942.239999999998,0.0
2011-11-11 05:00:00,B2752,0.704,0.0,0.0,118.99,0.704,19038.399999999998,20942.239999999998,0.0
2011-11-11 06:00:00,B2752,2.582,0.0,0.0,118.99,2.582,19038.399999999998,20942.239999999998,0.0
2011-11-11 07:00:00,B2752,0.705,0.0,0.0,118.99,0.705,19038.399999999998,20942.239999999998,0.0
2011-11-11 08:00:00,B2752,0.392,0.0,0.44,118.99,-0.21799999999999997,19038.399999999998,20942.239999999998,0.61
2011-11-11 09:00:00,B2752,0.391,0.0,1.01,118.99,-0.869,19038.399999999998,20942.239999999998,1.26
2011-11-11 10:00:00,B2752,0.391,0.0,1.42,118.99,-1.289,19038.399999999998,20942.239999999998,1.68
2011-11-11 11:00:00,B2752,0.391,0.0,1.53,118.99,-1.399,19038.399999999998,20942.239999999998,1.79
2011-11-11 12:00:00,B2752,2.582,0.0,1.94,118.99,0.33199999999999985,19038.399999999998,20942.239999999998,2.25
2011-11-11 13:00:00,B2752,0.704,0.0,2.06,118.99,-1.7260000000000002,19038.399999999998,20942.239999999998,2.43
2011-11-11 14:00:00,B2752,0.391,0.0,1.72,118.99,-1.6189999999999998,19038.399999999998,20942.239999999998,2.01
2011-11-11 15:00:00,B2752,0.391,0.0,1.13,118.99,-0.9590000000000001,19038.399999999998,20942.239999999998,1.35
2011-11-11 16:00:00,B2752,0.391,0.0,0.0,118.99,0.391,19038.399999999998,20942.239999999998,0.0
2011-11-11 17:00:00,B2752,0.704,0.0,0.0,118.99,0.704,19038.399999999998,20942.239999999998,0.0
2011-11-11 18:00:00,B2752,2.582,0.0,0.0,118.99,2.582,19038.399999999998,20942.239999999998,0.0
2011-11-11 19:00:00,B2752,3.208,0.0,0.0,118.99,3.208,19038.399999999998,20942.239999999998,0.0
2011-11-11 20:00:00,B2752,0.704,0.0,0.0,118.99,0.704,19038.399999999998,20942.239999999998,0.0
2011-11-11 21:00:00,B2752,0.704,0.0,0.0,118.99,0.704,19038.399999999998,20942.239999999998,0.0
2011-11-11 22:00:00,B2752,0.704,0.0,0.0,118.99,0.704,19038.399999999998,20942.239999999998,0.0
2011-11-11 23:00:00,B2752,0.391,0.0,0.0,118.99,0.391,19038.399999999998,20942.239999999998,0.0
2011-11-12 00:00:00,B2752,0.391,0.0,0.0,118.99,0.391,19038.399999999998,20942.239999999998,0.0
2011-11-12 01:00:00,B2752,0.391,0.0,0.0,118.99,0.391,19038.399999999998,20942.239999999998,0.0
2011-11-12 02:00:00,B2752,0.391,0.0,0.0,118.99,0.391,19038.399999999998,20942.239999999998,0.0
2011-11-12 03:00:00,B2752,0.391,0.0,0.0,118.99,0.391,19038.399999999998,20942.239999999998,0.0
2011-11-12 04:00:00,B2752,0.391,0.0,0.0,118.99,0.391,19038.399999999998,20942.239999999998,0.0
2011-11-12 05:00:00,B2752,0.704,0.0,0.0,118.99,0.704,19038.399999999998,20942.239999999998,0.0
2011-11-12 06:00:00,B2752,2.581,0.0,0.0,118.99,2.581,19038.399999999998,20942.239999999998,0.0
2011-11-12 07:00:00,B2752,0.704,0.0,0.0,118.99,0.704,19038.399999999998,20942.239999999998,0.0
2011-11-12 08:00:00,B2752,2.792,2.4,1.39,118.99,1.0719999999999998,19038.399999999998,20942.239999999998,1.72
2011-11-12 09:00:00,B2752,2.792,2.4,1.9,118.99,0.45199999999999996,19038.399999999998,20942.239999999998,2.34
2011-11-12 10:00:00,B2752,2.792,2.4,2.1,118.99,0.28200000000000003,19038.399999999998,20942.239999999998,2.51
2011-11-12 11:00:00,B2752,2.792,2.4,2.69,118.99,-0.3380000000000001,19038.399999999998,20942.239999999998,3.13
2011-11-12 12:00:00,B2752,4.982,2.4,2.57,118.99,1.9820000000000002,19038.399999999998,20942.239999999998,3.0
2011-11-12 13:00:00,B2752,0.704,0.0,1.74,118.99,-1.4360000000000002,19038.399999999998,20942.239999999998,2.14
2011-11-12 14:00:00,B2752,0.391,0.0,1.35,118.99,-1.319,19038.399999999998,20942.239999999998,1.71
2011-11-12 15:00:00,B2752,0.391,0.0,1.14,118.99,-1.079,19038.399999999998,20942.239999999998,1.47
2011-11-12 16:00:00,B2752,0.391,0.0,0.43,118.99,-0.14900000000000002,19038.399999999998,20942.239999999998,0.54
2011-11-12 17:00:00,B2752,0.704,0.0,0.0,118.99,0.704,19038.399999999998,20942.239999999998,0.0
2011-11-12 18:00:00,B2752,2.582,0.0,0.0,118.99,2.582,19038.399999999998,20942.239999999998,0.0
2011-11-12 19:00:00,B2752,3.208,0.0,0.0,118.99,3.208,19038.399999999998,20942.239999999998,0.0
2011-11-12 20:00:00,B2752,0.704,0.0,0.0,118.99,0.704,19038.399999999998,20942.239999999998,0.0
2011-11-12 21:00:00,B2752,0.704,0.0,0.0,118.99,0.704,19038.399999999998,20942.239999999998,0.0
2011-11-12 22:00:00,B2752,0.704,0.0,0.0,118.99,0.704,19038.399999999998,20942.239999999998,0.0
2011-11-12 23:00:00,B2752,0.391,0.0,0.0,118.99,0.391,19038.399999999998,20942.239999999998,0.0
2011-11-13 00:00:00,B2752,0.391,0.0,0.0,118.99,0.391,19038.399999999998,20942.239999999998,0.0
2011-11-13 01:00:00,B2752,0.391,0.0,0.0,118.99,0.391,19038.399999999998,20942.239999999998,0.0
2011-11-13 02:00:00,B2752,0.391,0.0,0.0,118.99,0.391,19038.399999999998,20942.239999999998,0.0
2011-11-13 03:00:00,B2752,0.391,0.0,0.0,118.99,0.391,19038.399999999998,20942.239999999998,0.0
2011-11-13 04:00:00,B2752,0.391,0.0,0.0,118.99,0.391,19038.399999999998,20942.239999999998,0.0
2011-11-13 05:00:00,B2752,0.704,0.0,0.0,118.99,0.704,19038.399999999998,20942.239999999998,0.0
2011-11-13 06:00:00,B2752,2.581,0.0,0.0,118.99,2.581,19038.399999999998,20942.239999999998,0.0
2011-11-13 07:00:00,B2752,0.704,0.0,0.0,118.99,0.704,19038.399999999998,20942.239999999998,0.0
2011-11-13 08:00:00,B2752,2.791,2.4,0.81,118.99,1.571,19038.399999999998,20942.239999999998,1.22
2011-11-13 09:00:00,B2752,2.792,2.4,1.45,118.99,0.8619999999999999,19038.399999999998,20942.239999999998,1.93
2011-11-13 10:00:00,B2752,2.792,2.4,2.3,118.99,0.0019999999999997797,19038.399999999998,20942.239999999998,2.79
2011-11-13 11:00:00,B2752,2.792,2.4,2.79,118.99,-0.4780000000000002,19038.399999999998,20942.239999999998,3.27
2011-11-13 12:00:00,B2752,4.982,2.4,3.18,118.99,1.282,19038.399999999998,20942.239999999998,3.7
2011-11-13 13:00:00,B2752,0.704,0.0,3.26,118.99,-3.0860000000000003,19038.399999999998,20942.239999999998,3.79
2011-11-13 14:00:00,B2752,0.391,0.0,2.63,118.99,-2.699,19038.399999999998,20942.239999999998,3.09
2011-11-13 15:00:00,B2752,0.391,0.0,1.37,118.99,-1.179,19038.399999999998,20942.239999999998,1.57
2011-11-13 16:00:00,B2752,0.391,0.0,0.0,118.99,0.391,19038.399999999998,20942.239999999998,0.0
2011-11-13 17:00:00,B2752,0.704,0.0,0.0,118.99,0.704,19038.399999999998,20942.239999999998,0.0
2011-11-13 18:00:00,B2752,2.582,0.0,0.0,118.99,2.582,19038.399999999998,20942.239999999998,0.0
2011-11-13 19:00:00,B2752,3.208,0.0,0.0,118.99,3.208,19038.399999999998,20942.239999999998,0.0
2011-11-13 20:00:00,B2752,0.704,0.0,0.0,118.99,0.704,19038.399999999998,20942.239999999998,0.0
2011-11-13 21:00:00,B2752,0.704,0.0,0.0,118.99,0.704,19038.399999999998,20942.239999999998,0.0
2011-11-13 22:00:00,B2752,0.704,0.0,0.0,118.99,0.704,19038.399999999998,20942.239999999998,0.0
2011-11-13 23:00:00,B2752,0.391,0.0,0.0,118.99,0.391,19038.399999999998,20942.239999999998,0.0
2011-11-14 00:00:00,B2752,2.791,2.4,0.0,118.99,2.791,19038.399999999998,20942.239999999998,0.0
2011-11-14 01:00:00,B2752,2.791,2.4,0.0,118.99,2.791,19038.399999999998,20942.239999999998,0.0
2011-11-14 02:00:00,B2752,2.791,2.4,0.0,118.99,2.791,19038.399999999998,20942.239999999998,0.0
2011-11-14 03:00:00,B2752,2.791,2.4,0.0,118.99,2.791,19038.399999999998,20942.239999999998,0.0
2011-11-14 04:00:00,B2752,2.791,2.4,0.0,118.99,2.791,19038.399999999998,20942.239999999998,0.0
2011-11-14 05:00:00,B2752,0.704,0.0,0.0,118.99,0.704,19038.399999999998,20942.239999999998,0.0
2011-11-14 06:00:00,B2752,2.582,0.0,0.0,118.99,2.582,19038.399999999998,20942.239999999998,0.0
2011-11-14 07:00:00,B2752,0.705,0.0,0.0,118.99,0.705,19038.399999999998,20942.239999999998,0.0
2011-11-14 08:00:00,B2752,0.392,0.0,0.77,118.99,-0.7379999999999999,19038.399999999998,20942.239999999998,1.13
2011-11-14 09:00:00,B2752,0.391,0.0,1.4,118.99,-1.479,19038.399999999998,20942.239999999998,1.87
2011-11-14 10:00:00,B2752,0.391,0.0,1.6,118.99,-1.609,19038.399999999998,20942.239999999998,2.0
2011-11-14 11:00:00,B2752,0.391,0.0,1.68,118.99,-1.6389999999999998,19038.399999999998,20942.239999999998,2.03
2011-11-14 12:00:00,B2752,2.582,0.0,1.95,118.99,0.262,19038.399999999998,20942.239999999998,2.32
2011-11-14 13:00:00,B2752,0.704,0.0,2.12,118.99,-1.836,19038.399999999998,20942.239999999998,2.54
2011-11-14 14:00:00,B2752,0.391,0.0,1.95,118.99,-1.999,19038.399999999998,20942.239999999998,2.39
2011-11-14 15:00:00,B2752,0.391,0.0,1.23,118.99,-1.149,19038.399999999998,20942.239999999998,1.54
2011-11-14 16:00:00,B2752,0.391,0.0,0.0,118.99,0.30100000000000005,19038.399999999998,20942.239999999998,0.09
2011-11-14 17:00:00,B2752,0.704,0.0,0.0,118.99,0.704,19038.399999999998,20942.239999999998,0.0
2011-11-14 18:00:00,B2752,2.582,0.0,0.0,118.99,2.582,19038.399999999998,20942.239999999998,0.0
2011-11-14 19:00:00,B2752,3.208,0.0,0.0,118.99,3.208,19038.399999999998,20942.239999999998,0.0
2011-11-14 20:00:00,B2752,0.704,0.0,0.0,118.99,0.704,19038.399999999998,20942.239999999998,0.0
2011-11-14 21:00:00,B2752,0.704,0.0,0.0,118.99,0.704,19038.399999999998,20942.239999999998,0.0
2011-11-14 22:00:00,B2752,0.704,0.0,0.0,118.99,0.704,19038.399999999998,20942.239999999998,0.0
2011-11-14 23:00:00,B2752,0.391,0.0,0.0,118.99,0.391,19038.399999999998,20942.239999999998,0.0
2011-11-15 00:00:00,B2752,2.791,2.4,0.0,118.99,2.791,19038.399999999998,20942.239999999998,0.0
2011-11-15 01:00:00,B2752,2.791,2.4,0.0,118.99,2.791,19038.399999999998,20942.239999999998,0.0
2011-11-15 02:00:00,B2752,2.791,2.4,0.0,118.99,2.791,19038.399999999998,20942.239999999998,0.0
2011-11-15 03:00:00,B2752,2.791,2.4,0.0,118.99,2.791,19038.399999999998,20942.239999999998,0.0
2011-11-15 04:00:00,B2752,2.791,2.4,0.0,118.99,2.791,19038.399999999998,20942.239999999998,0.0
2011-11-15 05:00:00,B2752,0.704,0.0,0.0,118.99,0.704,19038.399999999998,20942.239999999998,0.0
2011-11-15 06:00:00,B2752,2.582,0.0,0.0,118.99,2.582,19038.399999999998,20942.239999999998,0.0
2011-11-15 07:00:00,B2752,0.705,0.0,0.0,118.99,0.705,19038.399999999998,20942.239999999998,0.0
2011-11-15 08:00:00,B2752,0.392,0.0,0.69,118.99,-0.678,19038.399999999998,20942.239999999998,1.07
2011-11-15 09:00:00,B2752,0.391,0.0,1.32,118.99,-1.359,19038.399999999998,20942.239999999998,1.75
2011-11-15 10:00:00,B2752,0.391,0.0,1.97,118.99,-1.999,19038.399999999998,20942.239999999998,2.39
2011-11-15 11:00:00,B2752,0.391,0.0,2.25,118.99,-2.269,19038.399999999998,20942.239999999998,2.66
2011-11-15 12:00:00,B2752,2.582,0.0,2.47,118.99,-0.3080000000000003,19038.399999999998,20942.239999999998,2.89
2011-11-15 13:00:00,B2752,0.704,0.0,2.26,118.99,-1.9960000000000002,19038.399999999998,20942.239999999998,2.7
2011-11-15 14:00:00,B2752,0.391,0.0,1.58,118.99,-1.549,19038.399999999998,20942.239999999998,1.94
2011-11-15 15:00:00,B2752,0.391,0.0,1.17,118.99,-1.089,19038.399999999998,20942.239999999998,1.48
2011-11-15 16:00:00,B2752,0.391,0.0,0.36,118.99,-0.059,19038.399999999998,20942.239999999998,0.45
2011-11-15 17:00:00,B2752,0.704,0.0,0.0,118.99,0.704,19038.399999999998,20942.239999999998,0.0
2011-11-15 18:00:00,B2752,2.582,0.0,0.0,118.99,2.582,19038.399999999998,20942.239999999998,0.0
2011-11-15 19:00:00,B2752,3.208,0.0,0.0,118.99,3.208,19038.399999999998,20942.239999999998,0.0
2011-11-15 20:00:00,B2752,0.704,0.0,0.0,118.99,0.704,19038.399999999998,20942.239999999998,0.0
2011-11-15 21:00:00,B2752,0.704,0.0,0.0,118.99,0.704,19038.399999999998,20942.239999999998,0.0
2011-11-15 22:00:00,B2752,0.704,0.0,0.0,118.99,0.704,19038.399999999998,20942.239999999998,0.0
2011-11-15 23:00:00,B2752,0.391,0.0,0.0,118.99,0.391,19038.399999999998,20942.239999999998,0.0
2011-11-16 00:00:00,B2752,2.791,2.4,0.0,118.99,2.791,19038.399999999998,20942.239999999998,0.0
2011-11-16 01:00:00,B2752,2.791,2.4,0.0,118.99,2.791,19038.399999999998,20942.239999999998,0.0
2011-11-16 02:00:00,B2752,2.791,2.4,0.0,118.99,2.791,19038.399999999998,20942.239999999998,0.0
2011-11-16 03:00:00,B2752,2.791,2.4,0.0,118.99,2.791,19038.399999999998,20942.239999999998,0.0
2011-11-16 04:00:00,B2752,2.791,2.4,0.0,118.99,2.791,19038.399999999998,20942.239999999998,0.0
2011-11-16 05:00:00,B2752,0.704,0.0,0.0,118.99,0.704,19038.399999999998,20942.239999999998,0.0
2011-11-16 06:00:00,B2752,2.582,0.0,0.0,118.99,2.582,19038.399999999998,20942.239999999998,0.0
2011-11-16 07:00:00,B2752,0.705,0.0,0.0,118.99,0.705,19038.399999999998,20942.239999999998,0.0
2011-11-16 08:00:00,B2752,0.392,0.0,0.78,118.99,-0.7479999999999999,19038.399999999998,20942.239999999998,1.14
2011-11-16 09:00:00,B2752,0.391,0.0,1.37,118.99,-1.429,19038.399999999998,20942.239999999998,1.82
2011-11-16 10:00:00,B2752,0.391,0.0,1.84,118.99,-1.8689999999999998,19038.399999999998,20942.239999999998,2.26
2011-11-16 11:00:00,B2752,0.391,0.0,2.58,118.99,-2.639,19038.399999999998,20942.239999999998,3.03
2011-11-16 12:00:00,B2752,2.582,0.0,2.77,118.99,-0.6480000000000001,19038.399999999998,20942.239999999998,3.23
2011-11-16 13:00:00,B2752,0.704,0.0,2.35,118.99,-2.0759999999999996,19038.399999999998,20942.239999999998,2.78
2011-11-16 14:00:00,B2752,0.391,0.0,2.01,118.99,-2.009,19038.399999999998,20942.239999999998,2.4
2011-11-16 15:00:00,B2752,0.391,0.0,1.23,118.99,-1.039,19038.399999999998,20942.239999999998,1.43
2011-11-16 16:00:00,B2752,0.391,0.0,0.0,118.99,0.391,19038.399999999998,20942.239999999998,0.0
2011-11-16 17:00:00,B2752,0.704,0.0,0.0,118.99,0.704,19038.399999999998,20942.239999999998,0.0
2011-11-16 18:00:00,B2752,2.582,0.0,0.0,118.99,2.582,19038.399999999998,20942.239999999998,0.0
2011-11-16 19:00:00,B2752,3.208,0.0,0.0,118.99,3.208,19038.399999999998,20942.239999999998,0.0
2011-11-16 20:00:00,B2752,0.704,0.0,0.0,118.99,0.704,19038.399999999998,20942.239999999998,0.0
2011-11-16 21:00:00,B2752,0.704,0.0,0.0,118.99,0.704,19038.399999999998,20942.239999999998,0.0
2011-11-16 22:00:00,B2752,0.704,0.0,0.0,118.99,0.704,19038.399999999998,20942.239999999998,0.0
2011-11-16 23:00:00,B2752,0.391,0.0,0.0,118.99,0.391,19038.399999999998,20942.239999999998,0.0
2011-11-17 00:00:00,B2752,2.791,2.4,0.0,118.99,2.791,19038.399999999998,20942.239999999998,0.0
2011-11-17 01:00:00,B2752,2.791,2.4,0.0,118.99,2.791,19038.399999999998,20942.239999999998,0.0
2011-11-17 02:00:00,B2752,2.791,2.4,0.0,118.99,2.791,19038.399999999998,20942.239999999998,0.0
2011-11-17 03:00:00,B2752,2.791,2.4,0.0,118.99,2.791,19038.399999999998,20942.239999999998,0.0
2011-11-17 04:00:00,B2752,2.791,2.4,0.0,118.99,2.791,19038.399999999998,20942.239999999998,0.0
2011-11-17 05:00:00,B2752,0.704,0.0,0.0,118.99,0.704,19038.399999999998,20942.239999999998,0.0
2011-11-17 06:00:00,B2752,2.582,0.0,0.0,118.99,2.582,19038.399999999998,20942.239999999998,0.0
2011-11-17 07:00:00,B2752,0.707,0.0,0.0,118.99,0.707,19038.399999999998,20942.239999999998,0.0
2011-11-17 08:00:00,B2752,0.394,0.0,0.61,118.99,-0.636,19038.399999999998,20942.239999999998,1.03
2011-11-17 09:00:00,B2752,0.394,0.0,1.04,118.99,-1.0659999999999998,19038.399999999998,20942.239999999998,1.46
2011-11-17 10:00:00,B2752,0.394,0.0,1.3,118.99,-1.266,19038.399999999998,20942.239999999998,1.66
2011-11-17 11:00:00,B2752,0.394,0.0,1.43,118.99,-1.376,19038.399999999998,20942.239999999998,1.77
2011-11-17 12:00:00,B2752,2.582,0.0,1.48,118.99,0.7619999999999998,19038.399999999998,20942.239999999998,1.82
2011-11-17 13:00:00,B2752,0.704,0.0,1.49,118.99,-1.1660000000000001,19038.399999999998,20942.239999999998,1.87
2011-11-17 14:00:00,B2752,0.391,0.0,1.42,118.99,-1.419,19038.399999999998,20942.239999999998,1.81
2011-11-17 15:00:00,B2752,0.391,0.0,1.1,118.99,-1.039,19038.399999999998,20942.239999999998,1.43
2011-11-17 16:00:00,B2752,0.394,0.0,0.36,118.99,-0.07599999999999996,19038.399999999998,20942.239999999998,0.47
2011-11-17 17:00:00,B2752,0.707,0.0,0.0,118.99,0.707,19038.399999999998,20942.239999999998,0.0
2011-11-17 18:00:00,B2752,2.582,0.0,0.0,118.99,2.582,19038.399999999998,20942.239999999998,0.0
2011-11-17 19:00:00,B2752,3.208,0.0,0.0,118.99,3.208,19038.399999999998,20942.239999999998,0.0
2011-11-17 20:00:00,B2752,0.707,0.0,0.0,118.99,0.707,19038.399999999998,20942.239999999998,0.0
2011-11-17 21:00:00,B2752,0.704,0.0,0.0,118.99,0.704,19038.399999999998,20942.239999999998,0.0
2011-11-17 22:00:00,B2752,0.704,0.0,0.0,118.99,0.704,19038.399999999998,20942.239999999998,0.0
2011-11-17 23:00:00,B2752,0.391,0.0,0.0,118.99,0.391,19038.399999999998,20942.239999999998,0.0
2011-11-18 00:00:00,B2752,2.791,2.4,0.0,118.99,2.791,19038.399999999998,20942.239999999998,0.0
2011-11-18 01:00:00,B2752,2.791,2.4,0.0,118.99,2.791,19038.399999999998,20942.239999999998,0.0
2011-11-18 02:00:00,B2752,2.791,2.4,0.0,118.99,2.791,19038.399999999998,20942.239999999998,0.0
2011-11-18 03:00:00,B2752,2.791,2.4,0.0,118.99,2.791,19038.399999999998,20942.239999999998,0.0
2011-11-18 04:00:00,B2752,2.791,2.4,0.0,118.99,2.791,19038.399999999998,20942.239999999998,0.0
2011-11-18 05:00:00,B2752,0.704,0.0,0.0,118.99,0.704,19038.399999999998,20942.239999999998,0.0
2011-11-18 06:00:00,B2752,2.584,0.0,0.0,118.99,2.584,19038.399999999998,20942.239999999998,0.0
2011-11-18 07:00:00,B2752,0.707,0.0,0.0,118.99,0.707,19038.399999999998,20942.239999999998,0.0
2011-11-18 08:00:00,B2752,0.394,0.0,1.4,118.99,-1.416,19038.399999999998,20942.239999999998,1.81
2011-11-18 09:00:00,B2752,0.394,0.0,2.38,118.99,-2.476,19038.399999999998,20942.239999999998,2.87
2011-11-18 10:00:00,B2752,0.394,0.0,3.04,118.99,-3.1759999999999997,19038.399999999998,20942.239999999998,3.57
2011-11-18 11:00:00,B2752,0.394,0.0,3.5,118.99,-3.6559999999999997,19038.399999999998,20942.239999999998,4.05
2011-11-18 12:00:00,B2752,2.582,0.0,3.54,118.99,-1.4980000000000002,19038.399999999998,20942.239999999998,4.08
2011-11-18 13:00:00,B2752,0.707,0.0,3.11,118.99,-2.9130000000000003,19038.399999999998,20942.239999999998,3.62
2011-11-18 14:00:00,B2752,0.394,0.0,2.2,118.99,-2.226,19038.399999999998,20942.239999999998,2.62
2011-11-18 15:00:00,B2752,0.394,0.0,1.14,118.99,-0.926,19038.399999999998,20942.239999999998,1.32
2011-11-18 16:00:00,B2752,0.394,0.0,0.0,118.99,0.394,19038.399999999998,20942.239999999998,0.0
2011-11-18 17:00:00,B2752,0.707,0.0,0.0,118.99,0.707,19038.399999999998,20942.239999999998,0.0
2011-11-18 18:00:00,B2752,2.582,0.0,0.0,118.99,2.582,19038.399999999998,20942.239999999998,0.0
2011-11-18 19:00:00,B2752,3.208,0.0,0.0,118.99,3.208,19038.399999999998,20942.239999999998,0.0
2011-11-18 20:00:00,B2752,0.707,0.0,0.0,118.99,0.707,19038.399999999998,20942.239999999998,0.0
2011-11-18 21:00:00,B2752,0.704,0.0,0.0,118.99,0.704,19038.399999999998,20942.239999999998,0.0
2011-11-18 22:00:00,B2752,0.704,0.0,0.0,118.99,0.704,19038.399999999998,20942.239999999998,0.0
2011-11-18 23:00:00,B2752,0.391,0.0,0.0,118.99,0.391,19038.399999999998,20942.239999999998,0.0
2011-11-19 00:00:00,B2752,0.391,0.0,0.0,118.99,0.391,19038.399999999998,20942.239999999998,0.0
2011-11-19 01:00:00,B2752,0.391,0.0,0.0,118.99,0.391,19038.399999999998,20942.239999999998,0.0
2011-11-19 02:00:00,B2752,0.391,0.0,0.0,118.99,0.391,19038.399999999998,20942.239999999998,0.0
2011-11-19 03:00:00,B2752,0.391,0.0,0.0,118.99,0.391,19038.399999999998,20942.239999999998,0.0
2011-11-19 04:00:00,B2752,0.391,0.0,0.0,118.99,0.391,19038.399999999998,20942.239999999998,0.0
2011-11-19 05:00:00,B2752,0.704,0.0,0.0,118.99,0.704,19038.399999999998,20942.239999999998,0.0
2011-11-19 06:00:00,B2752,2.584,0.0,0.0,118.99,2.584,19038.399999999998,20942.239999999998,0.0
2011-11-19 07:00:00,B2752,0.707,0.0,0.0,118.99,0.707,19038.399999999998,20942.239999999998,0.0
2011-11-19 08:00:00,B2752,2.794,2.4,0.92,118.99,1.554,19038.399999999998,20942.239999999998,1.24
2011-11-19 09:00:00,B2752,2.794,2.4,1.72,118.99,0.6139999999999999,19038.399999999998,20942.239999999998,2.18
2011-11-19 10:00:00,B2752,2.794,2.4,2.44,118.99,-0.13600000000000012,19038.399999999998,20942.239999999998,2.93
2011-11-19 11:00:00,B2752,2.794,2.4,3.04,118.99,-0.746,19038.399999999998,20942.239999999998,3.54
2011-11-19 12:00:00,B2752,4.982,2.4,3.38,118.99,1.052,19038.399999999998,20942.239999999998,3.93
2011-11-19 13:00:00,B2752,0.707,0.0,3.03,118.99,-2.863,19038.399999999998,20942.239999999998,3.57
2011-11-19 14:00:00,B2752,0.394,0.0,2.23,118.99,-2.306,19038.399999999998,20942.239999999998,2.7
2011-11-19 15:00:00,B2752,0.394,0.0,1.23,118.99,-1.096,19038.399999999998,20942.239999999998,1.49
2011-11-19 16:00:00,B2752,0.394,0.0,0.0,118.99,0.34400000000000003,19038.399999999998,20942.239999999998,0.05
2011-11-19 17:00:00,B2752,0.707,0.0,0.0,118.99,0.707,19038.399999999998,20942.239999999998,0.0
2011-11-19 18:00:00,B2752,2.582,0.0,0.0,118.99,2.582,19038.399999999998,20942.239999999998,0.0
2011-11-19 19:00:00,B2752,3.208,0.0,0.0,118.99,3.208,19038.399999999998,20942.239999999998,0.0
2011-11-19 20:00:00,B2752,0.707,0.0,0.0,118.99,0.707,19038.399999999998,20942.239999999998,0.0
2011-11-19 21:00:00,B2752,0.704,0.0,0.0,118.99,0.704,19038.399999999998,20942.239999999998,0.0
2011-11-19 22:00:00,B2752,0.704,0.0,0.0,118.99,0.704,19038.399999999998,20942.239999999998,0.0
2011-11-19 23:00:00,B2752,0.391,0.0,0.0,118.99,0.391,19038.399999999998,20942.239999999998,0.0
2011-11-20 00:00:00,B2752,0.391,0.0,0.0,118.99,0.391,19038.399999999998,20942.239999999998,0.0
2011-11-20 01:00:00,B2752,0.391,0.0,0.0,118.99,0.391,19038.399999999998,20942.239999999998,0.0
2011-11-20 02:00:00,B2752,0.391,0.0,0.0,118.99,0.391,19038.399999999998,20942.239999999998,0.0
2011-11-20 03:00:00,B2752,0.391,0.0,0.0,118.99,0.391,19038.399999999998,20942.239999999998,0.0
2011-11-20 04:00:00,B2752,0.391,0.0,0.0,118.99,0.391,19038.399999999998,20942.239999999998,0.0
2011-11-20 05:00:00,B2752,0.704,0.0,0.0,118.99,0.704,19038.399999999998,20942.239999999998,0.0
2011-11-20 06:00:00,B2752,2.584,0.0,0.0,118.99,2.584,19038.399999999998,20942.239999999998,0.0
2011-11-20 07:00:00,B2752,0.707,0.0,0.0,118.99,0.707,19038.399999999998,20942.239999999998,0.0
2011-11-20 08:00:00,B2752,2.794,2.4,1.0,118.99,1.374,19038.399999999998,20942.239999999998,1.42
2011-11-20 09:00:00,B2752,2.794,2.4,1.6,118.99,0.694,19038.399999999998,20942.239999999998,2.1
2011-11-20 10:00:00,B2752,2.794,2.4,1.65,118.99,0.734,19038.399999999998,20942.239999999998,2.06
2011-11-20 11:00:00,B2752,2.794,2.4,1.5,118.99,0.954,19038.399999999998,20942.239999999998,1.84
2011-11-20 12:00:00,B2752,4.982,2.4,1.53,118.99,3.1020000000000003,19038.399999999998,20942.239999999998,1.88
2011-11-20 13:00:00,B2752,0.707,0.0,1.64,118.99,-1.3330000000000002,19038.399999999998,20942.239999999998,2.04
2011-11-20 14:00:00,B2752,0.394,0.0,1.52,118.99,-1.516,19038.399999999998,20942.239999999998,1.91
2011-11-20 15:00:00,B2752,0.394,0.0,1.05,118.99,-0.9660000000000001,19038.399999999998,20942.239999999998,1.36
2011-11-20 16:00:00,B2752,0.394,0.0,0.0,118.99,0.30400000000000005,19038.399999999998,20942.239999999998,0.09
2011-11-20 17:00:00,B2752,0.707,0.0,0.0,118.99,0.707,19038.399999999998,20942.239999999998,0.0
2011-11-20 18:00:00,B2752,2.582,0.0,0.0,118.99,2.582,19038.399999999998,20942.239999999998,0.0
2011-11-20 19:00:00,B2752,3.208,0.0,0.0,118.99,3.208,19038.399999999998,20942.239999999998,0.0
2011-11-20 20:00:00,B2752,0.707,0.0,0.0,118.99,0.707,19038.399999999998,20942.239999999998,0.0
2011-11-20 21:00:00,B2752,0.704,0.0,0.0,118.99,0.704,19038.399999999998,20942.239999999998,0.0
2011-11-20 22:00:00,B2752,0.704,0.0,0.0,118.99,0.704,19038.399999999998,20942.239999999998,0.0
2011-11-20 23:00:00,B2752,0.391,0.0,0.0,118.99,0.391,19038.399999999998,20942.239999999998,0.0
2011-11-21 00:00:00,B2752,2.791,2.4,0.0,118.99,2.791,19038.399999999998,20942.239999999998,0.0
2011-11-21 01:00:00,B2752,2.791,2.4,0.0,118.99,2.791,19038.399999999998,20942.239999999998,0.0
2011-11-21 02:00:00,B2752,2.791,2.4,0.0,118.99,2.791,19038.399999999998,20942.239999999998,0.0
2011-11-21 03:00:00,B2752,2.791,2.4,0.0,118.99,2.791,19038.399999999998,20942.239999999998,0.0
2011-11-21 04:00:00,B2752,2.791,2.4,0.0,118.99,2.791,19038.399999999998,20942.239999999998,0.0
2011-11-21 05:00:00,B2752,0.704,0.0,0.0,118.99,0.704,19038.399999999998,20942.239999999998,0.0
2011-11-21 06:00:00,B2752,2.584,0.0,0.0,118.99,2.584,19038.399999999998,20942.239999999998,0.0
2011-11-21 07:00:00,B2752,0.707,0.0,0.0,118.99,0.707,19038.399999999998,20942.239999999998,0.0
2011-11-21 08:00:00,B2752,0.394,0.0,1.24,118.99,-1.116,19038.399999999998,20942.239999999998,1.51
2011-11-21 09:00:00,B2752,0.394,0.0,2.07,118.99,-2.1159999999999997,19038.399999999998,20942.239999999998,2.51
2011-11-21 10:00:00,B2752,0.394,0.0,2.69,118.99,-2.766,19038.399999999998,20942.239999999998,3.16
2011-11-21 11:00:00,B2752,0.394,0.0,3.1,118.99,-3.1959999999999997,19038.399999999998,20942.239999999998,3.59
2011-11-21 12:00:00,B2752,2.582,0.0,3.09,118.99,-0.9980000000000002,19038.399999999998,20942.239999999998,3.58
2011-11-21 13:00:00,B2752,0.707,0.0,2.67,118.99,-2.443,19038.399999999998,20942.239999999998,3.15
2011-11-21 14:00:00,B2752,0.394,0.0,2.04,118.99,-2.066,19038.399999999998,20942.239999999998,2.46
2011-11-21 15:00:00,B2752,0.394,0.0,1.22,118.99,-1.076,19038.399999999998,20942.239999999998,1.47
2011-11-21 16:00:00,B2752,0.394,0.0,0.0,118.99,0.34400000000000003,19038.399999999998,20942.239999999998,0.05
2011-11-21 17:00:00,B2752,0.707,0.0,0.0,118.99,0.707,19038.399999999998,20942.239999999998,0.0
2011-11-21 18:00:00,B2752,2.582,0.0,0.0,118.99,2.582,19038.399999999998,20942.239999999998,0.0
2011-11-21 19:00:00,B2752,3.208,0.0,0.0,118.99,3.208,19038.399999999998,20942.239999999998,0.0
2011-11-21 20:00:00,B2752,0.707,0.0,0.0,118.99,0.707,19038.399999999998,20942.239999999998,0.0
2011-11-21 21:00:00,B2752,0.704,0.0,0.0,118.99,0.704,19038.399999999998,20942.239999999998,0.0
2011-11-21 22:00:00,B2752,0.704,0.0,0.0,118.99,0.704,19038.399999999998,20942.239999999998,0.0
2011-11-21 23:00:00,B2752,0.391,0.0,0.0,118.99,0.391,19038.399999999998,20942.239999999998,0.0
2011-11-22 00:00:00,B2752,2.791,2.4,0.0,118.99,2.791,19038.399999999998,20942.239999999998,0.0
2011-11-22 01:00:00,B2752,2.791,2.4,0.0,118.99,2.791,19038.399999999998,20942.239999999998,0.0
2011-11-22 02:00:00,B2752,2.791,2.4,0.0,118.99,2.791,19038.399999999998,20942.239999999998,0.0
2011-11-22 03:00:00,B2752,2.791,2.4,0.0,118.99,2.791,19038.399999999998,20942.239999999998,0.0
2011-11-22 04:00:00,B2752,2.791,2.4,0.0,118.99,2.791,19038.399999999998,20942.239999999998,0.0
2011-11-22 05:00:00,B2752,0.704,0.0,0.0,118.99,0.704,19038.399999999998,20942.239999999998,0.0
2011-11-22 06:00:00,B2752,2.584,0.0,0.0,118.99,2.584,19038.399999999998,20942.239999999998,0.0
2011-11-22 07:00:00,B2752,0.707,0.0,0.0,118.99,0.707,19038.399999999998,20942.239999999998,0.0
2011-11-22 08:00:00,B2752,0.394,0.0,0.98,118.99,-0.846,19038.399999999998,20942.239999999998,1.24
2011-11-22 09:00:00,B2752,0.394,0.0,1.2,118.99,-1.036,19038.399999999998,20942.239999999998,1.43
2011-11-22 10:00:00,B2752,0.394,0.0,1.41,118.99,-1.076,19038.399999999998,20942.239999999998,1.47
2011-11-22 11:00:00,B2752,0.394,0.0,1.99,118.99,-1.9459999999999997,19038.399999999998,20942.239999999998,2.34
2011-11-22 12:00:00,B2752,2.584,0.0,2.24,118.99,-0.04599999999999982,19038.399999999998,20942.239999999998,2.63
2011-11-22 13:00:00,B2752,0.707,0.0,2.16,118.99,-1.8730000000000002,19038.399999999998,20942.239999999998,2.58
2011-11-22 14:00:00,B2752,0.394,0.0,1.92,118.99,-1.9459999999999997,19038.399999999998,20942.239999999998,2.34
2011-11-22 15:00:00,B2752,0.394,0.0,1.1,118.99,-0.9660000000000001,19038.399999999998,20942.239999999998,1.36
2011-11-22 16:00:00,B2752,0.394,0.0,0.0,118.99,0.34400000000000003,19038.399999999998,20942.239999999998,0.05
2011-11-22 17:00:00,B2752,0.707,0.0,0.0,118.99,0.707,19038.399999999998,20942.239999999998,0.0
2011-11-22 18:00:00,B2752,2.584,0.0,0.0,118.99,2.584,19038.399999999998,20942.239999999998,0.0
2011-11-22 19:00:00,B2752,3.21,0.0,0.0,118.99,3.21,19038.399999999998,20942.239999999998,0.0
2011-11-22 20:00:00,B2752,0.707,0.0,0.0,118.99,0.707,19038.399999999998,20942.239999999998,0.0
2011-11-22 21:00:00,B2752,0.704,0.0,0.0,118.99,0.704,19038.399999999998,20942.239999999998,0.0
2011-11-22 22:00:00,B2752,0.704,0.0,0.0,118.99,0.704,19038.399999999998,20942.239999999998,0.0
2011-11-22 23:00:00,B2752,0.391,0.0,0.0,118.99,0.391,19038.399999999998,20942.239999999998,0.0
2011-11-23 00:00:00,B2752,2.791,2.4,0.0,118.99,2.791,19038.399999999998,20942.239999999998,0.0
2011-11-23 01:00:00,B2752,2.791,2.4,0.0,118.99,2.791,19038.399999999998,20942.239999999998,0.0
2011-11-23 02:00:00,B2752,2.791,2.4,0.0,118.99,2.791,19038.399999999998,20942.239999999998,0.0
2011-11-23 03:00:00,B2752,2.791,2.4,0.0,118.99,2.791,19038.399999999998,20942.239999999998,0.0
2011-11-23 04:00:00,B2752,2.791,2.4,0.0,118.99,2.791,19038.399999999998,20942.239999999998,0.0
2011-11-23 05:00:00,B2752,0.704,0.0,0.0,118.99,0.704,19038.399999999998,20942.239999999998,0.0
2011-11-23 06:00:00,B2752,2.584,0.0,0.0,118.99,2.584,19038.399999999998,20942.239999999998,0.0
2011-11-23 07:00:00,B2752,0.707,0.0,0.0,118.99,0.707,19038.399999999998,20942.239999999998,0.0
2011-11-23 08:00:00,B2752,0.394,0.0,0.62,118.99,-0.636,19038.399999999998,20942.239999999998,1.03
2011-11-23 09:00:00,B2752,0.394,0.0,1.03,118.99,-1.056,19038.399999999998,20942.239999999998,1.45
2011-11-23 10:00:00,B2752,0.394,0.0,1.22,118.99,-1.186,19038.399999999998,20942.239999999998,1.58
2011-11-23 11:00:00,B2752,0.394,0.0,1.35,118.99,-1.286,19038.399999999998,20942.239999999998,1.68
2011-11-23 12:00:00,B2752,2.582,0.0,1.42,118.99,0.8319999999999999,19038.399999999998,20942.239999999998,1.75
2011-11-23 13:00:00,B2752,0.707,0.0,1.39,118.99,-1.053,19038.399999999998,20942.239999999998,1.76
2011-11-23 14:00:00,B2752,0.394,0.0,1.33,118.99,-1.306,19038.399999999998,20942.239999999998,1.7
2011-11-23 15:00:00,B2752,0.394,0.0,0.99,118.99,-0.916,19038.399999999998,20942.239999999998,1.31
2011-11-23 16:00:00,B2752,0.394,0.0,0.05,118.99,0.254,19038.399999999998,20942.239999999998,0.14
2011-11-23 17:00:00,B2752,0.707,0.0,0.0,118.99,0.707,19038.399999999998,20942.239999999998,0.0
2011-11-23 18:00:00,B2752,2.582,0.0,0.0,118.99,2.582,19038.399999999998,20942.239999999998,0.0
2011-11-23 19:00:00,B2752,3.208,0.0,0.0,118.99,3.208,19038.399999999998,20942.239999999998,0.0
2011-11-23 20:00:00,B2752,0.707,0.0,0.0,118.99,0.707,19038.399999999998,20942.239999999998,0.0
2011-11-23 21:00:00,B2752,0.704,0.0,0.0,118.99,0.704,19038.399999999998,20942.239999999998,0.0
2011-11-23 22:00:00,B2752,0.704,0.0,0.0,118.99,0.704,19038.399999999998,20942.239999999998,0.0
2011-11-23 23:00:00,B2752,0.391,0.0,0.0,118.99,0.391,19038.399999999998,20942.239999999998,0.0
2011-11-24 00:00:00,B2752,2.791,2.4,0.0,118.99,2.791,19038.399999999998,20942.239999999998,0.0
2011-11-24 01:00:00,B2752,2.791,2.4,0.0,118.99,2.791,19038.399999999998,20942.239999999998,0.0
2011-11-24 02:00:00,B2752,2.791,2.4,0.0,118.99,2.791,19038.399999999998,20942.239999999998,0.0
2011-11-24 03:00:00,B2752,2.791,2.4,0.0,118.99,2.791,19038.399999999998,20942.239999999998,0.0
2011-11-24 04:00:00,B2752,2.791,2.4,0.0,118.99,2.791,19038.399999999998,20942.239999999998,0.0
2011-11-24 05:00:00,B2752,0.704,0.0,0.0,118.99,0.704,19038.399999999998,20942.239999999998,0.0
2011-11-24 06:00:00,B2752,2.584,0.0,0.0,118.99,2.584,19038.399999999998,20942.239999999998,0.0
2011-11-24 07:00:00,B2752,0.707,0.0,0.0,118.99,0.707,19038.399999999998,20942.239999999998,0.0
2011-11-24 08:00:00,B2752,0.394,0.0,0.53,118.99,-0.5559999999999999,19038.399999999998,20942.239999999998,0.95
2011-11-24 09:00:00,B2752,0.394,0.0,0.94,118.99,-0.9560000000000001,19038.399999999998,20942.239999999998,1.35
2011-11-24 10:00:00,B2752,0.394,0.0,1.19,118.99,-1.146,19038.399999999998,20942.239999999998,1.54
2011-11-24 11:00:00,B2752,0.394,0.0,1.33,118.99,-1.2559999999999998,19038.399999999998,20942.239999999998,1.65
2011-11-24 12:00:00,B2752,2.582,0.0,1.39,118.99,0.8619999999999999,19038.399999999998,20942.239999999998,1.72
2011-11-24 13:00:00,B2752,0.707,0.0,1.37,118.99,-1.0230000000000001,19038.399999999998,20942.239999999998,1.73
2011-11-24 14:00:00,B2752,0.394,0.0,1.31,118.99,-1.2959999999999998,19038.399999999998,20942.239999999998,1.69
2011-11-24 15:00:00,B2752,0.394,0.0,0.99,118.99,-0.916,19038.399999999998,20942.239999999998,1.31
2011-11-24 16:00:00,B2752,0.394,0.0,0.05,118.99,0.24400000000000002,19038.399999999998,20942.239999999998,0.15
2011-11-24 17:00:00,B2752,0.707,0.0,0.0,118.99,0.707,19038.399999999998,20942.239999999998,0.0
2011-11-24 18:00:00,B2752,2.582,0.0,0.0,118.99,2.582,19038.399999999998,20942.239999999998,0.0
2011-11-24 19:00:00,B2752,3.208,0.0,0.0,118.99,3.208,19038.399999999998,20942.239999999998,0.0
2011-11-24 20:00:00,B2752,0.707,0.0,0.0,118.99,0.707,19038.399999999998,20942.239999999998,0.0
2011-11-24 21:00:00,B2752,0.704,0.0,0.0,118.99,0.704,19038.399999999998,20942.239999999998,0.0
2011-11-24 22:00:00,B2752,0.704,0.0,0.0,118.99,0.704,19038.399999999998,20942.239999999998,0.0
2011-11-24 23:00:00,B2752,0.391,0.0,0.0,118.99,0.391,19038.399999999998,20942.239999999998,0.0
2011-11-25 00:00:00,B2752,2.791,2.4,0.0,118.99,2.791,19038.399999999998,20942.239999999998,0.0
2011-11-25 01:00:00,B2752,2.791,2.4,0.0,118.99,2.791,19038.399999999998,20942.239999999998,0.0
2011-11-25 02:00:00,B2752,2.791,2.4,0.0,118.99,2.791,19038.399999999998,20942.239999999998,0.0
2011-11-25 03:00:00,B2752,2.791,2.4,0.0,118.99,2.791,19038.399999999998,20942.239999999998,0.0
2011-11-25 04:00:00,B2752,2.791,2.4,0.0,118.99,2.791,19038.399999999998,20942.239999999998,0.0
2011-11-25 05:00:00,B2752,0.704,0.0,0.0,118.99,0.704,19038.399999999998,20942.239999999998,0.0
2011-11-25 06:00:00,B2752,2.584,0.0,0.0,118.99,2.584,19038.399999999998,20942.239999999998,0.0
2011-11-25 07:00:00,B2752,0.707,0.0,0.0,118.99,0.707,19038.399999999998,20942.239999999998,0.0
2011-11-25 08:00:00,B2752,0.394,0.0,0.52,118.99,-0.536,19038.399999999998,20942.239999999998,0.93
2011-11-25 09:00:00,B2752,0.394,0.0,0.92,118.99,-0.936,19038.399999999998,20942.239999999998,1.33
2011-11-25 10:00:00,B2752,0.394,0.0,1.17,118.99,-1.126,19038.399999999998,20942.239999999998,1.52
2011-11-25 11:00:00,B2752,0.394,0.0,1.33,118.99,-1.266,19038.399999999998,20942.239999999998,1.66
2011-11-25 12:00:00,B2752,2.582,0.0,1.37,118.99,0.8819999999999999,19038.399999999998,20942.239999999998,1.7
2011-11-25 13:00:00,B2752,0.704,0.0,1.43,118.99,-1.116,19038.399999999998,20942.239999999998,1.82
2011-11-25 14:00:00,B2752,0.394,0.0,1.43,118.99,-1.436,19038.399999999998,20942.239999999998,1.83
2011-11-25 15:00:00,B2752,0.394,0.0,1.14,118.99,-1.076,19038.399999999998,20942.239999999998,1.47
2011-11-25 16:00:00,B2752,0.394,0.0,0.0,118.99,0.30400000000000005,19038.399999999998,20942.239999999998,0.09
2011-11-25 17:00:00,B2752,0.707,0.0,0.0,118.99,0.707,19038.399999999998,20942.239999999998,0.0
2011-11-25 18:00:00,B2752,2.582,0.0,0.0,118.99,2.582,19038.399999999998,20942.239999999998,0.0
2011-11-25 19:00:00,B2752,3.208,0.0,0.0,118.99,3.208,19038.399999999998,20942.239999999998,0.0
2011-11-25 20:00:00,B2752,0.707,0.0,0.0,118.99,0.707,19038.399999999998,20942.239999999998,0.0
2011-11-25 21:00:00,B2752,0.704,0.0,0.0,118.99,0.704,19038.399999999998,20942.239999999998,0.0
2011-11-25 22:00:00,B2752,0.704,0.0,0.0,118.99,0.704,19038.399999999998,20942.239999999998,0.0
2011-11-25 23:00:00,B2752,0.391,0.0,0.0,118.99,0.391,19038.399999999998,20942.239999999998,0.0
2011-11-26 00:00:00,B2752,0.391,0.0,0.0,118.99,0.391,19038.399999999998,20942.239999999998,0.0
2011-11-26 01:00:00,B2752,0.391,0.0,0.0,118.99,0.391,19038.399999999998,20942.239999999998,0.0
2011-11-26 02:00:00,B2752,0.391,0.0,0.0,118.99,0.391,19038.399999999998,20942.239999999998,0.0
2011-11-26 03:00:00,B2752,0.391,0.0,0.0,118.99,0.391,19038.399999999998,20942.239999999998,0.0
2011-11-26 04:00:00,B2752,0.391,0.0,0.0,118.99,0.391,19038.399999999998,20942.239999999998,0.0
2011-11-26 05:00:00,B2752,0.704,0.0,0.0,118.99,0.704,19038.399999999998,20942.239999999998,0.0
2011-11-26 06:00:00,B2752,2.584,0.0,0.0,118.99,2.584,19038.399999999998,20942.239999999998,0.0
2011-11-26 07:00:00,B2752,0.707,0.0,0.0,118.99,0.707,19038.399999999998,20942.239999999998,0.0
2011-11-26 08:00:00,B2752,2.794,2.4,0.51,118.99,1.874,19038.399999999998,20942.239999999998,0.92
2011-11-26 09:00:00,B2752,2.794,2.4,0.94,118.99,1.434,19038.399999999998,20942.239999999998,1.36
2011-11-26 10:00:00,B2752,2.794,2.4,1.2,118.99,1.234,19038.399999999998,20942.239999999998,1.56
2011-11-26 11:00:00,B2752,2.794,2.4,1.35,118.99,1.104,19038.399999999998,20942.239999999998,1.69
2011-11-26 12:00:00,B2752,4.982,2.4,1.51,118.99,3.112,19038.399999999998,20942.239999999998,1.87
2011-11-26 13:00:00,B2752,0.707,0.0,1.6,118.99,-1.303,19038.399999999998,20942.239999999998,2.01
2011-11-26 14:00:00,B2752,0.394,0.0,1.53,118.99,-1.5459999999999998,19038.399999999998,20942.239999999998,1.94
2011-11-26 15:00:00,B2752,0.394,0.0,1.18,118.99,-1.126,19038.399999999998,20942.239999999998,1.52
2011-11-26 16:00:00,B2752,0.394,0.0,0.0,118.99,0.30400000000000005,19038.399999999998,20942.239999999998,0.09
2011-11-26 17:00:00,B2752,0.707,0.0,0.0,118.99,0.707,19038.399999999998,20942.239999999998,0.0
2011-11-26 18:00:00,B2752,2.582,0.0,0.0,118.99,2.582,19038.399999999998,20942.239999999998,0.0
2011-11-26 19:00:00,B2752,3.208,0.0,0.0,118.99,3.208,19038.399999999998,20942.239999999998,0.0
2011-11-26 20:00:00,B2752,0.707,0.0,0.0,118.99,0.707,19038.399999999998,20942.239999999998,0.0
2011-11-26 21:00:00,B2752,0.704,0.0,0.0,118.99,0.704,19038.399999999998,20942.239999999998,0.0
2011-11-26 22:00:00,B2752,0.704,0.0,0.0,118.99,0.704,19038.399999999998,20942.239999999998,0.0
2011-11-26 23:00:00,B2752,0.391,0.0,0.0,118.99,0.391,19038.399999999998,20942.239999999998,0.0
2011-11-27 00:00:00,B2752,0.391,0.0,0.0,118.99,0.391,19038.399999999998,20942.239999999998,0.0
2011-11-27 01:00:00,B2752,0.391,0.0,0.0,118.99,0.391,19038.399999999998,20942.239999999998,0.0
2011-11-27 02:00:00,B2752,0.391,0.0,0.0,118.99,0.391,19038.399999999998,20942.239999999998,0.0
2011-11-27 03:00:00,B2752,0.391,0.0,0.0,118.99,0.391,19038.399999999998,20942.239999999998,0.0
2011-11-27 04:00:00,B2752,0.391,0.0,0.0,118.99,0.391,19038.399999999998,20942.239999999998,0.0
2011-11-27 05:00:00,B2752,0.704,0.0,0.0,118.99,0.704,19038.399999999998,20942.239999999998,0.0
2011-11-27 06:00:00,B2752,2.584,0.0,0.0,118.99,2.584,19038.399999999998,20942.239999999998,0.0
2011-11-27 07:00:00,B2752,0.707,0.0,0.0,118.99,0.707,19038.399999999998,20942.239999999998,0.0
2011-11-27 08:00:00,B2752,2.794,2.4,0.8,118.99,1.574,19038.399999999998,20942.239999999998,1.22
2011-11-27 09:00:00,B2752,2.794,2.4,1.14,118.99,1.214,19038.399999999998,20942.239999999998,1.58
2011-11-27 10:00:00,B2752,2.794,2.4,1.19,118.99,1.244,19038.399999999998,20942.239999999998,1.55
2011-11-27 11:00:00,B2752,2.794,2.4,1.31,118.99,1.1540000000000001,19038.399999999998,20942.239999999998,1.64
2011-11-27 12:00:00,B2752,4.982,2.4,1.41,118.99,3.232,19038.399999999998,20942.239999999998,1.75
2011-11-27 13:00:00,B2752,0.707,0.0,1.39,118.99,-1.0430000000000001,19038.399999999998,20942.239999999998,1.75
2011-11-27 14:00:00,B2752,0.394,0.0,1.28,118.99,-1.2759999999999998,19038.399999999998,20942.239999999998,1.67
2011-11-27 15:00:00,B2752,0.394,0.0,0.98,118.99,-0.916,19038.399999999998,20942.239999999998,1.31
2011-11-27 16:00:00,B2752,0.394,0.0,0.05,118.99,0.254,19038.399999999998,20942.239999999998,0.14
2011-11-27 17:00:00,B2752,0.707,0.0,0.0,118.99,0.707,19038.399999999998,20942.239999999998,0.0
2011-11-27 18:00:00,B2752,2.582,0.0,0.0,118.99,2.582,19038.399999999998,20942.239999999998,0.0
2011-11-27 19:00:00,B2752,3.208,0.0,0.0,118.99,3.208,19038.399999999998,20942.239999999998,0.0
2011-11-27 20:00:00,B2752,0.707,0.0,0.0,118.99,0.707,19038.399999999998,20942.239999999998,0.0
2011-11-27 21:00:00,B2752,0.704,0.0,0.0,118.99,0.704,19038.399999999998,20942.239999999998,0.0
2011-11-27 22:00:00,B2752,0.704,0.0,0.0,118.99,0.704,19038.399999999998,20942.239999999998,0.0
2011-11-27 23:00:00,B2752,0.391,0.0,0.0,118.99,0.391,19038.399999999998,20942.239999999998,0.0
2011-11-28 00:00:00,B2752,2.791,2.4,0.0,118.99,2.791,19038.399999999998,20942.239999999998,0.0
2011-11-28 01:00:00,B2752,2.791,2.4,0.0,118.99,2.791,19038.399999999998,20942.239999999998,0.0
2011-11-28 02:00:00,B2752,2.791,2.4,0.0,118.99,2.791,19038.399999999998,20942.239999999998,0.0
2011-11-28 03:00:00,B2752,2.791,2.4,0.0,118.99,2.791,19038.399999999998,20942.239999999998,0.0
2011-11-28 04:00:00,B2752,2.791,2.4,0.0,118.99,2.791,19038.399999999998,20942.239999999998,0.0
2011-11-28 05:00:00,B2752,0.704,0.0,0.0,118.99,0.704,19038.399999999998,20942.239999999998,0.0
2011-11-28 06:00:00,B2752,2.584,0.0,0.0,118.99,2.584,19038.399999999998,20942.239999999998,0.0
2011-11-28 07:00:00,B2752,0.707,0.0,0.0,118.99,0.707,19038.399999999998,20942.239999999998,0.0
2011-11-28 08:00:00,B2752,0.394,0.0,0.91,118.99,-0.896,19038.399999999998,20942.239999999998,1.29
2011-11-28 09:00:00,B2752,0.394,0.0,1.53,118.99,-1.626,19038.399999999998,20942.239999999998,2.02
2011-11-28 10:00:00,B2752,0.394,0.0,1.69,118.99,-1.7159999999999997,19038.399999999998,20942.239999999998,2.11
2011-11-28 11:00:00,B2752,0.394,0.0,1.51,118.99,-1.476,19038.399999999998,20942.239999999998,1.87
2011-11-28 12:00:00,B2752,2.582,0.0,1.41,118.99,0.8219999999999998,19038.399999999998,20942.239999999998,1.76
2011-11-28 13:00:00,B2752,0.707,0.0,1.42,118.99,-1.1030000000000002,19038.399999999998,20942.239999999998,1.81
2011-11-28 14:00:00,B2752,0.394,0.0,1.32,118.99,-1.3159999999999998,19038.399999999998,20942.239999999998,1.71
2011-11-28 15:00:00,B2752,0.394,0.0,1.0,118.99,-0.936,19038.399999999998,20942.239999999998,1.33
2011-11-28 16:00:00,B2752,0.394,0.0,0.0,118.99,0.30400000000000005,19038.399999999998,20942.239999999998,0.09
2011-11-28 17:00:00,B2752,0.707,0.0,0.0,118.99,0.707,19038.399999999998,20942.239999999998,0.0
2011-11-28 18:00:00,B2752,2.584,0.0,0.0,118.99,2.584,19038.399999999998,20942.239999999998,0.0
2011-11-28 19:00:00,B2752,3.208,0.0,0.0,118.99,3.208,19038.399999999998,20942.239999999998,0.0
2011-11-28 20:00:00,B2752,0.707,0.0,0.0,118.99,0.707,19038.399999999998,20942.239999999998,0.0
2011-11-28 21:00:00,B2752,0.704,0.0,0.0,118.99,0.704,19038.399999999998,20942.239999999998,0.0
2011-11-28 22:00:00,B2752,0.704,0.0,0.0,118.99,0.704,19038.399999999998,20942.239999999998,0.0
2011-11-28 23:00:00,B2752,0.391,0.0,0.0,118.99,0.391,19038.399999999998,20942.239999999998,0.0
2011-11-29 00:00:00,B2752,2.791,2.4,0.0,118.99,2.791,19038.399999999998,20942.239999999998,0.0
2011-11-29 01:00:00,B2752,2.791,2.4,0.0,118.99,2.791,19038.399999999998,20942.239999999998,0.0
2011-11-29 02:00:00,B2752,2.791,2.4,0.0,118.99,2.791,19038.399999999998,20942.239999999998,0.0
2011-11-29 03:00:00,B2752,2.791,2.4,0.0,118.99,2.791,19038.399999999998,20942.239999999998,0.0
2011-11-29 04:00:00,B2752,2.791,2.4,0.0,118.99,2.791,19038.399999999998,20942.239999999998,0.0
2011-11-29 05:00:00,B2752,0.704,0.0,0.0,118.99,0.704,19038.399999999998,20942.239999999998,0.0
2011-11-29 06:00:00,B2752,2.584,0.0,0.0,118.99,2.584,19038.399999999998,20942.239999999998,0.0
2011-11-29 07:00:00,B2752,0.707,0.0,0.0,118.99,0.707,19038.399999999998,20942.239999999998,0.0
2011-11-29 08:00:00,B2752,0.394,0.0,0.97,118.99,-0.856,19038.399999999998,20942.239999999998,1.25
2011-11-29 09:00:00,B2752,0.394,0.0,1.89,118.99,-1.9259999999999997,19038.399999999998,20942.239999999998,2.32
2011-11-29 10:00:00,B2752,0.394,0.0,2.62,118.99,-2.726,19038.399999999998,20942.239999999998,3.12
2011-11-29 11:00:00,B2752,0.394,0.0,3.08,118.99,-3.206,19038.399999999998,20942.239999999998,3.6
2011-11-29 12:00:00,B2752,2.584,0.0,3.03,118.99,-0.956,19038.399999999998,20942.239999999998,3.54
2011-11-29 13:00:00,B2752,0.707,0.0,2.54,118.99,-2.323,19038.399999999998,20942.239999999998,3.03
2011-11-29 14:00:00,B2752,0.394,0.0,1.88,118.99,-1.956,19038.399999999998,20942.239999999998,2.35
2011-11-29 15:00:00,B2752,0.394,0.0,1.1,118.99,-1.016,19038.399999999998,20942.239999999998,1.41
2011-11-29 16:00:00,B2752,0.394,0.0,0.0,118.99,0.314,19038.399999999998,20942.239999999998,0.08
2011-11-29 17:00:00,B2752,0.707,0.0,0.0,118.99,0.707,19038.399999999998,20942.239999999998,0.0
2011-11-29 18:00:00,B2752,2.584,0.0,0.0,118.99,2.584,19038.399999999998,20942.239999999998,0.0
2011-11-29 19:00:00,B2752,3.208,0.0,0.0,118.99,3.208,19038.399999999998,20942.239999999998,0.0
2011-11-29 20:00:00,B2752,0.707,0.0,0.0,118.99,0.707,19038.399999999998,20942.239999999998,0.0
2011-11-29 21:00:00,B2752,0.704,0.0,0.0,118.99,0.704,19038.399999999998,20942.239999999998,0.0
2011-11-29 22:00:00,B2752,0.704,0.0,0.0,118.99,0.704,19038.399999999998,20942.239999999998,0.0
2011-11-29 23:00:00,B2752,0.391,0.0,0.0,118.99,0.391,19038.399999999998,20942.239999999998,0.0
2011-11-30 00:00:00,B2752,2.791,2.4,0.0,118.99,2.791,19038.399999999998,20942.239999999998,0.0
2011-11-30 01:00:00,B2752,2.791,2.4,0.0,118.99,2.791,19038.399999999998,20942.239999999998,0.0
2011-11-30 02:00:00,B2752,2.791,2.4,0.0,118.99,2.791,19038.399999999998,20942.239999999998,0.0
2011-11-30 03:00:00,B2752,2.791,2.4,0.0,118.99,2.791,19038.399999999998,20942.239999999998,0.0
2011-11-30 04:00:00,B2752,2.791,2.4,0.0,118.99,2.791,19038.399999999998,20942.239999999998,0.0
2011-11-30 05:00:00,B2752,0.704,0.0,0.0,118.99,0.704,19038.399999999998,20942.239999999998,0.0
2011-11-30 06:00:00,B2752,2.584,0.0,0.0,118.99,2.584,19038.399999999998,20942.239999999998,0.0
2011-11-30 07:00:00,B2752,0.707,0.0,0.0,118.99,0.707,19038.399999999998,20942.239999999998,0.0
2011-11-30 08:00:00,B2752,0.394,0.0,0.95,118.99,-0.896,19038.399999999998,20942.239999999998,1.29
2011-11-30 09:00:00,B2752,0.394,0.0,1.8,118.99,-1.896,19038.399999999998,20942.239999999998,2.29
2011-11-30 10:00:00,B2752,0.394,0.0,2.0,118.99,-2.046,19038.399999999998,20942.239999999998,2.44
2011-11-30 11:00:00,B2752,0.394,0.0,2.04,118.99,-2.066,19038.399999999998,20942.239999999998,2.46
2011-11-30 12:00:00,B2752,2.584,0.0,2.17,118.99,-0.0259999999999998,19038.399999999998,20942.239999999998,2.61
2011-11-30 13:00:00,B2752,0.707,0.0,1.89,118.99,-1.633,19038.399999999998,20942.239999999998,2.34
2011-11-30 14:00:00,B2752,0.394,0.0,1.48,118.99,-1.496,19038.399999999998,20942.239999999998,1.89
2011-11-30 15:00:00,B2752,0.394,0.0,1.03,118.99,-0.9560000000000001,19038.399999999998,20942.239999999998,1.35
2011-11-30 16:00:00,B2752,0.394,0.0,0.0,118.99,0.30400000000000005,19038.399999999998,20942.239999999998,0.09
2011-11-30 17:00:00,B2752,0.707,0.0,0.0,118.99,0.707,19038.399999999998,20942.239999999998,0.0
2011-11-30 18:00:00,B2752,2.584,0.0,0.0,118.99,2.584,19038.399999999998,20942.239999999998,0.0
2011-11-30 19:00:00,B2752,3.21,0.0,0.0,118.99,3.21,19038.399999999998,20942.239999999998,0.0
2011-11-30 20:00:00,B2752,0.707,0.0,0.0,118.99,0.707,19038.399999999998,20942.239999999998,0.0
2011-11-30 21:00:00,B2752,0.704,0.0,0.0,118.99,0.704,19038.399999999998,20942.239999999998,0.0
2011-11-30 22:00:00,B2752,0.704,0.0,0.0,118.99,0.704,19038.399999999998,20942.239999999998,0.0
2011-11-30 23:00:00,B2752,0.391,0.0,0.0,118.99,0.391,19038.399999999998,20942.239999999998,0.0
2011-12-01 00:00:00,B2752,2.791,2.4,0.0,118.99,2.791,19038.399999999998,20942.239999999998,0.0
2011-12-01 01:00:00,B2752,2.791,2.4,0.0,118.99,2.791,19038.399999999998,20942.239999999998,0.0
2011-12-01 02:00:00,B2752,2.791,2.4,0.0,118.99,2.791,19038.399999999998,20942.239999999998,0.0
2011-12-01 03:00:00,B2752,2.791,2.4,0.0,118.99,2.791,19038.399999999998,20942.239999999998,0.0
2011-12-01 04:00:00,B2752,2.791,2.4,0.0,118.99,2.791,19038.399999999998,20942.239999999998,0.0
2011-12-01 05:00:00,B2752,0.704,0.0,0.0,118.99,0.704,19038.399999999998,20942.239999999998,0.0
2011-12-01 06:00:00,B2752,2.584,0.0,0.0,118.99,2.584,19038.399999999998,20942.239999999998,0.0
2011-12-01 07:00:00,B2752,0.707,0.0,0.0,118.99,0.707,19038.399999999998,20942.239999999998,0.0
2011-12-01 08:00:00,B2752,0.394,0.0,0.87,118.99,-0.846,19038.399999999998,20942.239999999998,1.24
2011-12-01 09:00:00,B2752,0.394,0.0,1.67,118.99,-1.7559999999999998,19038.399999999998,20942.239999999998,2.15
2011-12-01 10:00:00,B2752,0.394,0.0,2.28,118.99,-2.356,19038.399999999998,20942.239999999998,2.75
2011-12-01 11:00:00,B2752,0.394,0.0,2.49,118.99,-2.546,19038.399999999998,20942.239999999998,2.94
2011-12-01 12:00:00,B2752,2.584,0.0,2.3,118.99,-0.15600000000000014,19038.399999999998,20942.239999999998,2.74
2011-12-01 13:00:00,B2752,0.707,0.0,1.97,118.99,-1.693,19038.399999999998,20942.239999999998,2.4
2011-12-01 14:00:00,B2752,0.394,0.0,1.66,118.99,-1.626,19038.399999999998,20942.239999999998,2.02
2011-12-01 15:00:00,B2752,0.394,0.0,1.18,118.99,-1.076,19038.399999999998,20942.239999999998,1.47
2011-12-01 16:00:00,B2752,0.394,0.0,0.0,118.99,0.324,19038.399999999998,20942.239999999998,0.07
2011-12-01 17:00:00,B2752,0.707,0.0,0.0,118.99,0.707,19038.399999999998,20942.239999999998,0.0
2011-12-01 18:00:00,B2752,2.584,0.0,0.0,118.99,2.584,19038.399999999998,20942.239999999998,0.0
2011-12-01 19:00:00,B2752,3.208,0.0,0.0,118.99,3.208,19038.399999999998,20942.239999999998,0.0
2011-12-01 20:00:00,B2752,0.707,0.0,0.0,118.99,0.707,19038.399999999998,20942.239999999998,0.0
2011-12-01 21:00:00,B2752,0.704,0.0,0.0,118.99,0.704,19038.399999999998,20942.239999999998,0.0
2011-12-01 22:00:00,B2752,0.704,0.0,0.0,118.99,0.704,19038.399999999998,20942.239999999998,0.0
2011-12-01 23:00:00,B2752,0.391,0.0,0.0,118.99,0.391,19038.399999999998,20942.239999999998,0.0
2011-12-02 00:00:00,B2752,2.791,2.4,0.0,118.99,2.791,19038.399999999998,20942.239999999998,0.0
2011-12-02 01:00:00,B2752,2.791,2.4,0.0,118.99,2.791,19038.399999999998,20942.239999999998,0.0
2011-12-02 02:00:00,B2752,2.791,2.4,0.0,118.99,2.791,19038.399999999998,20942.239999999998,0.0
2011-12-02 03:00:00,B2752,2.791,2.4,0.0,118.99,2.791,19038.399999999998,20942.239999999998,0.0
2011-12-02 04:00:00,B2752,2.791,2.4,0.0,118.99,2.791,19038.399999999998,20942.239999999998,0.0
2011-12-02 05:00:00,B2752,0.704,0.0,0.0,118.99,0.704,19038.399999999998,20942.239999999998,0.0
2011-12-02 06:00:00,B2752,2.584,0.0,0.0,118.99,2.584,19038.399999999998,20942.239999999998,0.0
2011-12-02 07:00:00,B2752,0.707,0.0,0.0,118.99,0.707,19038.399999999998,20942.239999999998,0.0
2011-12-02 08:00:00,B2752,0.394,0.0,0.55,118.99,-0.476,19038.399999999998,20942.239999999998,0.87
2011-12-02 09:00:00,B2752,0.394,0.0,1.21,118.99,-1.2359999999999998,19038.399999999998,20942.239999999998,1.63
2011-12-02 10:00:00,B2752,0.394,0.0,1.64,118.99,-1.6359999999999997,19038.399999999998,20942.239999999998,2.03
2011-12-02 11:00:00,B2752,0.394,0.0,1.87,118.99,-1.846,19038.399999999998,20942.239999999998,2.24
2011-12-02 12:00:00,B2752,2.584,0.0,1.96,118.99,0.23399999999999999,19038.399999999998,20942.239999999998,2.35
2011-12-02 13:00:00,B2752,0.707,0.0,1.97,118.99,-1.6830000000000003,19038.399999999998,20942.239999999998,2.39
2011-12-02 14:00:00,B2752,0.394,0.0,1.89,118.99,-1.936,19038.399999999998,20942.239999999998,2.33
2011-12-02 15:00:00,B2752,0.394,0.0,1.24,118.99,-1.166,19038.399999999998,20942.239999999998,1.56
2011-12-02 16:00:00,B2752,0.394,0.0,0.0,118.99,0.314,19038.399999999998,20942.239999999998,0.08
2011-12-02 17:00:00,B2752,0.707,0.0,0.0,118.99,0.707,19038.399999999998,20942.239999999998,0.0
2011-12-02 18:00:00,B2752,2.584,0.0,0.0,118.99,2.584,19038.399999999998,20942.239999999998,0.0
2011-12-02 19:00:00,B2752,3.208,0.0,0.0,118.99,3.208,19038.399999999998,20942.239999999998,0.0
2011-12-02 20:00:00,B2752,0.707,0.0,0.0,118.99,0.707,19038.399999999998,20942.239999999998,0.0
2011-12-02 21:00:00,B2752,0.704,0.0,0.0,118.99,0.704,19038.399999999998,20942.239999999998,0.0
2011-12-02 22:00:00,B2752,0.704,0.0,0.0,118.99,0.704,19038.399999999998,20942.239999999998,0.0
2011-12-02 23:00:00,B2752,0.391,0.0,0.0,118.99,0.391,19038.399999999998,20942.239999999998,0.0
2011-12-03 00:00:00,B2752,0.391,0.0,0.0,118.99,0.391,19038.399999999998,20942.239999999998,0.0
2011-12-03 01:00:00,B2752,0.391,0.0,0.0,118.99,0.391,19038.399999999998,20942.239999999998,0.0
2011-12-03 02:00:00,B2752,0.391,0.0,0.0,118.99,0.391,19038.399999999998,20942.239999999998,0.0
2011-12-03 03:00:00,B2752,0.391,0.0,0.0,118.99,0.391,19038.399999999998,20942.239999999998,0.0
2011-12-03 04:00:00,B2752,0.391,0.0,0.0,118.99,0.391,19038.399999999998,20942.239999999998,0.0
2011-12-03 05:00:00,B2752,0.704,0.0,0.0,118.99,0.704,19038.399999999998,20942.239999999998,0.0
2011-12-03 06:00:00,B2752,2.584,0.0,0.0,118.99,2.584,19038.399999999998,20942.239999999998,0.0
2011-12-03 07:00:00,B2752,0.707,0.0,0.0,118.99,0.707,19038.399999999998,20942.239999999998,0.0
2011-12-03 08:00:00,B2752,2.794,2.4,0.75,118.99,1.6440000000000001,19038.399999999998,20942.239999999998,1.15
2011-12-03 09:00:00,B2752,2.794,2.4,1.53,118.99,0.774,19038.399999999998,20942.239999999998,2.02
2011-12-03 10:00:00,B2752,2.794,2.4,2.26,118.99,0.053999999999999826,19038.399999999998,20942.239999999998,2.74
2011-12-03 11:00:00,B2752,2.794,2.4,2.28,118.99,0.08400000000000007,19038.399999999998,20942.239999999998,2.71
2011-12-03 12:00:00,B2752,4.984,2.4,1.99,118.99,2.584,19038.399999999998,20942.239999999998,2.4
2011-12-03 13:00:00,B2752,0.707,0.0,1.83,118.99,-1.5630000000000002,19038.399999999998,20942.239999999998,2.27
2011-12-03 14:00:00,B2752,0.394,0.0,1.44,118.99,-1.4460000000000002,19038.399999999998,20942.239999999998,1.84
2011-12-03 15:00:00,B2752,0.394,0.0,1.02,118.99,-0.9460000000000001,19038.399999999998,20942.239999999998,1.34
2011-12-03 16:00:00,B2752,0.394,0.0,0.0,118.99,0.314,19038.399999999998,20942.239999999998,0.08
2011-12-03 17:00:00,B2752,0.707,0.0,0.0,118.99,0.707,19038.399999999998,20942.239999999998,0.0
2011-12-03 18:00:00,B2752,2.584,0.0,0.0,118.99,2.584,19038.399999999998,20942.239999999998,0.0
2011-12-03 19:00:00,B2752,3.208,0.0,0.0,118.99,3.208,19038.399999999998,20942.239999999998,0.0
2011-12-03 20:00:00,B2752,0.707,0.0,0.0,118.99,0.707,19038.399999999998,20942.239999999998,0.0
2011-12-03 21:00:00,B2752,0.704,0.0,0.0,118.99,0.704,19038.399999999998,20942.239999999998,0.0
2011-12-03 22:00:00,B2752,0.704,0.0,0.0,118.99,0.704,19038.399999999998,20942.239999999998,0.0
2011-12-03 23:00:00,B2752,0.391,0.0,0.0,118.99,0.391,19038.399999999998,20942.239999999998,0.0
2011-12-04 00:00:00,B2752,0.391,0.0,0.0,118.99,0.391,19038.399999999998,20942.239999999998,0.0
2011-12-04 01:00:00,B2752,0.391,0.0,0.0,118.99,0.391,19038.399999999998,20942.239999999998,0.0
2011-12-04 02:00:00,B2752,0.391,0.0,0.0,118.99,0.391,19038.399999999998,20942.239999999998,0.0
2011-12-04 03:00:00,B2752,0.391,0.0,0.0,118.99,0.391,19038.399999999998,20942.239999999998,0.0
2011-12-04 04:00:00,B2752,0.391,0.0,0.0,118.99,0.391,19038.399999999998,20942.239999999998,0.0
2011-12-04 05:00:00,B2752,0.704,0.0,0.0,118.99,0.704,19038.399999999998,20942.239999999998,0.0
2011-12-04 06:00:00,B2752,2.584,0.0,0.0,118.99,2.584,19038.399999999998,20942.239999999998,0.0
2011-12-04 07:00:00,B2752,0.707,0.0,0.0,118.99,0.707,19038.399999999998,20942.239999999998,0.0
2011-12-04 08:00:00,B2752,2.794,2.4,0.6,118.99,1.884,19038.399999999998,20942.239999999998,0.91
2011-12-04 09:00:00,B2752,2.794,2.4,1.38,118.99,1.004,19038.399999999998,20942.239999999998,1.79
2011-12-04 10:00:00,B2752,2.794,2.4,1.86,118.99,0.5340000000000003,19038.399999999998,20942.239999999998,2.26
2011-12-04 11:00:00,B2752,2.794,2.4,2.12,118.99,0.28400000000000025,19038.399999999998,20942.239999999998,2.51
2011-12-04 12:00:00,B2752,4.984,2.4,2.39,118.99,2.164,19038.399999999998,20942.239999999998,2.82
2011-12-04 13:00:00,B2752,0.707,0.0,2.31,118.99,-2.043,19038.399999999998,20942.239999999998,2.75
2011-12-04 14:00:00,B2752,0.394,0.0,1.86,118.99,-1.876,19038.399999999998,20942.239999999998,2.27
2011-12-04 15:00:00,B2752,0.394,0.0,1.15,118.99,-1.0059999999999998,19038.399999999998,20942.239999999998,1.4
2011-12-04 16:00:00,B2752,0.394,0.0,0.0,118.99,0.364,19038.399999999998,20942.239999999998,0.03
2011-12-04 17:00:00,B2752,0.707,0.0,0.0,118.99,0.707,19038.399999999998,20942.239999999998,0.0
2011-12-04 18:00:00,B2752,2.584,0.0,0.0,118.99,2.584,19038.399999999998,20942.239999999998,0.0
2011-12-04 19:00:00,B2752,3.208,0.0,0.0,118.99,3.208,19038.399999999998,20942.239999999998,0.0
2011-12-04 20:00:00,B2752,0.707,0.0,0.0,118.99,0.707,19038.399999999998,20942.239999999998,0.0
2011-12-04 21:00:00,B2752,0.704,0.0,0.0,118.99,0.704,19038.399999999998,20942.239999999998,0.0
2011-12-04 22:00:00,B2752,0.704,0.0,0.0,118.99,0.704,19038.399999999998,20942.239999999998,0.0
2011-12-04 23:00:00,B2752,0.391,0.0,0.0,118.99,0.391,19038.399999999998,20942.239999999998,0.0
2011-12-05 00:00:00,B2752,2.791,2.4,0.0,118.99,2.791,19038.399999999998,20942.239999999998,0.0
2011-12-05 01:00:00,B2752,2.791,2.4,0.0,118.99,2.791,19038.399999999998,20942.239999999998,0.0
2011-12-05 02:00:00,B2752,2.791,2.4,0.0,118.99,2.791,19038.399999999998,20942.239999999998,0.0
2011-12-05 03:00:00,B2752,2.791,2.4,0.0,118.99,2.791,19038.399999999998,20942.239999999998,0.0
2011-12-05 04:00:00,B2752,2.791,2.4,0.0,118.99,2.791,19038.399999999998,20942.239999999998,0.0
2011-12-05 05:00:00,B2752,0.704,0.0,0.0,118.99,0.704,19038.399999999998,20942.239999999998,0.0
2011-12-05 06:00:00,B2752,2.584,0.0,0.0,118.99,2.584,19038.399999999998,20942.239999999998,0.0
2011-12-05 07:00:00,B2752,0.707,0.0,0.0,118.99,0.707,19038.399999999998,20942.239999999998,0.0
2011-12-05 08:00:00,B2752,0.394,0.0,0.82,118.99,-0.7559999999999999,19038.399999999998,20942.239999999998,1.15
2011-12-05 09:00:00,B2752,0.394,0.0,1.4,118.99,-1.436,19038.399999999998,20942.239999999998,1.83
2011-12-05 10:00:00,B2752,0.394,0.0,1.81,118.99,-1.8159999999999998,19038.399999999998,20942.239999999998,2.21
2011-12-05 11:00:00,B2752,0.394,0.0,2.03,118.99,-2.016,19038.399999999998,20942.239999999998,2.41
2011-12-05 12:00:00,B2752,2.582,0.0,2.01,118.99,0.19199999999999973,19038.399999999998,20942.239999999998,2.39
2011-12-05 13:00:00,B2752,0.707,0.0,1.85,118.99,-1.5430000000000001,19038.399999999998,20942.239999999998,2.25
2011-12-05 14:00:00,B2752,0.394,0.0,1.51,118.99,-1.4460000000000002,19038.399999999998,20942.239999999998,1.84
2011-12-05 15:00:00,B2752,0.394,0.0,0.89,118.99,-0.7359999999999999,19038.399999999998,20942.239999999998,1.13
2011-12-05 16:00:00,B2752,0.394,0.0,0.0,118.99,0.364,19038.399999999998,20942.239999999998,0.03
2011-12-05 17:00:00,B2752,0.707,0.0,0.0,118.99,0.707,19038.399999999998,20942.239999999998,0.0
2011-12-05 18:00:00,B2752,2.582,0.0,0.0,118.99,2.582,19038.399999999998,20942.239999999998,0.0
2011-12-05 19:00:00,B2752,3.208,0.0,0.0,118.99,3.208,19038.399999999998,20942.239999999998,0.0
2011-12-05 20:00:00,B2752,0.707,0.0,0.0,118.99,0.707,19038.399999999998,20942.239999999998,0.0
2011-12-05 21:00:00,B2752,0.704,0.0,0.0,118.99,0.704,19038.399999999998,20942.239999999998,0.0
2011-12-05 22:00:00,B2752,0.704,0.0,0.0,118.99,0.704,19038.399999999998,20942.239999999998,0.0
2011-12-05 23:00:00,B2752,0.391,0.0,0.0,118.99,0.391,19038.399999999998,20942.239999999998,0.0
2011-12-06 00:00:00,B2752,2.791,2.4,0.0,118.99,2.791,19038.399999999998,20942.239999999998,0.0
2011-12-06 01:00:00,B2752,2.791,2.4,0.0,118.99,2.791,19038.399999999998,20942.239999999998,0.0
2011-12-06 02:00:00,B2752,2.791,2.4,0.0,118.99,2.791,19038.399999999998,20942.239999999998,0.0
2011-12-06 03:00:00,B2752,2.791,2.4,0.0,118.99,2.791,19038.399999999998,20942.239999999998,0.0
2011-12-06 04:00:00,B2752,2.791,2.4,0.0,118.99,2.791,19038.399999999998,20942.239999999998,0.0
2011-12-06 05:00:00,B2752,0.704,0.0,0.0,118.99,0.704,19038.399999999998,20942.239999999998,0.0
2011-12-06 06:00:00,B2752,2.584,0.0,0.0,118.99,2.584,19038.399999999998,20942.239999999998,0.0
2011-12-06 07:00:00,B2752,0.707,0.0,0.0,118.99,0.707,19038.399999999998,20942.239999999998,0.0
2011-12-06 08:00:00,B2752,0.394,0.0,0.55,118.99,-0.496,19038.399999999998,20942.239999999998,0.89
2011-12-06 09:00:00,B2752,0.394,0.0,1.15,118.99,-1.1560000000000001,19038.399999999998,20942.239999999998,1.55
2011-12-06 10:00:00,B2752,0.394,0.0,1.68,118.99,-1.6759999999999997,19038.399999999998,20942.239999999998,2.07
2011-12-06 11:00:00,B2752,0.394,0.0,2.12,118.99,-2.126,19038.399999999998,20942.239999999998,2.52
2011-12-06 12:00:00,B2752,2.582,0.0,2.33,118.99,-0.18800000000000017,19038.399999999998,20942.239999999998,2.77
2011-12-06 13:00:00,B2752,0.707,0.0,2.09,118.99,-1.803,19038.399999999998,20942.239999999998,2.51
2011-12-06 14:00:00,B2752,0.394,0.0,1.66,118.99,-1.536,19038.399999999998,20942.239999999998,1.93
2011-12-06 15:00:00,B2752,0.394,0.0,1.25,118.99,-1.126,19038.399999999998,20942.239999999998,1.52
2011-12-06 16:00:00,B2752,0.394,0.0,0.0,118.99,0.324,19038.399999999998,20942.239999999998,0.07
2011-12-06 17:00:00,B2752,0.707,0.0,0.0,118.99,0.707,19038.399999999998,20942.239999999998,0.0
2011-12-06 18:00:00,B2752,2.584,0.0,0.0,118.99,2.584,19038.399999999998,20942.239999999998,0.0
2011-12-06 19:00:00,B2752,3.208,0.0,0.0,118.99,3.208,19038.399999999998,20942.239999999998,0.0
2011-12-06 20:00:00,B2752,0.707,0.0,0.0,118.99,0.707,19038.399999999998,20942.239999999998,0.0
2011-12-06 21:00:00,B2752,0.704,0.0,0.0,118.99,0.704,19038.399999999998,20942.239999999998,0.0
2011-12-06 22:00:00,B2752,0.704,0.0,0.0,118.99,0.704,19038.399999999998,20942.239999999998,0.0
2011-12-06 23:00:00,B2752,0.391,0.0,0.0,118.99,0.391,19038.399999999998,20942.239999999998,0.0
2011-12-07 00:00:00,B2752,2.791,2.4,0.0,118.99,2.791,19038.399999999998,20942.239999999998,0.0
2011-12-07 01:00:00,B2752,2.791,2.4,0.0,118.99,2.791,19038.399999999998,20942.239999999998,0.0
2011-12-07 02:00:00,B2752,2.791,2.4,0.0,118.99,2.791,19038.399999999998,20942.239999999998,0.0
2011-12-07 03:00:00,B2752,2.791,2.4,0.0,118.99,2.791,19038.399999999998,20942.239999999998,0.0
2011-12-07 04:00:00,B2752,2.791,2.4,0.0,118.99,2.791,19038.399999999998,20942.239999999998,0.0
2011-12-07 05:00:00,B2752,0.704,0.0,0.0,118.99,0.704,19038.399999999998,20942.239999999998,0.0
2011-12-07 06:00:00,B2752,2.584,0.0,0.0,118.99,2.584,19038.399999999998,20942.239999999998,0.0
2011-12-07 07:00:00,B2752,0.707,0.0,0.0,118.99,0.707,19038.399999999998,20942.239999999998,0.0
2011-12-07 08:00:00,B2752,0.394,0.0,0.48,118.99,-0.476,19038.399999999998,20942.239999999998,0.87
2011-12-07 09:00:00,B2752,0.394,0.0,1.0,118.99,-1.0259999999999998,19038.399999999998,20942.239999999998,1.42
2011-12-07 10:00:00,B2752,0.394,0.0,1.23,118.99,-1.1960000000000002,19038.399999999998,20942.239999999998,1.59
2011-12-07 11:00:00,B2752,0.394,0.0,1.31,118.99,-1.246,19038.399999999998,20942.239999999998,1.64
2011-12-07 12:00:00,B2752,2.582,0.0,1.41,118.99,0.8219999999999998,19038.399999999998,20942.239999999998,1.76
2011-12-07 13:00:00,B2752,0.707,0.0,1.5,118.99,-1.2029999999999998,19038.399999999998,20942.239999999998,1.91
2011-12-07 14:00:00,B2752,0.394,0.0,1.49,118.99,-1.5059999999999998,19038.399999999998,20942.239999999998,1.9
2011-12-07 15:00:00,B2752,0.394,0.0,1.11,118.99,-1.036,19038.399999999998,20942.239999999998,1.43
2011-12-07 16:00:00,B2752,0.394,0.0,0.0,118.99,0.314,19038.399999999998,20942.239999999998,0.08
2011-12-07 17:00:00,B2752,0.707,0.0,0.0,118.99,0.707,19038.399999999998,20942.239999999998,0.0
2011-12-07 18:00:00,B2752,2.584,0.0,0.0,118.99,2.584,19038.399999999998,20942.239999999998,0.0
2011-12-07 19:00:00,B2752,3.208,0.0,0.0,118.99,3.208,19038.399999999998,20942.239999999998,0.0
2011-12-07 20:00:00,B2752,0.707,0.0,0.0,118.99,0.707,19038.399999999998,20942.239999999998,0.0
2011-12-07 21:00:00,B2752,0.704,0.0,0.0,118.99,0.704,19038.399999999998,20942.239999999998,0.0
2011-12-07 22:00:00,B2752,0.704,0.0,0.0,118.99,0.704,19038.399999999998,20942.239999999998,0.0
2011-12-07 23:00:00,B2752,0.391,0.0,0.0,118.99,0.391,19038.399999999998,20942.239999999998,0.0
2011-12-08 00:00:00,B2752,2.791,2.4,0.0,118.99,2.791,19038.399999999998,20942.239999999998,0.0
2011-12-08 01:00:00,B2752,2.791,2.4,0.0,118.99,2.791,19038.399999999998,20942.239999999998,0.0
2011-12-08 02:00:00,B2752,2.791,2.4,0.0,118.99,2.791,19038.399999999998,20942.239999999998,0.0
2011-12-08 03:00:00,B2752,2.791,2.4,0.0,118.99,2.791,19038.399999999998,20942.239999999998,0.0
2011-12-08 04:00:00,B2752,2.791,2.4,0.0,118.99,2.791,19038.399999999998,20942.239999999998,0.0
2011-12-08 05:00:00,B2752,0.704,0.0,0.0,118.99,0.704,19038.399999999998,20942.239999999998,0.0
2011-12-08 06:00:00,B2752,2.584,0.0,0.0,118.99,2.584,19038.399999999998,20942.239999999998,0.0
2011-12-08 07:00:00,B2752,0.707,0.0,0.0,118.99,0.707,19038.399999999998,20942.239999999998,0.0
2011-12-08 08:00:00,B2752,0.394,0.0,1.15,118.99,-1.0459999999999998,19038.399999999998,20942.239999999998,1.44
2011-12-08 09:00:00,B2752,0.394,0.0,2.23,118.99,-2.336,19038.399999999998,20942.239999999998,2.73
2011-12-08 10:00:00,B2752,0.394,0.0,2.95,118.99,-3.1159999999999997,19038.399999999998,20942.239999999998,3.51
2011-12-08 11:00:00,B2752,0.394,0.0,3.1,118.99,-3.246,19038.399999999998,20942.239999999998,3.64
2011-12-08 12:00:00,B2752,2.584,0.0,3.23,118.99,-1.206,19038.399999999998,20942.239999999998,3.79
2011-12-08 13:00:00,B2752,0.707,0.0,3.21,118.99,-3.083,19038.399999999998,20942.239999999998,3.79
2011-12-08 14:00:00,B2752,0.394,0.0,2.56,118.99,-2.6759999999999997,19038.399999999998,20942.239999999998,3.07
2011-12-08 15:00:00,B2752,0.394,0.0,1.45,118.99,-1.3159999999999998,19038.399999999998,20942.239999999998,1.71
2011-12-08 16:00:00,B2752,0.394,0.0,0.0,118.99,0.394,19038.399999999998,20942.239999999998,0.0
2011-12-08 17:00:00,B2752,0.707,0.0,0.0,118.99,0.707,19038.399999999998,20942.239999999998,0.0
2011-12-08 18:00:00,B2752,2.584,0.0,0.0,118.99,2.584,19038.399999999998,20942.239999999998,0.0
2011-12-08 19:00:00,B2752,3.21,0.0,0.0,118.99,3.21,19038.399999999998,20942.239999999998,0.0
2011-12-08 20:00:00,B2752,0.707,0.0,0.0,118.99,0.707,19038.399999999998,20942.239999999998,0.0
2011-12-08 21:00:00,B2752,0.704,0.0,0.0,118.99,0.704,19038.399999999998,20942.239999999998,0.0
2011-12-08 22:00:00,B2752,0.704,0.0,0.0,118.99,0.704,19038.399999999998,20942.239999999998,0.0
2011-12-08 23:00:00,B2752,0.391,0.0,0.0,118.99,0.391,19038.399999999998,20942.239999999998,0.0
2011-12-09 00:00:00,B2752,2.791,2.4,0.0,118.99,2.791,19038.399999999998,20942.239999999998,0.0
2011-12-09 01:00:00,B2752,2.791,2.4,0.0,118.99,2.791,19038.399999999998,20942.239999999998,0.0
2011-12-09 02:00:00,B2752,2.791,2.4,0.0,118.99,2.791,19038.399999999998,20942.239999999998,0.0
2011-12-09 03:00:00,B2752,2.791,2.4,0.0,118.99,2.791,19038.399999999998,20942.239999999998,0.0
2011-12-09 04:00:00,B2752,2.791,2.4,0.0,118.99,2.791,19038.399999999998,20942.239999999998,0.0
2011-12-09 05:00:00,B2752,0.704,0.0,0.0,118.99,0.704,19038.399999999998,20942.239999999998,0.0
2011-12-09 06:00:00,B2752,2.584,0.0,0.0,118.99,2.584,19038.399999999998,20942.239999999998,0.0
2011-12-09 07:00:00,B2752,0.707,0.0,0.0,118.99,0.707,19038.399999999998,20942.239999999998,0.0
2011-12-09 08:00:00,B2752,0.394,0.0,1.0,118.99,-0.8059999999999999,19038.399999999998,20942.239999999998,1.2
2011-12-09 09:00:00,B2752,0.394,0.0,1.73,118.99,-1.6959999999999997,19038.399999999998,20942.239999999998,2.09
2011-12-09 10:00:00,B2752,0.394,0.0,2.42,118.99,-2.476,19038.399999999998,20942.239999999998,2.87
2011-12-09 11:00:00,B2752,0.394,0.0,2.64,118.99,-2.726,19038.399999999998,20942.239999999998,3.12
2011-12-09 12:00:00,B2752,2.584,0.0,2.52,118.99,-0.40600000000000014,19038.399999999998,20942.239999999998,2.99
2011-12-09 13:00:00,B2752,0.707,0.0,2.28,118.99,-2.043,19038.399999999998,20942.239999999998,2.75
2011-12-09 14:00:00,B2752,0.394,0.0,1.7,118.99,-1.666,19038.399999999998,20942.239999999998,2.06
2011-12-09 15:00:00,B2752,0.394,0.0,1.01,118.99,-0.826,19038.399999999998,20942.239999999998,1.22
2011-12-09 16:00:00,B2752,0.394,0.0,0.0,118.99,0.374,19038.399999999998,20942.239999999998,0.02
2011-12-09 17:00:00,B2752,0.707,0.0,0.0,118.99,0.707,19038.399999999998,20942.239999999998,0.0
2011-12-09 18:00:00,B2752,2.584,0.0,0.0,118.99,2.584,19038.399999999998,20942.239999999998,0.0
2011-12-09 19:00:00,B2752,3.21,0.0,0.0,118.99,3.21,19038.399999999998,20942.239999999998,0.0
2011-12-09 20:00:00,B2752,0.707,0.0,0.0,118.99,0.707,19038.399999999998,20942.239999999998,0.0
2011-12-09 21:00:00,B2752,0.704,0.0,0.0,118.99,0.704,19038.399999999998,20942.239999999998,0.0
2011-12-09 22:00:00,B2752,0.704,0.0,0.0,118.99,0.704,19038.399999999998,20942.239999999998,0.0
2011-12-09 23:00:00,B2752,0.391,0.0,0.0,118.99,0.391,19038.399999999998,20942.239999999998,0.0
2011-12-10 00:00:00,B2752,0.391,0.0,0.0,118.99,0.391,19038.399999999998,20942.239999999998,0.0
2011-12-10 01:00:00,B2752,0.391,0.0,0.0,118.99,0.391,19038.399999999998,20942.239999999998,0.0
2011-12-10 02:00:00,B2752,0.391,0.0,0.0,118.99,0.391,19038.399999999998,20942.239999999998,0.0
2011-12-10 03:00:00,B2752,0.391,0.0,0.0,118.99,0.391,19038.399999999998,20942.239999999998,0.0
2011-12-10 04:00:00,B2752,0.391,0.0,0.0,118.99,0.391,19038.399999999998,20942.239999999998,0.0
2011-12-10 05:00:00,B2752,0.704,0.0,0.0,118.99,0.704,19038.399999999998,20942.239999999998,0.0
2011-12-10 06:00:00,B2752,2.584,0.0,0.0,118.99,2.584,19038.399999999998,20942.239999999998,0.0
2011-12-10 07:00:00,B2752,0.707,0.0,0.0,118.99,0.707,19038.399999999998,20942.239999999998,0.0
2011-12-10 08:00:00,B2752,2.794,2.4,0.0,118.99,2.644,19038.399999999998,20942.239999999998,0.15
2011-12-10 09:00:00,B2752,2.794,2.4,0.94,118.99,1.6540000000000001,19038.399999999998,20942.239999999998,1.14
2011-12-10 10:00:00,B2752,2.794,2.4,1.1,118.99,1.514,19038.399999999998,20942.239999999998,1.28
2011-12-10 11:00:00,B2752,2.794,2.4,1.0,118.99,1.714,19038.399999999998,20942.239999999998,1.08
2011-12-10 12:00:00,B2752,4.984,2.4,1.18,118.99,3.674,19038.399999999998,20942.239999999998,1.31
2011-12-10 13:00:00,B2752,0.707,0.0,1.62,118.99,-1.193,19038.399999999998,20942.239999999998,1.9
2011-12-10 14:00:00,B2752,0.394,0.0,1.59,118.99,-1.5859999999999999,19038.399999999998,20942.239999999998,1.98
2011-12-10 15:00:00,B2752,0.394,0.0,0.97,118.99,-0.856,19038.399999999998,20942.239999999998,1.25
2011-12-10 16:00:00,B2752,0.394,0.0,0.0,118.99,0.364,19038.399999999998,20942.239999999998,0.03
2011-12-10 17:00:00,B2752,0.707,0.0,0.0,118.99,0.707,19038.399999999998,20942.239999999998,0.0
2011-12-10 18:00:00,B2752,2.584,0.0,0.0,118.99,2.584,19038.399999999998,20942.239999999998,0.0
2011-12-10 19:00:00,B2752,3.21,0.0,0.0,118.99,3.21,19038.399999999998,20942.239999999998,0.0
2011-12-10 20:00:00,B2752,0.707,0.0,0.0,118.99,0.707,19038.399999999998,20942.239999999998,0.0
2011-12-10 21:00:00,B2752,0.704,0.0,0.0,118.99,0.704,19038.399999999998,20942.239999999998,0.0
2011-12-10 22:00:00,B2752,0.704,0.0,0.0,118.99,0.704,19038.399999999998,20942.239999999998,0.0
2011-12-10 23:00:00,B2752,0.391,0.0,0.0,118.99,0.391,19038.399999999998,20942.239999999998,0.0
2011-12-11 00:00:00,B2752,0.391,0.0,0.0,118.99,0.391,19038.399999999998,20942.239999999998,0.0
2011-12-11 01:00:00,B2752,0.391,0.0,0.0,118.99,0.391,19038.399999999998,20942.239999999998,0.0
2011-12-11 02:00:00,B2752,0.391,0.0,0.0,118.99,0.391,19038.399999999998,20942.239999999998,0.0
2011-12-11 03:00:00,B2752,0.391,0.0,0.0,118.99,0.391,19038.399999999998,20942.239999999998,0.0
2011-12-11 04:00:00,B2752,0.391,0.0,0.0,118.99,0.391,19038.399999999998,20942.239999999998,0.0
2011-12-11 05:00:00,B2752,0.704,0.0,0.0,118.99,0.704,19038.399999999998,20942.239999999998,0.0
2011-12-11 06:00:00,B2752,2.584,0.0,0.0,118.99,2.584,19038.399999999998,20942.239999999998,0.0
2011-12-11 07:00:00,B2752,0.707,0.0,0.0,118.99,0.707,19038.399999999998,20942.239999999998,0.0
2011-12-11 08:00:00,B2752,2.794,2.4,0.94,118.99,1.564,19038.399999999998,20942.239999999998,1.23
2011-12-11 09:00:00,B2752,2.794,2.4,1.69,118.99,0.6739999999999999,19038.399999999998,20942.239999999998,2.12
2011-12-11 10:00:00,B2752,2.794,2.4,2.25,118.99,0.11399999999999988,19038.399999999998,20942.239999999998,2.68
2011-12-11 11:00:00,B2752,2.794,2.4,2.65,118.99,-0.32600000000000007,19038.399999999998,20942.239999999998,3.12
2011-12-11 12:00:00,B2752,4.984,2.4,2.62,118.99,1.884,19038.399999999998,20942.239999999998,3.1
2011-12-11 13:00:00,B2752,0.707,0.0,2.26,118.99,-2.0330000000000004,19038.399999999998,20942.239999999998,2.74
2011-12-11 14:00:00,B2752,0.394,0.0,1.75,118.99,-1.7359999999999998,19038.399999999998,20942.239999999998,2.13
2011-12-11 15:00:00,B2752,0.394,0.0,1.03,118.99,-0.906,19038.399999999998,20942.239999999998,1.3
2011-12-11 16:00:00,B2752,0.394,0.0,0.0,118.99,0.364,19038.399999999998,20942.239999999998,0.03
2011-12-11 17:00:00,B2752,0.707,0.0,0.0,118.99,0.707,19038.399999999998,20942.239999999998,0.0
2011-12-11 18:00:00,B2752,2.584,0.0,0.0,118.99,2.584,19038.399999999998,20942.239999999998,0.0
2011-12-11 19:00:00,B2752,3.208,0.0,0.0,118.99,3.208,19038.399999999998,20942.239999999998,0.0
2011-12-11 20:00:00,B2752,0.707,0.0,0.0,118.99,0.707,19038.399999999998,20942.239999999998,0.0
2011-12-11 21:00:00,B2752,0.704,0.0,0.0,118.99,0.704,19038.399999999998,20942.239999999998,0.0
2011-12-11 22:00:00,B2752,0.704,0.0,0.0,118.99,0.704,19038.399999999998,20942.239999999998,0.0
2011-12-11 23:00:00,B2752,0.391,0.0,0.0,118.99,0.391,19038.399999999998,20942.239999999998,0.0
2011-12-12 00:00:00,B2752,2.791,2.4,0.0,118.99,2.791,19038.399999999998,20942.239999999998,0.0
2011-12-12 01:00:00,B2752,2.791,2.4,0.0,118.99,2.791,19038.399999999998,20942.239999999998,0.0
2011-12-12 02:00:00,B2752,2.791,2.4,0.0,118.99,2.791,19038.399999999998,20942.239999999998,0.0
2011-12-12 03:00:00,B2752,2.791,2.4,0.0,118.99,2.791,19038.399999999998,20942.239999999998,0.0
2011-12-12 04:00:00,B2752,2.791,2.4,0.0,118.99,2.791,19038.399999999998,20942.239999999998,0.0
2011-12-12 05:00:00,B2752,0.704,0.0,0.0,118.99,0.704,19038.399999999998,20942.239999999998,0.0
2011-12-12 06:00:00,B2752,2.584,0.0,0.0,118.99,2.584,19038.399999999998,20942.239999999998,0.0
2011-12-12 07:00:00,B2752,0.707,0.0,0.0,118.99,0.707,19038.399999999998,20942.239999999998,0.0
2011-12-12 08:00:00,B2752,0.394,0.0,0.73,118.99,-0.636,19038.399999999998,20942.239999999998,1.03
2011-12-12 09:00:00,B2752,0.394,0.0,1.44,118.99,-1.396,19038.399999999998,20942.239999999998,1.79
2011-12-12 10:00:00,B2752,0.394,0.0,1.92,118.99,-1.9259999999999997,19038.399999999998,20942.239999999998,2.32
2011-12-12 11:00:00,B2752,0.394,0.0,2.53,118.99,-2.586,19038.399999999998,20942.239999999998,2.98
2011-12-12 12:00:00,B2752,2.582,0.0,3.04,118.99,-0.968,19038.399999999998,20942.239999999998,3.55
2011-12-12 13:00:00,B2752,0.707,0.0,2.79,118.99,-2.573,19038.399999999998,20942.239999999998,3.28
2011-12-12 14:00:00,B2752,0.394,0.0,2.08,118.99,-2.106,19038.399999999998,20942.239999999998,2.5
2011-12-12 15:00:00,B2752,0.394,0.0,1.2,118.99,-1.0459999999999998,19038.399999999998,20942.239999999998,1.44
2011-12-12 16:00:00,B2752,0.394,0.0,0.0,118.99,0.394,19038.399999999998,20942.239999999998,0.0
2011-12-12 17:00:00,B2752,0.707,0.0,0.0,118.99,0.707,19038.399999999998,20942.239999999998,0.0
2011-12-12 18:00:00,B2752,2.584,0.0,0.0,118.99,2.584,19038.399999999998,20942.239999999998,0.0
2011-12-12 19:00:00,B2752,3.208,0.0,0.0,118.99,3.208,19038.399999999998,20942.239999999998,0.0
2011-12-12 20:00:00,B2752,0.707,0.0,0.0,118.99,0.707,19038.399999999998,20942.239999999998,0.0
2011-12-12 21:00:00,B2752,0.704,0.0,0.0,118.99,0.704,19038.399999999998,20942.239999999998,0.0
2011-12-12 22:00:00,B2752,0.704,0.0,0.0,118.99,0.704,19038.399999999998,20942.239999999998,0.0
2011-12-12 23:00:00,B2752,0.391,0.0,0.0,118.99,0.391,19038.399999999998,20942.239999999998,0.0
2011-12-13 00:00:00,B2752,2.791,2.4,0.0,118.99,2.791,19038.399999999998,20942.239999999998,0.0
2011-12-13 01:00:00,B2752,2.791,2.4,0.0,118.99,2.791,19038.399999999998,20942.239999999998,0.0
2011-12-13 02:00:00,B2752,2.791,2.4,0.0,118.99,2.791,19038.399999999998,20942.239999999998,0.0
2011-12-13 03:00:00,B2752,2.791,2.4,0.0,118.99,2.791,19038.399999999998,20942.239999999998,0.0
2011-12-13 04:00:00,B2752,2.791,2.4,0.0,118.99,2.791,19038.399999999998,20942.239999999998,0.0
2011-12-13 05:00:00,B2752,0.704,0.0,0.0,118.99,0.704,19038.399999999998,20942.239999999998,0.0
2011-12-13 06:00:00,B2752,2.584,0.0,0.0,118.99,2.584,19038.399999999998,20942.239999999998,0.0
2011-12-13 07:00:00,B2752,0.707,0.0,0.0,118.99,0.707,19038.399999999998,20942.239999999998,0.0
2011-12-13 08:00:00,B2752,0.394,0.0,0.49,118.99,-0.406,19038.399999999998,20942.239999999998,0.8
2011-12-13 09:00:00,B2752,0.394,0.0,1.01,118.99,-0.9760000000000001,19038.399999999998,20942.239999999998,1.37
2011-12-13 10:00:00,B2752,0.394,0.0,1.63,118.99,-1.6059999999999999,19038.399999999998,20942.239999999998,2.0
2011-12-13 11:00:00,B2752,0.394,0.0,2.41,118.99,-2.4459999999999997,19038.399999999998,20942.239999999998,2.84
2011-12-13 12:00:00,B2752,2.582,0.0,2.34,118.99,-0.18800000000000017,19038.399999999998,20942.239999999998,2.77
2011-12-13 13:00:00,B2752,0.707,0.0,1.89,118.99,-1.5830000000000002,19038.399999999998,20942.239999999998,2.29
2011-12-13 14:00:00,B2752,0.394,0.0,1.61,118.99,-1.576,19038.399999999998,20942.239999999998,1.97
2011-12-13 15:00:00,B2752,0.394,0.0,1.0,118.99,-0.876,19038.399999999998,20942.239999999998,1.27
2011-12-13 16:00:00,B2752,0.394,0.0,0.0,118.99,0.324,19038.399999999998,20942.239999999998,0.07
2011-12-13 17:00:00,B2752,0.707,0.0,0.0,118.99,0.707,19038.399999999998,20942.239999999998,0.0
2011-12-13 18:00:00,B2752,2.582,0.0,0.0,118.99,2.582,19038.399999999998,20942.239999999998,0.0
2011-12-13 19:00:00,B2752,3.208,0.0,0.0,118.99,3.208,19038.399999999998,20942.239999999998,0.0
2011-12-13 20:00:00,B2752,0.707,0.0,0.0,118.99,0.707,19038.399999999998,20942.239999999998,0.0
2011-12-13 21:00:00,B2752,0.704,0.0,0.0,118.99,0.704,19038.399999999998,20942.239999999998,0.0
2011-12-13 22:00:00,B2752,0.704,0.0,0.0,118.99,0.704,19038.399999999998,20942.239999999998,0.0
2011-12-13 23:00:00,B2752,0.391,0.0,0.0,118.99,0.391,19038.399999999998,20942.239999999998,0.0
2011-12-14 00:00:00,B2752,2.791,2.4,0.0,118.99,2.791,19038.399999999998,20942.239999999998,0.0
2011-12-14 01:00:00,B2752,2.791,2.4,0.0,118.99,2.791,19038.399999999998,20942.239999999998,0.0
2011-12-14 02:00:00,B2752,2.791,2.4,0.0,118.99,2.791,19038.399999999998,20942.239999999998,0.0
2011-12-14 03:00:00,B2752,2.791,2.4,0.0,118.99,2.791,19038.399999999998,20942.239999999998,0.0
2011-12-14 04:00:00,B2752,2.791,2.4,0.0,118.99,2.791,19038.399999999998,20942.239999999998,0.0
2011-12-14 05:00:00,B2752,0.704,0.0,0.0,118.99,0.704,19038.399999999998,20942.239999999998,0.0
2011-12-14 06:00:00,B2752,2.582,0.0,0.0,118.99,2.582,19038.399999999998,20942.239999999998,0.0
2011-12-14 07:00:00,B2752,0.707,0.0,0.0,118.99,0.707,19038.399999999998,20942.239999999998,0.0
2011-12-14 08:00:00,B2752,0.394,0.0,0.96,118.99,-0.886,19038.399999999998,20942.239999999998,1.28
2011-12-14 09:00:00,B2752,0.394,0.0,1.87,118.99,-1.936,19038.399999999998,20942.239999999998,2.33
2011-12-14 10:00:00,B2752,0.394,0.0,2.5,118.99,-2.576,19038.399999999998,20942.239999999998,2.97
2011-12-14 11:00:00,B2752,0.394,0.0,2.12,118.99,-2.1359999999999997,19038.399999999998,20942.239999999998,2.53
2011-12-14 12:00:00,B2752,2.582,0.0,1.6,118.99,0.6319999999999999,19038.399999999998,20942.239999999998,1.95
2011-12-14 13:00:00,B2752,0.707,0.0,1.57,118.99,-1.2530000000000001,19038.399999999998,20942.239999999998,1.96
2011-12-14 14:00:00,B2752,0.394,0.0,1.41,118.99,-1.366,19038.399999999998,20942.239999999998,1.76
2011-12-14 15:00:00,B2752,0.394,0.0,0.93,118.99,-0.7959999999999999,19038.399999999998,20942.239999999998,1.19
2011-12-14 16:00:00,B2752,0.394,0.0,0.0,118.99,0.364,19038.399999999998,20942.239999999998,0.03
2011-12-14 17:00:00,B2752,0.707,0.0,0.0,118.99,0.707,19038.399999999998,20942.239999999998,0.0
2011-12-14 18:00:00,B2752,2.582,0.0,0.0,118.99,2.582,19038.399999999998,20942.239999999998,0.0
2011-12-14 19:00:00,B2752,3.208,0.0,0.0,118.99,3.208,19038.399999999998,20942.239999999998,0.0
2011-12-14 20:00:00,B2752,0.707,0.0,0.0,118.99,0.707,19038.399999999998,20942.239999999998,0.0
2011-12-14 21:00:00,B2752,0.704,0.0,0.0,118.99,0.704,19038.399999999998,20942.239999999998,0.0
2011-12-14 22:00:00,B2752,0.704,0.0,0.0,118.99,0.704,19038.399999999998,20942.239999999998,0.0
2011-12-14 23:00:00,B2752,0.391,0.0,0.0,118.99,0.391,19038.399999999998,20942.239999999998,0.0
2011-12-15 00:00:00,B2752,2.791,2.4,0.0,118.99,2.791,19038.399999999998,20942.239999999998,0.0
2011-12-15 01:00:00,B2752,2.791,2.4,0.0,118.99,2.791,19038.399999999998,20942.239999999998,0.0
2011-12-15 02:00:00,B2752,2.791,2.4,0.0,118.99,2.791,19038.399999999998,20942.239999999998,0.0
2011-12-15 03:00:00,B2752,2.791,2.4,0.0,118.99,2.791,19038.399999999998,20942.239999999998,0.0
2011-12-15 04:00:00,B2752,2.791,2.4,0.0,118.99,2.791,19038.399999999998,20942.239999999998,0.0
2011-12-15 05:00:00,B2752,0.704,0.0,0.0,118.99,0.704,19038.399999999998,20942.239999999998,0.0
2011-12-15 06:00:00,B2752,2.584,0.0,0.0,118.99,2.584,19038.399999999998,20942.239999999998,0.0
2011-12-15 07:00:00,B2752,0.707,0.0,0.0,118.99,0.707,19038.399999999998,20942.239999999998,0.0
2011-12-15 08:00:00,B2752,0.394,0.0,0.6,118.99,-0.566,19038.399999999998,20942.239999999998,0.96
2011-12-15 09:00:00,B2752,0.394,0.0,1.27,118.99,-1.306,19038.399999999998,20942.239999999998,1.7
2011-12-15 10:00:00,B2752,0.394,0.0,1.53,118.99,-1.5259999999999998,19038.399999999998,20942.239999999998,1.92
2011-12-15 11:00:00,B2752,0.394,0.0,1.93,118.99,-1.936,19038.399999999998,20942.239999999998,2.33
2011-12-15 12:00:00,B2752,2.582,0.0,2.24,118.99,-0.1080000000000001,19038.399999999998,20942.239999999998,2.69
2011-12-15 13:00:00,B2752,0.707,0.0,2.2,118.99,-1.9730000000000003,19038.399999999998,20942.239999999998,2.68
2011-12-15 14:00:00,B2752,0.394,0.0,1.96,118.99,-2.056,19038.399999999998,20942.239999999998,2.45
2011-12-15 15:00:00,B2752,0.394,0.0,1.23,118.99,-1.146,19038.399999999998,20942.239999999998,1.54
2011-12-15 16:00:00,B2752,0.394,0.0,0.0,118.99,0.324,19038.399999999998,20942.239999999998,0.07
2011-12-15 17:00:00,B2752,0.707,0.0,0.0,118.99,0.707,19038.399999999998,20942.239999999998,0.0
2011-12-15 18:00:00,B2752,2.584,0.0,0.0,118.99,2.584,19038.399999999998,20942.239999999998,0.0
2011-12-15 19:00:00,B2752,3.208,0.0,0.0,118.99,3.208,19038.399999999998,20942.239999999998,0.0
2011-12-15 20:00:00,B2752,0.707,0.0,0.0,118.99,0.707,19038.399999999998,20942.239999999998,0.0
2011-12-15 21:00:00,B2752,0.704,0.0,0.0,118.99,0.704,19038.399999999998,20942.239999999998,0.0
2011-12-15 22:00:00,B2752,0.704,0.0,0.0,118.99,0.704,19038.399999999998,20942.239999999998,0.0
2011-12-15 23:00:00,B2752,0.391,0.0,0.0,118.99,0.391,19038.399999999998,20942.239999999998,0.0
2011-12-16 00:00:00,B2752,2.791,2.4,0.0,118.99,2.791,19038.399999999998,20942.239999999998,0.0
2011-12-16 01:00:00,B2752,2.791,2.4,0.0,118.99,2.791,19038.399999999998,20942.239999999998,0.0
2011-12-16 02:00:00,B2752,2.791,2.4,0.0,118.99,2.791,19038.399999999998,20942.239999999998,0.0
2011-12-16 03:00:00,B2752,2.791,2.4,0.0,118.99,2.791,19038.399999999998,20942.239999999998,0.0
2011-12-16 04:00:00,B2752,2.791,2.4,0.0,118.99,2.791,19038.399999999998,20942.239999999998,0.0
2011-12-16 05:00:00,B2752,0.704,0.0,0.0,118.99,0.704,19038.399999999998,20942.239999999998,0.0
2011-12-16 06:00:00,B2752,2.584,0.0,0.0,118.99,2.584,19038.399999999998,20942.239999999998,0.0
2011-12-16 07:00:00,B2752,0.707,0.0,0.0,118.99,0.707,19038.399999999998,20942.239999999998,0.0
2011-12-16 08:00:00,B2752,0.394,0.0,0.69,118.99,-0.576,19038.399999999998,20942.239999999998,0.97
2011-12-16 09:00:00,B2752,0.394,0.0,1.19,118.99,-1.126,19038.399999999998,20942.239999999998,1.52
2011-12-16 10:00:00,B2752,0.394,0.0,1.41,118.99,-1.346,19038.399999999998,20942.239999999998,1.74
2011-12-16 11:00:00,B2752,0.394,0.0,1.8,118.99,-1.766,19038.399999999998,20942.239999999998,2.16
2011-12-16 12:00:00,B2752,2.582,0.0,2.03,118.99,0.1519999999999997,19038.399999999998,20942.239999999998,2.43
2011-12-16 13:00:00,B2752,0.707,0.0,1.71,118.99,-1.363,19038.399999999998,20942.239999999998,2.07
2011-12-16 14:00:00,B2752,0.394,0.0,1.33,118.99,-1.1560000000000001,19038.399999999998,20942.239999999998,1.55
2011-12-16 15:00:00,B2752,0.394,0.0,1.03,118.99,-0.846,19038.399999999998,20942.239999999998,1.24
2011-12-16 16:00:00,B2752,0.394,0.0,0.0,118.99,0.364,19038.399999999998,20942.239999999998,0.03
2011-12-16 17:00:00,B2752,0.707,0.0,0.0,118.99,0.707,19038.399999999998,20942.239999999998,0.0
2011-12-16 18:00:00,B2752,2.582,0.0,0.0,118.99,2.582,19038.399999999998,20942.239999999998,0.0
2011-12-16 19:00:00,B2752,3.208,0.0,0.0,118.99,3.208,19038.399999999998,20942.239999999998,0.0
2011-12-16 20:00:00,B2752,0.707,0.0,0.0,118.99,0.707,19038.399999999998,20942.239999999998,0.0
2011-12-16 21:00:00,B2752,0.704,0.0,0.0,118.99,0.704,19038.399999999998,20942.239999999998,0.0
2011-12-16 22:00:00,B2752,0.704,0.0,0.0,118.99,0.704,19038.399999999998,20942.239999999998,0.0
2011-12-16 23:00:00,B2752,0.391,0.0,0.0,118.99,0.391,19038.399999999998,20942.239999999998,0.0
2011-12-17 00:00:00,B2752,0.391,0.0,0.0,118.99,0.391,19038.399999999998,20942.239999999998,0.0
2011-12-17 01:00:00,B2752,0.391,0.0,0.0,118.99,0.391,19038.399999999998,20942.239999999998,0.0
2011-12-17 02:00:00,B2752,0.391,0.0,0.0,118.99,0.391,19038.399999999998,20942.239999999998,0.0
2011-12-17 03:00:00,B2752,0.391,0.0,0.0,118.99,0.391,19038.399999999998,20942.239999999998,0.0
2011-12-17 04:00:00,B2752,0.391,0.0,0.0,118.99,0.391,19038.399999999998,20942.239999999998,0.0
2011-12-17 05:00:00,B2752,0.704,0.0,0.0,118.99,0.704,19038.399999999998,20942.239999999998,0.0
2011-12-17 06:00:00,B2752,2.584,0.0,0.0,118.99,2.584,19038.399999999998,20942.239999999998,0.0
2011-12-17 07:00:00,B2752,0.707,0.0,0.0,118.99,0.707,19038.399999999998,20942.239999999998,0.0
2011-12-17 08:00:00,B2752,2.794,2.4,0.53,118.99,1.9740000000000002,19038.399999999998,20942.239999999998,0.82
2011-12-17 09:00:00,B2752,2.794,2.4,1.27,118.99,1.104,19038.399999999998,20942.239999999998,1.69
2011-12-17 10:00:00,B2752,2.794,2.4,1.97,118.99,0.3839999999999999,19038.399999999998,20942.239999999998,2.41
2011-12-17 11:00:00,B2752,2.794,2.4,2.55,118.99,-0.21599999999999975,19038.399999999998,20942.239999999998,3.01
2011-12-17 12:00:00,B2752,4.984,2.4,2.74,118.99,1.754,19038.399999999998,20942.239999999998,3.23
2011-12-17 13:00:00,B2752,0.707,0.0,2.29,118.99,-2.0330000000000004,19038.399999999998,20942.239999999998,2.74
2011-12-17 14:00:00,B2752,0.394,0.0,1.63,118.99,-1.5059999999999998,19038.399999999998,20942.239999999998,1.9
2011-12-17 15:00:00,B2752,0.394,0.0,1.07,118.99,-0.836,19038.399999999998,20942.239999999998,1.23
2011-12-17 16:00:00,B2752,0.394,0.0,0.0,118.99,0.394,19038.399999999998,20942.239999999998,0.0
2011-12-17 17:00:00,B2752,0.707,0.0,0.0,118.99,0.707,19038.399999999998,20942.239999999998,0.0
2011-12-17 18:00:00,B2752,2.584,0.0,0.0,118.99,2.584,19038.399999999998,20942.239999999998,0.0
2011-12-17 19:00:00,B2752,3.208,0.0,0.0,118.99,3.208,19038.399999999998,20942.239999999998,0.0
2011-12-17 20:00:00,B2752,0.707,0.0,0.0,118.99,0.707,19038.399999999998,20942.239999999998,0.0
2011-12-17 21:00:00,B2752,0.704,0.0,0.0,118.99,0.704,19038.399999999998,20942.239999999998,0.0
2011-12-17 22:00:00,B2752,0.704,0.0,0.0,118.99,0.704,19038.399999999998,20942.239999999998,0.0
2011-12-17 23:00:00,B2752,0.391,0.0,0.0,118.99,0.391,19038.399999999998,20942.239999999998,0.0
2011-12-18 00:00:00,B2752,0.391,0.0,0.0,118.99,0.391,19038.399999999998,20942.239999999998,0.0
2011-12-18 01:00:00,B2752,0.391,0.0,0.0,118.99,0.391,19038.399999999998,20942.239999999998,0.0
2011-12-18 02:00:00,B2752,0.391,0.0,0.0,118.99,0.391,19038.399999999998,20942.239999999998,0.0
2011-12-18 03:00:00,B2752,0.391,0.0,0.0,118.99,0.391,19038.399999999998,20942.239999999998,0.0
2011-12-18 04:00:00,B2752,0.391,0.0,0.0,118.99,0.391,19038.399999999998,20942.239999999998,0.0
2011-12-18 05:00:00,B2752,0.704,0.0,0.0,118.99,0.704,19038.399999999998,20942.239999999998,0.0
2011-12-18 06:00:00,B2752,2.584,0.0,0.0,118.99,2.584,19038.399999999998,20942.239999999998,0.0
2011-12-18 07:00:00,B2752,0.707,0.0,0.0,118.99,0.707,19038.399999999998,20942.239999999998,0.0
2011-12-18 08:00:00,B2752,2.794,2.4,0.0,118.99,2.794,19038.399999999998,20942.239999999998,0.0
2011-12-18 09:00:00,B2752,2.794,2.4,0.91,118.99,1.494,19038.399999999998,20942.239999999998,1.3
2011-12-18 10:00:00,B2752,2.794,2.4,1.19,118.99,1.244,19038.399999999998,20942.239999999998,1.55
2011-12-18 11:00:00,B2752,2.794,2.4,1.42,118.99,1.024,19038.399999999998,20942.239999999998,1.77
2011-12-18 12:00:00,B2752,4.984,2.4,1.44,118.99,3.174,19038.399999999998,20942.239999999998,1.81
2011-12-18 13:00:00,B2752,0.707,0.0,1.34,118.99,-1.013,19038.399999999998,20942.239999999998,1.72
2011-12-18 14:00:00,B2752,0.394,0.0,1.26,118.99,-1.2759999999999998,19038.399999999998,20942.239999999998,1.67
2011-12-18 15:00:00,B2752,0.394,0.0,0.94,118.99,-0.866,19038.399999999998,20942.239999999998,1.26
2011-12-18 16:00:00,B2752,0.394,0.0,0.0,118.99,0.30400000000000005,19038.399999999998,20942.239999999998,0.09
2011-12-18 17:00:00,B2752,0.707,0.0,0.0,118.99,0.707,19038.399999999998,20942.239999999998,0.0
2011-12-18 18:00:00,B2752,2.584,0.0,0.0,118.99,2.584,19038.399999999998,20942.239999999998,0.0
2011-12-18 19:00:00,B2752,3.21,0.0,0.0,118.99,3.21,19038.399999999998,20942.239999999998,0.0
2011-12-18 20:00:00,B2752,0.707,0.0,0.0,118.99,0.707,19038.399999999998,20942.239999999998,0.0
2011-12-18 21:00:00,B2752,0.704,0.0,0.0,118.99,0.704,19038.399999999998,20942.239999999998,0.0
2011-12-18 22:00:00,B2752,0.704,0.0,0.0,118.99,0.704,19038.399999999998,20942.239999999998,0.0
2011-12-18 23:00:00,B2752,0.391,0.0,0.0,118.99,0.391,19038.399999999998,20942.239999999998,0.0
2011-12-19 00:00:00,B2752,2.791,2.4,0.0,118.99,2.791,19038.399999999998,20942.239999999998,0.0
2011-12-19 01:00:00,B2752,2.791,2.4,0.0,118.99,2.791,19038.399999999998,20942.239999999998,0.0
2011-12-19 02:00:00,B2752,2.791,2.4,0.0,118.99,2.791,19038.399999999998,20942.239999999998,0.0
2011-12-19 03:00:00,B2752,2.791,2.4,0.0,118.99,2.791,19038.399999999998,20942.239999999998,0.0
2011-12-19 04:00:00,B2752,2.791,2.4,0.0,118.99,2.791,19038.399999999998,20942.239999999998,0.0
2011-12-19 05:00:00,B2752,0.704,0.0,0.0,118.99,0.704,19038.399999999998,20942.239999999998,0.0
2011-12-19 06:00:00,B2752,2.584,0.0,0.0,118.99,2.584,19038.399999999998,20942.239999999998,0.0
2011-12-19 07:00:00,B2752,0.707,0.0,0.0,118.99,0.707,19038.399999999998,20942.239999999998,0.0
2011-12-19 08:00:00,B2752,0.394,0.0,0.0,118.99,0.394,19038.399999999998,20942.239999999998,0.0
2011-12-19 09:00:00,B2752,0.394,0.0,2.04,118.99,-2.1159999999999997,19038.399999999998,20942.239999999998,2.51
2011-12-19 10:00:00,B2752,0.394,0.0,1.98,118.99,-2.026,19038.399999999998,20942.239999999998,2.42
2011-12-19 11:00:00,B2752,0.394,0.0,1.45,118.99,-1.4060000000000001,19038.399999999998,20942.239999999998,1.8
2011-12-19 12:00:00,B2752,2.584,0.0,1.32,118.99,0.9140000000000001,19038.399999999998,20942.239999999998,1.67
2011-12-19 13:00:00,B2752,0.707,0.0,1.29,118.99,-0.953,19038.399999999998,20942.239999999998,1.66
2011-12-19 14:00:00,B2752,0.394,0.0,1.19,118.99,-1.186,19038.399999999998,20942.239999999998,1.58
2011-12-19 15:00:00,B2752,0.394,0.0,0.88,118.99,-0.816,19038.399999999998,20942.239999999998,1.21
2011-12-19 16:00:00,B2752,0.394,0.0,0.0,118.99,0.30400000000000005,19038.399999999998,20942.239999999998,0.09
2011-12-19 17:00:00,B2752,0.707,0.0,0.0,118.99,0.707,19038.399999999998,20942.239999999998,0.0
2011-12-19 18:00:00,B2752,2.584,0.0,0.0,118.99,2.584,19038.399999999998,20942.239999999998,0.0
2011-12-19 19:00:00,B2752,3.21,0.0,0.0,118.99,3.21,19038.399999999998,20942.239999999998,0.0
2011-12-19 20:00:00,B2752,0.707,0.0,0.0,118.99,0.707,19038.399999999998,20942.239999999998,0.0
2011-12-19 21:00:00,B2752,0.704,0.0,0.0,118.99,0.704,19038.399999999998,20942.239999999998,0.0
2011-12-19 22:00:00,B2752,0.704,0.0,0.0,118.99,0.704,19038.399999999998,20942.239999999998,0.0
2011-12-19 23:00:00,B2752,0.391,0.0,0.0,118.99,0.391,19038.399999999998,20942.239999999998,0.0
2011-12-20 00:00:00,B2752,2.791,2.4,0.0,118.99,2.791,19038.399999999998,20942.239999999998,0.0
2011-12-20 01:00:00,B2752,2.791,2.4,0.0,118.99,2.791,19038.399999999998,20942.239999999998,0.0
2011-12-20 02:00:00,B2752,2.791,2.4,0.0,118.99,2.791,19038.399999999998,20942.239999999998,0.0
2011-12-20 03:00:00,B2752,2.791,2.4,0.0,118.99,2.791,19038.399999999998,20942.239999999998,0.0
2011-12-20 04:00:00,B2752,2.791,2.4,0.0,118.99,2.791,19038.399999999998,20942.239999999998,0.0
2011-12-20 05:00:00,B2752,0.704,0.0,0.0,118.99,0.704,19038.399999999998,20942.239999999998,0.0
2011-12-20 06:00:00,B2752,2.584,0.0,0.0,118.99,2.584,19038.399999999998,20942.239999999998,0.0
2011-12-20 07:00:00,B2752,0.707,0.0,0.0,118.99,0.707,19038.399999999998,20942.239999999998,0.0
2011-12-20 08:00:00,B2752,0.394,0.0,0.0,118.99,0.394,19038.399999999998,20942.239999999998,0.0
2011-12-20 09:00:00,B2752,0.394,0.0,0.9,118.99,-0.886,19038.399999999998,20942.239999999998,1.28
2011-12-20 10:00:00,B2752,0.394,0.0,1.16,118.99,-1.1059999999999999,19038.399999999998,20942.239999999998,1.5
2011-12-20 11:00:00,B2752,0.394,0.0,1.34,118.99,-1.286,19038.399999999998,20942.239999999998,1.68
2011-12-20 12:00:00,B2752,2.584,0.0,1.41,118.99,0.8140000000000001,19038.399999999998,20942.239999999998,1.77
2011-12-20 13:00:00,B2752,0.707,0.0,1.34,118.99,-1.0030000000000001,19038.399999999998,20942.239999999998,1.71
2011-12-20 14:00:00,B2752,0.394,0.0,1.24,118.99,-1.2359999999999998,19038.399999999998,20942.239999999998,1.63
2011-12-20 15:00:00,B2752,0.394,0.0,0.91,118.99,-0.826,19038.399999999998,20942.239999999998,1.22
2011-12-20 16:00:00,B2752,0.394,0.0,0.0,118.99,0.314,19038.399999999998,20942.239999999998,0.08
2011-12-20 17:00:00,B2752,0.707,0.0,0.0,118.99,0.707,19038.399999999998,20942.239999999998,0.0
2011-12-20 18:00:00,B2752,2.584,0.0,0.0,118.99,2.584,19038.399999999998,20942.239999999998,0.0
2011-12-20 19:00:00,B2752,3.21,0.0,0.0,118.99,3.21,19038.399999999998,20942.239999999998,0.0
2011-12-20 20:00:00,B2752,0.707,0.0,0.0,118.99,0.707,19038.399999999998,20942.239999999998,0.0
2011-12-20 21:00:00,B2752,0.704,0.0,0.0,118.99,0.704,19038.399999999998,20942.239999999998,0.0
2011-12-20 22:00:00,B2752,0.704,0.0,0.0,118.99,0.704,19038.399999999998,20942.239999999998,0.0
2011-12-20 23:00:00,B2752,0.391,0.0,0.0,118.99,0.391,19038.399999999998,20942.239999999998,0.0
2011-12-21 00:00:00,B2752,2.791,2.4,0.0,118.99,2.791,19038.399999999998,20942.239999999998,0.0
2011-12-21 01:00:00,B2752,2.791,2.4,0.0,118.99,2.791,19038.399999999998,20942.239999999998,0.0
2011-12-21 02:00:00,B2752,2.791,2.4,0.0,118.99,2.791,19038.399999999998,20942.239999999998,0.0
2011-12-21 03:00:00,B2752,2.791,2.4,0.0,118.99,2.791,19038.399999999998,20942.239999999998,0.0
2011-12-21 04:00:00,B2752,2.791,2.4,0.0,118.99,2.791,19038.399999999998,20942.239999999998,0.0
2011-12-21 05:00:00,B2752,0.704,0.0,0.0,118.99,0.704,19038.399999999998,20942.239999999998,0.0
2011-12-21 06:00:00,B2752,2.584,0.0,0.0,118.99,2.584,19038.399999999998,20942.239999999998,0.0
2011-12-21 07:00:00,B2752,0.707,0.0,0.0,118.99,0.707,19038.399999999998,20942.239999999998,0.0
2011-12-21 08:00:00,B2752,0.394,0.0,0.0,118.99,0.394,19038.399999999998,20942.239999999998,0.0
2011-12-21 09:00:00,B2752,0.394,0.0,1.09,118.99,-1.076,19038.399999999998,20942.239999999998,1.47
2011-12-21 10:00:00,B2752,0.394,0.0,1.56,118.99,-1.5459999999999998,19038.399999999998,20942.239999999998,1.94
2011-12-21 11:00:00,B2752,0.394,0.0,2.23,118.99,-2.266,19038.399999999998,20942.239999999998,2.66
2011-12-21 12:00:00,B2752,2.582,0.0,2.57,118.99,-0.46799999999999997,19038.399999999998,20942.239999999998,3.05
2011-12-21 13:00:00,B2752,0.707,0.0,2.19,118.99,-1.963,19038.399999999998,20942.239999999998,2.67
2011-12-21 14:00:00,B2752,0.394,0.0,1.63,118.99,-1.646,19038.399999999998,20942.239999999998,2.04
2011-12-21 15:00:00,B2752,0.394,0.0,1.0,118.99,-0.916,19038.399999999998,20942.239999999998,1.31
2011-12-21 16:00:00,B2752,0.394,0.0,0.0,118.99,0.314,19038.399999999998,20942.239999999998,0.08
2011-12-21 17:00:00,B2752,0.707,0.0,0.0,118.99,0.707,19038.399999999998,20942.239999999998,0.0
2011-12-21 18:00:00,B2752,2.584,0.0,0.0,118.99,2.584,19038.399999999998,20942.239999999998,0.0
2011-12-21 19:00:00,B2752,3.208,0.0,0.0,118.99,3.208,19038.399999999998,20942.239999999998,0.0
2011-12-21 20:00:00,B2752,0.707,0.0,0.0,118.99,0.707,19038.399999999998,20942.239999999998,0.0
2011-12-21 21:00:00,B2752,0.704,0.0,0.0,118.99,0.704,19038.399999999998,20942.239999999998,0.0
2011-12-21 22:00:00,B2752,0.704,0.0,0.0,118.99,0.704,19038.399999999998,20942.239999999998,0.0
2011-12-21 23:00:00,B2752,0.391,0.0,0.0,118.99,0.391,19038.399999999998,20942.239999999998,0.0
2011-12-22 00:00:00,B2752,2.791,2.4,0.0,118.99,2.791,19038.399999999998,20942.239999999998,0.0
2011-12-22 01:00:00,B2752,2.791,2.4,0.0,118.99,2.791,19038.399999999998,20942.239999999998,0.0
2011-12-22 02:00:00,B2752,2.791,2.4,0.0,118.99,2.791,19038.399999999998,20942.239999999998,0.0
2011-12-22 03:00:00,B2752,2.791,2.4,0.0,118.99,2.791,19038.399999999998,20942.239999999998,0.0
2011-12-22 04:00:00,B2752,2.791,2.4,0.0,118.99,2.791,19038.399999999998,20942.239999999998,0.0
2011-12-22 05:00:00,B2752,0.704,0.0,0.0,118.99,0.704,19038.399999999998,20942.239999999998,0.0
2011-12-22 06:00:00,B2752,2.584,0.0,0.0,118.99,2.584,19038.399999999998,20942.239999999998,0.0
2011-12-22 07:00:00,B2752,0.707,0.0,0.0,118.99,0.707,19038.399999999998,20942.239999999998,0.0
2011-12-22 08:00:00,B2752,0.394,0.0,0.0,118.99,0.394,19038.399999999998,20942.239999999998,0.0
2011-12-22 09:00:00,B2752,0.394,0.0,1.48,118.99,-1.416,19038.399999999998,20942.239999999998,1.81
2011-12-22 10:00:00,B2752,0.394,0.0,2.1,118.99,-2.1159999999999997,19038.399999999998,20942.239999999998,2.51
2011-12-22 11:00:00,B2752,0.394,0.0,2.81,118.99,-2.896,19038.399999999998,20942.239999999998,3.29
2011-12-22 12:00:00,B2752,2.584,0.0,3.11,118.99,-1.0459999999999998,19038.399999999998,20942.239999999998,3.63
2011-12-22 13:00:00,B2752,0.707,0.0,2.84,118.99,-2.673,19038.399999999998,20942.239999999998,3.38
2011-12-22 14:00:00,B2752,0.394,0.0,2.23,118.99,-2.296,19038.399999999998,20942.239999999998,2.69
2011-12-22 15:00:00,B2752,0.394,0.0,1.28,118.99,-1.096,19038.399999999998,20942.239999999998,1.49
2011-12-22 16:00:00,B2752,0.394,0.0,0.0,118.99,0.394,19038.399999999998,20942.239999999998,0.0
2011-12-22 17:00:00,B2752,0.707,0.0,0.0,118.99,0.707,19038.399999999998,20942.239999999998,0.0
2011-12-22 18:00:00,B2752,2.584,0.0,0.0,118.99,2.584,19038.399999999998,20942.239999999998,0.0
2011-12-22 19:00:00,B2752,3.21,0.0,0.0,118.99,3.21,19038.399999999998,20942.239999999998,0.0
2011-12-22 20:00:00,B2752,0.707,0.0,0.0,118.99,0.707,19038.399999999998,20942.239999999998,0.0
2011-12-22 21:00:00,B2752,0.704,0.0,0.0,118.99,0.704,19038.399999999998,20942.239999999998,0.0
2011-12-22 22:00:00,B2752,0.704,0.0,0.0,118.99,0.704,19038.399999999998,20942.239999999998,0.0
2011-12-22 23:00:00,B2752,0.391,0.0,0.0,118.99,0.391,19038.399999999998,20942.239999999998,0.0
2011-12-23 00:00:00,B2752,2.791,2.4,0.0,118.99,2.791,19038.399999999998,20942.239999999998,0.0
2011-12-23 01:00:00,B2752,2.791,2.4,0.0,118.99,2.791,19038.399999999998,20942.239999999998,0.0
2011-12-23 02:00:00,B2752,2.791,2.4,0.0,118.99,2.791,19038.399999999998,20942.239999999998,0.0
2011-12-23 03:00:00,B2752,2.791,2.4,0.0,118.99,2.791,19038.399999999998,20942.239999999998,0.0
2011-12-23 04:00:00,B2752,2.791,2.4,0.0,118.99,2.791,19038.399999999998,20942.239999999998,0.0
2011-12-23 05:00:00,B2752,0.704,0.0,0.0,118.99,0.704,19038.399999999998,20942.239999999998,0.0
2011-12-23 06:00:00,B2752,2.584,0.0,0.0,118.99,2.584,19038.399999999998,20942.239999999998,0.0
2011-12-23 07:00:00,B2752,0.707,0.0,0.0,118.99,0.707,19038.399999999998,20942.239999999998,0.0
2011-12-23 08:00:00,B2752,0.394,0.0,0.0,118.99,0.394,19038.399999999998,20942.239999999998,0.0
2011-12-23 09:00:00,B2752,0.394,0.0,1.71,118.99,-1.726,19038.399999999998,20942.239999999998,2.12
2011-12-23 10:00:00,B2752,0.394,0.0,2.66,118.99,-2.756,19038.399999999998,20942.239999999998,3.15
2011-12-23 11:00:00,B2752,0.394,0.0,3.12,118.99,-3.246,19038.399999999998,20942.239999999998,3.64
2011-12-23 12:00:00,B2752,2.584,0.0,3.16,118.99,-1.1059999999999999,19038.399999999998,20942.239999999998,3.69
2011-12-23 13:00:00,B2752,0.707,0.0,2.84,118.99,-2.6630000000000003,19038.399999999998,20942.239999999998,3.37
2011-12-23 14:00:00,B2752,0.394,0.0,2.14,118.99,-2.246,19038.399999999998,20942.239999999998,2.64
2011-12-23 15:00:00,B2752,0.394,0.0,1.25,118.99,-1.206,19038.399999999998,20942.239999999998,1.6
2011-12-23 16:00:00,B2752,0.394,0.0,0.0,118.99,0.314,19038.399999999998,20942.239999999998,0.08
2011-12-23 17:00:00,B2752,0.707,0.0,0.0,118.99,0.707,19038.399999999998,20942.239999999998,0.0
2011-12-23 18:00:00,B2752,2.584,0.0,0.0,118.99,2.584,19038.399999999998,20942.239999999998,0.0
2011-12-23 19:00:00,B2752,3.208,0.0,0.0,118.99,3.208,19038.399999999998,20942.239999999998,0.0
2011-12-23 20:00:00,B2752,0.707,0.0,0.0,118.99,0.707,19038.399999999998,20942.239999999998,0.0
2011-12-23 21:00:00,B2752,0.704,0.0,0.0,118.99,0.704,19038.399999999998,20942.239999999998,0.0
2011-12-23 22:00:00,B2752,0.704,0.0,0.0,118.99,0.704,19038.399999999998,20942.239999999998,0.0
2011-12-23 23:00:00,B2752,0.391,0.0,0.0,118.99,0.391,19038.399999999998,20942.239999999998,0.0
2011-12-24 00:00:00,B2752,0.391,0.0,0.0,118.99,0.391,19038.399999999998,20942.239999999998,0.0
2011-12-24 01:00:00,B2752,0.391,0.0,0.0,118.99,0.391,19038.399999999998,20942.239999999998,0.0
2011-12-24 02:00:00,B2752,0.391,0.0,0.0,118.99,0.391,19038.399999999998,20942.239999999998,0.0
2011-12-24 03:00:00,B2752,0.391,0.0,0.0,118.99,0.391,19038.399999999998,20942.239999999998,0.0
2011-12-24 04:00:00,B2752,0.391,0.0,0.0,118.99,0.391,19038.399999999998,20942.239999999998,0.0
2011-12-24 05:00:00,B2752,0.704,0.0,0.0,118.99,0.704,19038.399999999998,20942.239999999998,0.0
2011-12-24 06:00:00,B2752,2.584,0.0,0.0,118.99,2.584,19038.399999999998,20942.239999999998,0.0
2011-12-24 07:00:00,B2752,0.707,0.0,0.0,118.99,0.707,19038.399999999998,20942.239999999998,0.0
2011-12-24 08:00:00,B2752,2.794,2.4,0.0,118.99,2.794,19038.399999999998,20942.239999999998,0.0
2011-12-24 09:00:00,B2752,2.794,2.4,0.91,118.99,1.494,19038.399999999998,20942.239999999998,1.3
2011-12-24 10:00:00,B2752,2.794,2.4,1.16,118.99,1.284,19038.399999999998,20942.239999999998,1.51
2011-12-24 11:00:00,B2752,2.794,2.4,1.29,118.99,1.174,19038.399999999998,20942.239999999998,1.62
2011-12-24 12:00:00,B2752,4.984,2.4,1.34,118.99,3.284,19038.399999999998,20942.239999999998,1.7
2011-12-24 13:00:00,B2752,0.707,0.0,1.33,118.99,-0.993,19038.399999999998,20942.239999999998,1.7
2011-12-24 14:00:00,B2752,0.394,0.0,1.22,118.99,-1.226,19038.399999999998,20942.239999999998,1.62
2011-12-24 15:00:00,B2752,0.394,0.0,0.92,118.99,-0.856,19038.399999999998,20942.239999999998,1.25
2011-12-24 16:00:00,B2752,0.394,0.0,0.0,118.99,0.30400000000000005,19038.399999999998,20942.239999999998,0.09
2011-12-24 17:00:00,B2752,0.707,0.0,0.0,118.99,0.707,19038.399999999998,20942.239999999998,0.0
2011-12-24 18:00:00,B2752,2.584,0.0,0.0,118.99,2.584,19038.399999999998,20942.239999999998,0.0
2011-12-24 19:00:00,B2752,3.208,0.0,0.0,118.99,3.208,19038.399999999998,20942.239999999998,0.0
2011-12-24 20:00:00,B2752,0.707,0.0,0.0,118.99,0.707,19038.399999999998,20942.239999999998,0.0
2011-12-24 21:00:00,B2752,0.704,0.0,0.0,118.99,0.704,19038.399999999998,20942.239999999998,0.0
2011-12-24 22:00:00,B2752,0.704,0.0,0.0,118.99,0.704,19038.399999999998,20942.239999999998,0.0
2011-12-24 23:00:00,B2752,0.391,0.0,0.0,118.99,0.391,19038.399999999998,20942.239999999998,0.0
2011-12-25 00:00:00,B2752,0.391,0.0,0.0,118.99,0.391,19038.399999999998,20942.239999999998,0.0
2011-12-25 01:00:00,B2752,0.391,0.0,0.0,118.99,0.391,19038.399999999998,20942.239999999998,0.0
2011-12-25 02:00:00,B2752,0.391,0.0,0.0,118.99,0.391,19038.399999999998,20942.239999999998,0.0
2011-12-25 03:00:00,B2752,0.391,0.0,0.0,118.99,0.391,19038.399999999998,20942.239999999998,0.0
2011-12-25 04:00:00,B2752,0.391,0.0,0.0,118.99,0.391,19038.399999999998,20942.239999999998,0.0
2011-12-25 05:00:00,B2752,0.704,0.0,0.0,118.99,0.704,19038.399999999998,20942.239999999998,0.0
2011-12-25 06:00:00,B2752,2.584,0.0,0.0,118.99,2.584,19038.399999999998,20942.239999999998,0.0
2011-12-25 07:00:00,B2752,0.707,0.0,0.0,118.99,0.707,19038.399999999998,20942.239999999998,0.0
2011-12-25 08:00:00,B2752,2.794,2.4,0.0,118.99,2.794,19038.399999999998,20942.239999999998,0.0
2011-12-25 09:00:00,B2752,2.794,2.4,0.9,118.99,1.484,19038.399999999998,20942.239999999998,1.31
2011-12-25 10:00:00,B2752,2.794,2.4,1.15,118.99,1.284,19038.399999999998,20942.239999999998,1.51
2011-12-25 11:00:00,B2752,2.794,2.4,1.31,118.99,1.1440000000000001,19038.399999999998,20942.239999999998,1.65
2011-12-25 12:00:00,B2752,4.984,2.4,1.37,118.99,3.254,19038.399999999998,20942.239999999998,1.73
2011-12-25 13:00:00,B2752,0.707,0.0,1.33,118.99,-1.0030000000000001,19038.399999999998,20942.239999999998,1.71
2011-12-25 14:00:00,B2752,0.394,0.0,1.23,118.99,-1.2359999999999998,19038.399999999998,20942.239999999998,1.63
2011-12-25 15:00:00,B2752,0.394,0.0,0.92,118.99,-0.856,19038.399999999998,20942.239999999998,1.25
2011-12-25 16:00:00,B2752,0.394,0.0,0.0,118.99,0.30400000000000005,19038.399999999998,20942.239999999998,0.09
2011-12-25 17:00:00,B2752,0.707,0.0,0.0,118.99,0.707,19038.399999999998,20942.239999999998,0.0
2011-12-25 18:00:00,B2752,2.584,0.0,0.0,118.99,2.584,19038.399999999998,20942.239999999998,0.0
2011-12-25 19:00:00,B2752,3.21,0.0,0.0,118.99,3.21,19038.399999999998,20942.239999999998,0.0
2011-12-25 20:00:00,B2752,0.707,0.0,0.0,118.99,0.707,19038.399999999998,20942.239999999998,0.0
2011-12-25 21:00:00,B2752,0.704,0.0,0.0,118.99,0.704,19038.399999999998,20942.239999999998,0.0
2011-12-25 22:00:00,B2752,0.704,0.0,0.0,118.99,0.704,19038.399999999998,20942.239999999998,0.0
2011-12-25 23:00:00,B2752,0.391,0.0,0.0,118.99,0.391,19038.399999999998,20942.239999999998,0.0
2011-12-26 00:00:00,B2752,2.791,2.4,0.0,118.99,2.791,19038.399999999998,20942.239999999998,0.0
2011-12-26 01:00:00,B2752,2.791,2.4,0.0,118.99,2.791,19038.399999999998,20942.239999999998,0.0
2011-12-26 02:00:00,B2752,2.791,2.4,0.0,118.99,2.791,19038.399999999998,20942.239999999998,0.0
2011-12-26 03:00:00,B2752,2.791,2.4,0.0,118.99,2.791,19038.399999999998,20942.239999999998,0.0
2011-12-26 04:00:00,B2752,2.791,2.4,0.0,118.99,2.791,19038.399999999998,20942.239999999998,0.0
2011-12-26 05:00:00,B2752,0.704,0.0,0.0,118.99,0.704,19038.399999999998,20942.239999999998,0.0
2011-12-26 06:00:00,B2752,2.584,0.0,0.0,118.99,2.584,19038.399999999998,20942.239999999998,0.0
2011-12-26 07:00:00,B2752,0.707,0.0,0.0,118.99,0.707,19038.399999999998,20942.239999999998,0.0
2011-12-26 08:00:00,B2752,0.394,0.0,0.0,118.99,0.394,19038.399999999998,20942.239999999998,0.0
2011-12-26 09:00:00,B2752,0.394,0.0,0.89,118.99,-0.886,19038.399999999998,20942.239999999998,1.28
2011-12-26 10:00:00,B2752,0.394,0.0,1.15,118.99,-1.1059999999999999,19038.399999999998,20942.239999999998,1.5
2011-12-26 11:00:00,B2752,0.394,0.0,1.28,118.99,-1.226,19038.399999999998,20942.239999999998,1.62
2011-12-26 12:00:00,B2752,2.584,0.0,1.35,118.99,0.8840000000000001,19038.399999999998,20942.239999999998,1.7
2011-12-26 13:00:00,B2752,0.707,0.0,1.34,118.99,-1.0030000000000001,19038.399999999998,20942.239999999998,1.71
2011-12-26 14:00:00,B2752,0.394,0.0,1.21,118.99,-1.206,19038.399999999998,20942.239999999998,1.6
2011-12-26 15:00:00,B2752,0.394,0.0,0.9,118.99,-0.836,19038.399999999998,20942.239999999998,1.23
2011-12-26 16:00:00,B2752,0.394,0.0,0.0,118.99,0.30400000000000005,19038.399999999998,20942.239999999998,0.09
2011-12-26 17:00:00,B2752,0.707,0.0,0.0,118.99,0.707,19038.399999999998,20942.239999999998,0.0
2011-12-26 18:00:00,B2752,2.584,0.0,0.0,118.99,2.584,19038.399999999998,20942.239999999998,0.0
2011-12-26 19:00:00,B2752,3.21,0.0,0.0,118.99,3.21,19038.399999999998,20942.239999999998,0.0
2011-12-26 20:00:00,B2752,0.707,0.0,0.0,118.99,0.707,19038.399999999998,20942.239999999998,0.0
2011-12-26 21:00:00,B2752,0.704,0.0,0.0,118.99,0.704,19038.399999999998,20942.239999999998,0.0
2011-12-26 22:00:00,B2752,0.704,0.0,0.0,118.99,0.704,19038.399999999998,20942.239999999998,0.0
2011-12-26 23:00:00,B2752,0.391,0.0,0.0,118.99,0.391,19038.399999999998,20942.239999999998,0.0
2011-12-27 00:00:00,B2752,2.791,2.4,0.0,118.99,2.791,19038.399999999998,20942.239999999998,0.0
2011-12-27 01:00:00,B2752,2.791,2.4,0.0,118.99,2.791,19038.399999999998,20942.239999999998,0.0
2011-12-27 02:00:00,B2752,2.791,2.4,0.0,118.99,2.791,19038.399999999998,20942.239999999998,0.0
2011-12-27 03:00:00,B2752,2.791,2.4,0.0,118.99,2.791,19038.399999999998,20942.239999999998,0.0
2011-12-27 04:00:00,B2752,2.791,2.4,0.0,118.99,2.791,19038.399999999998,20942.239999999998,0.0
2011-12-27 05:00:00,B2752,0.704,0.0,0.0,118.99,0.704,19038.399999999998,20942.239999999998,0.0
2011-12-27 06:00:00,B2752,2.584,0.0,0.0,118.99,2.584,19038.399999999998,20942.239999999998,0.0
2011-12-27 07:00:00,B2752,0.707,0.0,0.0,118.99,0.707,19038.399999999998,20942.239999999998,0.0
2011-12-27 08:00:00,B2752,0.394,0.0,0.0,118.99,0.394,19038.399999999998,20942.239999999998,0.0
2011-12-27 09:00:00,B2752,0.394,0.0,0.9,118.99,-0.906,19038.399999999998,20942.239999999998,1.3
2011-12-27 10:00:00,B2752,0.394,0.0,1.17,118.99,-1.126,19038.399999999998,20942.239999999998,1.52
2011-12-27 11:00:00,B2752,0.394,0.0,1.3,118.99,-1.2359999999999998,19038.399999999998,20942.239999999998,1.63
2011-12-27 12:00:00,B2752,2.584,0.0,1.37,118.99,0.8640000000000001,19038.399999999998,20942.239999999998,1.72
2011-12-27 13:00:00,B2752,0.707,0.0,1.33,118.99,-0.993,19038.399999999998,20942.239999999998,1.7
2011-12-27 14:00:00,B2752,0.394,0.0,1.21,118.99,-1.206,19038.399999999998,20942.239999999998,1.6
2011-12-27 15:00:00,B2752,0.394,0.0,0.9,118.99,-0.836,19038.399999999998,20942.239999999998,1.23
2011-12-27 16:00:00,B2752,0.394,0.0,0.0,118.99,0.30400000000000005,19038.399999999998,20942.239999999998,0.09
2011-12-27 17:00:00,B2752,0.707,0.0,0.0,118.99,0.707,19038.399999999998,20942.239999999998,0.0
2011-12-27 18:00:00,B2752,2.584,0.0,0.0,118.99,2.584,19038.399999999998,20942.239999999998,0.0
2011-12-27 19:00:00,B2752,3.21,0.0,0.0,118.99,3.21,19038.399999999998,20942.239999999998,0.0
2011-12-27 20:00:00,B2752,0.707,0.0,0.0,118.99,0.707,19038.399999999998,20942.239999999998,0.0
2011-12-27 21:00:00,B2752,0.704,0.0,0.0,118.99,0.704,19038.399999999998,20942.239999999998,0.0
2011-12-27 22:00:00,B2752,0.704,0.0,0.0,118.99,0.704,19038.399999999998,20942.239999999998,0.0
2011-12-27 23:00:00,B2752,0.391,0.0,0.0,118.99,0.391,19038.399999999998,20942.239999999998,0.0
2011-12-28 00:00:00,B2752,2.791,2.4,0.0,118.99,2.791,19038.399999999998,20942.239999999998,0.0
2011-12-28 01:00:00,B2752,2.791,2.4,0.0,118.99,2.791,19038.399999999998,20942.239999999998,0.0
2011-12-28 02:00:00,B2752,2.791,2.4,0.0,118.99,2.791,19038.399999999998,20942.239999999998,0.0
2011-12-28 03:00:00,B2752,2.791,2.4,0.0,118.99,2.791,19038.399999999998,20942.239999999998,0.0
2011-12-28 04:00:00,B2752,2.791,2.4,0.0,118.99,2.791,19038.399999999998,20942.239999999998,0.0
2011-12-28 05:00:00,B2752,0.704,0.0,0.0,118.99,0.704,19038.399999999998,20942.239999999998,0.0
2011-12-28 06:00:00,B2752,2.584,0.0,0.0,118.99,2.584,19038.399999999998,20942.239999999998,0.0
2011-12-28 07:00:00,B2752,0.707,0.0,0.0,118.99,0.707,19038.399999999998,20942.239999999998,0.0
2011-12-28 08:00:00,B2752,0.394,0.0,0.0,118.99,0.394,19038.399999999998,20942.239999999998,0.0
2011-12-28 09:00:00,B2752,0.394,0.0,0.88,118.99,-0.876,19038.399999999998,20942.239999999998,1.27
2011-12-28 10:00:00,B2752,0.394,0.0,1.15,118.99,-1.1059999999999999,19038.399999999998,20942.239999999998,1.5
2011-12-28 11:00:00,B2752,0.394,0.0,1.28,118.99,-1.2160000000000002,19038.399999999998,20942.239999999998,1.61
2011-12-28 12:00:00,B2752,2.584,0.0,1.35,118.99,0.8740000000000001,19038.399999999998,20942.239999999998,1.71
2011-12-28 13:00:00,B2752,0.707,0.0,1.36,118.99,-1.033,19038.399999999998,20942.239999999998,1.74
2011-12-28 14:00:00,B2752,0.394,0.0,1.24,118.99,-1.246,19038.399999999998,20942.239999999998,1.64
2011-12-28 15:00:00,B2752,0.394,0.0,0.92,118.99,-0.856,19038.399999999998,20942.239999999998,1.25
2011-12-28 16:00:00,B2752,0.394,0.0,0.0,118.99,0.30400000000000005,19038.399999999998,20942.239999999998,0.09
2011-12-28 17:00:00,B2752,0.707,0.0,0.0,118.99,0.707,19038.399999999998,20942.239999999998,0.0
2011-12-28 18:00:00,B2752,2.584,0.0,0.0,118.99,2.584,19038.399999999998,20942.239999999998,0.0
2011-12-28 19:00:00,B2752,3.21,0.0,0.0,118.99,3.21,19038.399999999998,20942.239999999998,0.0
2011-12-28 20:00:00,B2752,0.707,0.0,0.0,118.99,0.707,19038.399999999998,20942.239999999998,0.0
2011-12-28 21:00:00,B2752,0.704,0.0,0.0,118.99,0.704,19038.399999999998,20942.239999999998,0.0
2011-12-28 22:00:00,B2752,0.704,0.0,0.0,118.99,0.704,19038.399999999998,20942.239999999998,0.0
2011-12-28 23:00:00,B2752,0.391,0.0,0.0,118.99,0.391,19038.399999999998,20942.239999999998,0.0
2011-12-29 00:00:00,B2752,2.791,2.4,0.0,118.99,2.791,19038.399999999998,20942.239999999998,0.0
2011-12-29 01:00:00,B2752,2.791,2.4,0.0,118.99,2.791,19038.399999999998,20942.239999999998,0.0
2011-12-29 02:00:00,B2752,2.791,2.4,0.0,118.99,2.791,19038.399999999998,20942.239999999998,0.0
2011-12-29 03:00:00,B2752,2.791,2.4,0.0,118.99,2.791,19038.399999999998,20942.239999999998,0.0
2011-12-29 04:00:00,B2752,2.791,2.4,0.0,118.99,2.791,19038.399999999998,20942.239999999998,0.0
2011-12-29 05:00:00,B2752,0.704,0.0,0.0,118.99,0.704,19038.399999999998,20942.239999999998,0.0
2011-12-29 06:00:00,B2752,2.584,0.0,0.0,118.99,2.584,19038.399999999998,20942.239999999998,0.0
2011-12-29 07:00:00,B2752,0.707,0.0,0.0,118.99,0.707,19038.399999999998,20942.239999999998,0.0
2011-12-29 08:00:00,B2752,0.394,0.0,0.0,118.99,0.394,19038.399999999998,20942.239999999998,0.0
2011-12-29 09:00:00,B2752,0.394,0.0,0.89,118.99,-0.896,19038.399999999998,20942.239999999998,1.29
2011-12-29 10:00:00,B2752,0.394,0.0,1.15,118.99,-1.1059999999999999,19038.399999999998,20942.239999999998,1.5
2011-12-29 11:00:00,B2752,0.394,0.0,1.29,118.99,-1.2359999999999998,19038.399999999998,20942.239999999998,1.63
2011-12-29 12:00:00,B2752,2.584,0.0,1.35,118.99,0.8840000000000001,19038.399999999998,20942.239999999998,1.7
2011-12-29 13:00:00,B2752,0.707,0.0,1.33,118.99,-0.993,19038.399999999998,20942.239999999998,1.7
2011-12-29 14:00:00,B2752,0.394,0.0,1.22,118.99,-1.226,19038.399999999998,20942.239999999998,1.62
2011-12-29 15:00:00,B2752,0.394,0.0,0.91,118.99,-0.846,19038.399999999998,20942.239999999998,1.24
2011-12-29 16:00:00,B2752,0.394,0.0,0.0,118.99,0.30400000000000005,19038.399999999998,20942.239999999998,0.09
2011-12-29 17:00:00,B2752,0.707,0.0,0.0,118.99,0.707,19038.399999999998,20942.239999999998,0.0
2011-12-29 18:00:00,B2752,2.584,0.0,0.0,118.99,2.584,19038.399999999998,20942.239999999998,0.0
2011-12-29 19:00:00,B2752,3.21,0.0,0.0,118.99,3.21,19038.399999999998,20942.239999999998,0.0
2011-12-29 20:00:00,B2752,0.707,0.0,0.0,118.99,0.707,19038.399999999998,20942.239999999998,0.0
2011-12-29 21:00:00,B2752,0.704,0.0,0.0,118.99,0.704,19038.399999999998,20942.239999999998,0.0
2011-12-29 22:00:00,B2752,0.704,0.0,0.0,118.99,0.704,19038.399999999998,20942.239999999998,0.0
2011-12-29 23:00:00,B2752,0.391,0.0,0.0,118.99,0.391,19038.399999999998,20942.239999999998,0.0
2011-12-30 00:00:00,B2752,2.791,2.4,0.0,118.99,2.791,19038.399999999998,20942.239999999998,0.0
2011-12-30 01:00:00,B2752,2.791,2.4,0.0,118.99,2.791,19038.399999999998,20942.239999999998,0.0
2011-12-30 02:00:00,B2752,2.791,2.4,0.0,118.99,2.791,19038.399999999998,20942.239999999998,0.0
2011-12-30 03:00:00,B2752,2.791,2.4,0.0,118.99,2.791,19038.399999999998,20942.239999999998,0.0
2011-12-30 04:00:00,B2752,2.791,2.4,0.0,118.99,2.791,19038.399999999998,20942.239999999998,0.0
2011-12-30 05:00:00,B2752,0.704,0.0,0.0,118.99,0.704,19038.399999999998,20942.239999999998,0.0
2011-12-30 06:00:00,B2752,2.584,0.0,0.0,118.99,2.584,19038.399999999998,20942.239999999998,0.0
2011-12-30 07:00:00,B2752,0.707,0.0,0.0,118.99,0.707,19038.399999999998,20942.239999999998,0.0
2011-12-30 08:00:00,B2752,0.394,0.0,0.0,118.99,0.394,19038.399999999998,20942.239999999998,0.0
2011-12-30 09:00:00,B2752,0.394,0.0,0.89,118.99,-0.896,19038.399999999998,20942.239999999998,1.29
2011-12-30 10:00:00,B2752,0.394,0.0,1.17,118.99,-1.126,19038.399999999998,20942.239999999998,1.52
2011-12-30 11:00:00,B2752,0.394,0.0,1.29,118.99,-1.2359999999999998,19038.399999999998,20942.239999999998,1.63
2011-12-30 12:00:00,B2752,2.584,0.0,1.35,118.99,0.8740000000000001,19038.399999999998,20942.239999999998,1.71
2011-12-30 13:00:00,B2752,0.707,0.0,1.34,118.99,-1.0030000000000001,19038.399999999998,20942.239999999998,1.71
2011-12-30 14:00:00,B2752,0.394,0.0,1.23,118.99,-1.2359999999999998,19038.399999999998,20942.239999999998,1.63
2011-12-30 15:00:00,B2752,0.394,0.0,0.91,118.99,-0.846,19038.399999999998,20942.239999999998,1.24
2011-12-30 16:00:00,B2752,0.394,0.0,0.0,118.99,0.30400000000000005,19038.399999999998,20942.239999999998,0.09
2011-12-30 17:00:00,B2752,0.707,0.0,0.0,118.99,0.707,19038.399999999998,20942.239999999998,0.0
2011-12-30 18:00:00,B2752,2.584,0.0,0.0,118.99,2.584,19038.399999999998,20942.239999999998,0.0
2011-12-30 19:00:00,B2752,3.21,0.0,0.0,118.99,3.21,19038.399999999998,20942.239999999998,0.0
2011-12-30 20:00:00,B2752,0.707,0.0,0.0,118.99,0.707,19038.399999999998,20942.239999999998,0.0
2011-12-30 21:00:00,B2752,0.704,0.0,0.0,118.99,0.704,19038.399999999998,20942.239999999998,0.0
2011-12-30 22:00:00,B2752,0.704,0.0,0.0,118.99,0.704,19038.399999999998,20942.239999999998,0.0
2011-12-30 23:00:00,B2752,0.391,0.0,0.0,118.99,0.391,19038.399999999998,20942.239999999998,0.0
2011-12-31 00:00:00,B2752,0.391,0.0,0.0,118.99,0.391,19038.399999999998,20942.239999999998,0.0
2011-12-31 01:00:00,B2752,0.391,0.0,0.0,118.99,0.391,19038.399999999998,20942.239999999998,0.0
2011-12-31 02:00:00,B2752,0.391,0.0,0.0,118.99,0.391,19038.399999999998,20942.239999999998,0.0
2011-12-31 03:00:00,B2752,0.391,0.0,0.0,118.99,0.391,19038.399999999998,20942.239999999998,0.0
2011-12-31 04:00:00,B2752,0.391,0.0,0.0,118.99,0.391,19038.399999999998,20942.239999999998,0.0
2011-12-31 05:00:00,B2752,0.704,0.0,0.0,118.99,0.704,19038.399999999998,20942.239999999998,0.0
2011-12-31 06:00:00,B2752,2.584,0.0,0.0,118.99,2.584,19038.399999999998,20942.239999999998,0.0
2011-12-31 07:00:00,B2752,0.707,0.0,0.0,118.99,0.707,19038.399999999998,20942.239999999998,0.0
2011-12-31 08:00:00,B2752,2.794,2.4,0.0,118.99,2.794,19038.399999999998,20942.239999999998,0.0
2011-12-31 09:00:00,B2752,2.794,2.4,1.2,118.99,1.194,19038.399999999998,20942.239999999998,1.6
2011-12-31 10:00:00,B2752,2.794,2.4,1.56,118.99,0.8440000000000001,19038.399999999998,20942.239999999998,1.95
2011-12-31 11:00:00,B2752,2.794,2.4,1.9,118.99,0.504,19038.399999999998,20942.239999999998,2.29
2011-12-31 12:00:00,B2752,4.984,2.4,1.99,118.99,2.584,19038.399999999998,20942.239999999998,2.4
2011-12-31 13:00:00,B2752,0.707,0.0,1.88,118.99,-1.613,19038.399999999998,20942.239999999998,2.32
2011-12-31 14:00:00,B2752,0.394,0.0,1.7,118.99,-1.766,19038.399999999998,20942.239999999998,2.16
2011-12-31 15:00:00,B2752,0.394,0.0,1.14,118.99,-1.036,19038.399999999998,20942.239999999998,1.43
2011-12-31 16:00:00,B2752,0.394,0.0,0.0,118.99,0.364,19038.399999999998,20942.239999999998,0.03
2011-12-31 17:00:00,B2752,0.707,0.0,0.0,118.99,0.707,19038.399999999998,20942.239999999998,0.0
2011-12-31 18:00:00,B2752,2.584,0.0,0.0,118.99,2.584,19038.399999999998,20942.239999999998,0.0
2011-12-31 19:00:00,B2752,3.21,0.0,0.0,118.99,3.21,19038.399999999998,20942.239999999998,0.0
2011-12-31 20:00:00,B2752,0.707,0.0,0.0,118.99,0.707,19038.399999999998,20942.239999999998,0.0
2011-12-31 21:00:00,B2752,0.704,0.0,0.0,118.99,0.704,19038.399999999998,20942.239999999998,0.0
2011-12-31 22:00:00,B2752,0.704,0.0,0.0,118.99,0.704,19038.399999999998,20942.239999999998,0.0
2011-12-31 23:00:00,B2752,0.391,0.0,0.0,118.99,0.391,19038.399999999998,20942.239999999998,0.0
