,Name,GRID_kWh,GRID_v_kWh,PV_roofs_top_E_kWh,PV_roofs_top_m2,Enet,PV_Power_W,PV_Investment_€,E_PV_gen_kWh
2011-01-01 00:00:00,B3688,0.171,0.0,0.0,47.43,0.171,7588.8,8347.68,0.0
2011-01-01 01:00:00,B3688,0.171,0.0,0.0,47.43,0.171,7588.8,8347.68,0.0
2011-01-01 02:00:00,B3688,0.171,0.0,0.0,47.43,0.171,7588.8,8347.68,0.0
2011-01-01 03:00:00,B3688,0.171,0.0,0.0,47.43,0.171,7588.8,8347.68,0.0
2011-01-01 04:00:00,B3688,0.171,0.0,0.0,47.43,0.171,7588.8,8347.68,0.0
2011-01-01 05:00:00,B3688,0.308,0.0,0.0,47.43,0.308,7588.8,8347.68,0.0
2011-01-01 06:00:00,B3688,1.131,0.0,0.0,47.43,1.131,7588.8,8347.68,0.0
2011-01-01 07:00:00,B3688,0.309,0.0,0.0,47.43,0.309,7588.8,8347.68,0.0
2011-01-01 08:00:00,B3688,2.573,2.4,0.0,47.43,2.573,7588.8,8347.68,0.0
2011-01-01 09:00:00,B3688,2.573,2.4,0.46,47.43,1.9529999999999998,7588.8,8347.68,0.62
2011-01-01 10:00:00,B3688,2.573,2.4,0.65,47.43,1.803,7588.8,8347.68,0.77
2011-01-01 11:00:00,B3688,2.573,2.4,0.64,47.43,1.873,7588.8,8347.68,0.7
2011-01-01 12:00:00,B3688,3.531,2.4,0.66,47.43,2.801,7588.8,8347.68,0.73
2011-01-01 13:00:00,B3688,0.31,0.0,0.63,47.43,-0.41,7588.8,8347.68,0.72
2011-01-01 14:00:00,B3688,0.173,0.0,0.49,47.43,-0.38700000000000007,7588.8,8347.68,0.56
2011-01-01 15:00:00,B3688,0.173,0.0,0.39,47.43,-0.297,7588.8,8347.68,0.47
2011-01-01 16:00:00,B3688,0.173,0.0,0.0,47.43,0.13299999999999998,7588.8,8347.68,0.04
2011-01-01 17:00:00,B3688,0.31,0.0,0.0,47.43,0.31,7588.8,8347.68,0.0
2011-01-01 18:00:00,B3688,1.131,0.0,0.0,47.43,1.131,7588.8,8347.68,0.0
2011-01-01 19:00:00,B3688,1.405,0.0,0.0,47.43,1.405,7588.8,8347.68,0.0
2011-01-01 20:00:00,B3688,0.309,0.0,0.0,47.43,0.309,7588.8,8347.68,0.0
2011-01-01 21:00:00,B3688,0.308,0.0,0.0,47.43,0.308,7588.8,8347.68,0.0
2011-01-01 22:00:00,B3688,0.308,0.0,0.0,47.43,0.308,7588.8,8347.68,0.0
2011-01-01 23:00:00,B3688,0.171,0.0,0.0,47.43,0.171,7588.8,8347.68,0.0
2011-01-02 00:00:00,B3688,0.171,0.0,0.0,47.43,0.171,7588.8,8347.68,0.0
2011-01-02 01:00:00,B3688,0.171,0.0,0.0,47.43,0.171,7588.8,8347.68,0.0
2011-01-02 02:00:00,B3688,0.171,0.0,0.0,47.43,0.171,7588.8,8347.68,0.0
2011-01-02 03:00:00,B3688,0.171,0.0,0.0,47.43,0.171,7588.8,8347.68,0.0
2011-01-02 04:00:00,B3688,0.171,0.0,0.0,47.43,0.171,7588.8,8347.68,0.0
2011-01-02 05:00:00,B3688,0.308,0.0,0.0,47.43,0.308,7588.8,8347.68,0.0
2011-01-02 06:00:00,B3688,1.131,0.0,0.0,47.43,1.131,7588.8,8347.68,0.0
2011-01-02 07:00:00,B3688,0.309,0.0,0.0,47.43,0.309,7588.8,8347.68,0.0
2011-01-02 08:00:00,B3688,2.573,2.4,0.0,47.43,2.573,7588.8,8347.68,0.0
2011-01-02 09:00:00,B3688,2.573,2.4,0.61,47.43,1.803,7588.8,8347.68,0.77
2011-01-02 10:00:00,B3688,2.573,2.4,0.92,47.43,1.4929999999999999,7588.8,8347.68,1.08
2011-01-02 11:00:00,B3688,2.573,2.4,1.11,47.43,1.343,7588.8,8347.68,1.23
2011-01-02 12:00:00,B3688,3.531,2.4,0.94,47.43,2.491,7588.8,8347.68,1.04
2011-01-02 13:00:00,B3688,0.31,0.0,0.68,47.43,-0.46,7588.8,8347.68,0.77
2011-01-02 14:00:00,B3688,0.173,0.0,0.59,47.43,-0.48700000000000004,7588.8,8347.68,0.66
2011-01-02 15:00:00,B3688,0.173,0.0,0.38,47.43,-0.247,7588.8,8347.68,0.42
2011-01-02 16:00:00,B3688,0.173,0.0,0.0,47.43,0.173,7588.8,8347.68,0.0
2011-01-02 17:00:00,B3688,0.309,0.0,0.0,47.43,0.309,7588.8,8347.68,0.0
2011-01-02 18:00:00,B3688,1.131,0.0,0.0,47.43,1.131,7588.8,8347.68,0.0
2011-01-02 19:00:00,B3688,1.405,0.0,0.0,47.43,1.405,7588.8,8347.68,0.0
2011-01-02 20:00:00,B3688,0.309,0.0,0.0,47.43,0.309,7588.8,8347.68,0.0
2011-01-02 21:00:00,B3688,0.308,0.0,0.0,47.43,0.308,7588.8,8347.68,0.0
2011-01-02 22:00:00,B3688,0.308,0.0,0.0,47.43,0.308,7588.8,8347.68,0.0
2011-01-02 23:00:00,B3688,0.171,0.0,0.0,47.43,0.171,7588.8,8347.68,0.0
2011-01-03 00:00:00,B3688,2.571,2.4,0.0,47.43,2.571,7588.8,8347.68,0.0
2011-01-03 01:00:00,B3688,2.571,2.4,0.0,47.43,2.571,7588.8,8347.68,0.0
2011-01-03 02:00:00,B3688,2.571,2.4,0.0,47.43,2.571,7588.8,8347.68,0.0
2011-01-03 03:00:00,B3688,2.571,2.4,0.0,47.43,2.571,7588.8,8347.68,0.0
2011-01-03 04:00:00,B3688,2.571,2.4,0.0,47.43,2.571,7588.8,8347.68,0.0
2011-01-03 05:00:00,B3688,0.308,0.0,0.0,47.43,0.308,7588.8,8347.68,0.0
2011-01-03 06:00:00,B3688,1.131,0.0,0.0,47.43,1.131,7588.8,8347.68,0.0
2011-01-03 07:00:00,B3688,0.31,0.0,0.0,47.43,0.31,7588.8,8347.68,0.0
2011-01-03 08:00:00,B3688,0.173,0.0,0.0,47.43,0.173,7588.8,8347.68,0.0
2011-01-03 09:00:00,B3688,0.173,0.0,0.52,47.43,-0.47700000000000004,7588.8,8347.68,0.65
2011-01-03 10:00:00,B3688,0.173,0.0,0.76,47.43,-0.7170000000000001,7588.8,8347.68,0.89
2011-01-03 11:00:00,B3688,0.173,0.0,0.96,47.43,-0.897,7588.8,8347.68,1.07
2011-01-03 12:00:00,B3688,1.131,0.0,1.05,47.43,-0.038999999999999924,7588.8,8347.68,1.17
2011-01-03 13:00:00,B3688,0.309,0.0,0.95,47.43,-0.7610000000000001,7588.8,8347.68,1.07
2011-01-03 14:00:00,B3688,0.173,0.0,0.76,47.43,-0.6970000000000001,7588.8,8347.68,0.87
2011-01-03 15:00:00,B3688,0.173,0.0,0.48,47.43,-0.37700000000000006,7588.8,8347.68,0.55
2011-01-03 16:00:00,B3688,0.173,0.0,0.0,47.43,0.143,7588.8,8347.68,0.03
2011-01-03 17:00:00,B3688,0.309,0.0,0.0,47.43,0.309,7588.8,8347.68,0.0
2011-01-03 18:00:00,B3688,1.131,0.0,0.0,47.43,1.131,7588.8,8347.68,0.0
2011-01-03 19:00:00,B3688,1.405,0.0,0.0,47.43,1.405,7588.8,8347.68,0.0
2011-01-03 20:00:00,B3688,0.31,0.0,0.0,47.43,0.31,7588.8,8347.68,0.0
2011-01-03 21:00:00,B3688,0.308,0.0,0.0,47.43,0.308,7588.8,8347.68,0.0
2011-01-03 22:00:00,B3688,0.308,0.0,0.0,47.43,0.308,7588.8,8347.68,0.0
2011-01-03 23:00:00,B3688,0.171,0.0,0.0,47.43,0.171,7588.8,8347.68,0.0
2011-01-04 00:00:00,B3688,2.571,2.4,0.0,47.43,2.571,7588.8,8347.68,0.0
2011-01-04 01:00:00,B3688,2.571,2.4,0.0,47.43,2.571,7588.8,8347.68,0.0
2011-01-04 02:00:00,B3688,2.571,2.4,0.0,47.43,2.571,7588.8,8347.68,0.0
2011-01-04 03:00:00,B3688,2.571,2.4,0.0,47.43,2.571,7588.8,8347.68,0.0
2011-01-04 04:00:00,B3688,2.571,2.4,0.0,47.43,2.571,7588.8,8347.68,0.0
2011-01-04 05:00:00,B3688,0.308,0.0,0.0,47.43,0.308,7588.8,8347.68,0.0
2011-01-04 06:00:00,B3688,1.131,0.0,0.0,47.43,1.131,7588.8,8347.68,0.0
2011-01-04 07:00:00,B3688,0.31,0.0,0.0,47.43,0.31,7588.8,8347.68,0.0
2011-01-04 08:00:00,B3688,0.173,0.0,0.0,47.43,0.173,7588.8,8347.68,0.0
2011-01-04 09:00:00,B3688,0.173,0.0,0.45,47.43,-0.417,7588.8,8347.68,0.59
2011-01-04 10:00:00,B3688,0.173,0.0,0.61,47.43,-0.5469999999999999,7588.8,8347.68,0.72
2011-01-04 11:00:00,B3688,0.173,0.0,0.82,47.43,-0.7270000000000001,7588.8,8347.68,0.9
2011-01-04 12:00:00,B3688,1.131,0.0,0.91,47.43,0.131,7588.8,8347.68,1.0
2011-01-04 13:00:00,B3688,0.309,0.0,0.75,47.43,-0.5409999999999999,7588.8,8347.68,0.85
2011-01-04 14:00:00,B3688,0.173,0.0,0.64,47.43,-0.5369999999999999,7588.8,8347.68,0.71
2011-01-04 15:00:00,B3688,0.173,0.0,0.47,47.43,-0.35700000000000004,7588.8,8347.68,0.53
2011-01-04 16:00:00,B3688,0.173,0.0,0.0,47.43,0.143,7588.8,8347.68,0.03
2011-01-04 17:00:00,B3688,0.309,0.0,0.0,47.43,0.309,7588.8,8347.68,0.0
2011-01-04 18:00:00,B3688,1.131,0.0,0.0,47.43,1.131,7588.8,8347.68,0.0
2011-01-04 19:00:00,B3688,1.403,0.0,0.0,47.43,1.403,7588.8,8347.68,0.0
2011-01-04 20:00:00,B3688,0.31,0.0,0.0,47.43,0.31,7588.8,8347.68,0.0
2011-01-04 21:00:00,B3688,0.308,0.0,0.0,47.43,0.308,7588.8,8347.68,0.0
2011-01-04 22:00:00,B3688,0.308,0.0,0.0,47.43,0.308,7588.8,8347.68,0.0
2011-01-04 23:00:00,B3688,0.171,0.0,0.0,47.43,0.171,7588.8,8347.68,0.0
2011-01-05 00:00:00,B3688,2.571,2.4,0.0,47.43,2.571,7588.8,8347.68,0.0
2011-01-05 01:00:00,B3688,2.571,2.4,0.0,47.43,2.571,7588.8,8347.68,0.0
2011-01-05 02:00:00,B3688,2.571,2.4,0.0,47.43,2.571,7588.8,8347.68,0.0
2011-01-05 03:00:00,B3688,2.571,2.4,0.0,47.43,2.571,7588.8,8347.68,0.0
2011-01-05 04:00:00,B3688,2.571,2.4,0.0,47.43,2.571,7588.8,8347.68,0.0
2011-01-05 05:00:00,B3688,0.308,0.0,0.0,47.43,0.308,7588.8,8347.68,0.0
2011-01-05 06:00:00,B3688,1.131,0.0,0.0,47.43,1.131,7588.8,8347.68,0.0
2011-01-05 07:00:00,B3688,0.31,0.0,0.0,47.43,0.31,7588.8,8347.68,0.0
2011-01-05 08:00:00,B3688,0.173,0.0,0.0,47.43,0.173,7588.8,8347.68,0.0
2011-01-05 09:00:00,B3688,0.173,0.0,0.45,47.43,-0.37700000000000006,7588.8,8347.68,0.55
2011-01-05 10:00:00,B3688,0.173,0.0,0.57,47.43,-0.48700000000000004,7588.8,8347.68,0.66
2011-01-05 11:00:00,B3688,0.173,0.0,0.55,47.43,-0.427,7588.8,8347.68,0.6
2011-01-05 12:00:00,B3688,1.13,0.0,0.59,47.43,0.4999999999999999,7588.8,8347.68,0.63
2011-01-05 13:00:00,B3688,0.309,0.0,0.57,47.43,-0.28099999999999997,7588.8,8347.68,0.59
2011-01-05 14:00:00,B3688,0.173,0.0,0.43,47.43,-0.28700000000000003,7588.8,8347.68,0.46
2011-01-05 15:00:00,B3688,0.173,0.0,0.29,47.43,-0.14700000000000002,7588.8,8347.68,0.32
2011-01-05 16:00:00,B3688,0.173,0.0,0.0,47.43,0.16299999999999998,7588.8,8347.68,0.01
2011-01-05 17:00:00,B3688,0.309,0.0,0.0,47.43,0.309,7588.8,8347.68,0.0
2011-01-05 18:00:00,B3688,1.13,0.0,0.0,47.43,1.13,7588.8,8347.68,0.0
2011-01-05 19:00:00,B3688,1.403,0.0,0.0,47.43,1.403,7588.8,8347.68,0.0
2011-01-05 20:00:00,B3688,0.31,0.0,0.0,47.43,0.31,7588.8,8347.68,0.0
2011-01-05 21:00:00,B3688,0.308,0.0,0.0,47.43,0.308,7588.8,8347.68,0.0
2011-01-05 22:00:00,B3688,0.308,0.0,0.0,47.43,0.308,7588.8,8347.68,0.0
2011-01-05 23:00:00,B3688,0.171,0.0,0.0,47.43,0.171,7588.8,8347.68,0.0
2011-01-06 00:00:00,B3688,2.571,2.4,0.0,47.43,2.571,7588.8,8347.68,0.0
2011-01-06 01:00:00,B3688,2.571,2.4,0.0,47.43,2.571,7588.8,8347.68,0.0
2011-01-06 02:00:00,B3688,2.571,2.4,0.0,47.43,2.571,7588.8,8347.68,0.0
2011-01-06 03:00:00,B3688,2.571,2.4,0.0,47.43,2.571,7588.8,8347.68,0.0
2011-01-06 04:00:00,B3688,2.571,2.4,0.0,47.43,2.571,7588.8,8347.68,0.0
2011-01-06 05:00:00,B3688,0.308,0.0,0.0,47.43,0.308,7588.8,8347.68,0.0
2011-01-06 06:00:00,B3688,1.13,0.0,0.0,47.43,1.13,7588.8,8347.68,0.0
2011-01-06 07:00:00,B3688,0.31,0.0,0.0,47.43,0.31,7588.8,8347.68,0.0
2011-01-06 08:00:00,B3688,0.173,0.0,0.0,47.43,0.173,7588.8,8347.68,0.0
2011-01-06 09:00:00,B3688,0.173,0.0,0.5,47.43,-0.467,7588.8,8347.68,0.64
2011-01-06 10:00:00,B3688,0.173,0.0,0.74,47.43,-0.6970000000000001,7588.8,8347.68,0.87
2011-01-06 11:00:00,B3688,0.173,0.0,0.93,47.43,-0.877,7588.8,8347.68,1.05
2011-01-06 12:00:00,B3688,1.13,0.0,0.88,47.43,0.1499999999999999,7588.8,8347.68,0.98
2011-01-06 13:00:00,B3688,0.309,0.0,0.68,47.43,-0.47100000000000003,7588.8,8347.68,0.78
2011-01-06 14:00:00,B3688,0.173,0.0,0.47,47.43,-0.297,7588.8,8347.68,0.47
2011-01-06 15:00:00,B3688,0.173,0.0,0.0,47.43,0.173,7588.8,8347.68,0.0
2011-01-06 16:00:00,B3688,0.173,0.0,0.0,47.43,0.173,7588.8,8347.68,0.0
2011-01-06 17:00:00,B3688,0.309,0.0,0.0,47.43,0.309,7588.8,8347.68,0.0
2011-01-06 18:00:00,B3688,1.13,0.0,0.0,47.43,1.13,7588.8,8347.68,0.0
2011-01-06 19:00:00,B3688,1.403,0.0,0.0,47.43,1.403,7588.8,8347.68,0.0
2011-01-06 20:00:00,B3688,0.31,0.0,0.0,47.43,0.31,7588.8,8347.68,0.0
2011-01-06 21:00:00,B3688,0.308,0.0,0.0,47.43,0.308,7588.8,8347.68,0.0
2011-01-06 22:00:00,B3688,0.308,0.0,0.0,47.43,0.308,7588.8,8347.68,0.0
2011-01-06 23:00:00,B3688,0.171,0.0,0.0,47.43,0.171,7588.8,8347.68,0.0
2011-01-07 00:00:00,B3688,2.571,2.4,0.0,47.43,2.571,7588.8,8347.68,0.0
2011-01-07 01:00:00,B3688,2.571,2.4,0.0,47.43,2.571,7588.8,8347.68,0.0
2011-01-07 02:00:00,B3688,2.571,2.4,0.0,47.43,2.571,7588.8,8347.68,0.0
2011-01-07 03:00:00,B3688,2.571,2.4,0.0,47.43,2.571,7588.8,8347.68,0.0
2011-01-07 04:00:00,B3688,2.571,2.4,0.0,47.43,2.571,7588.8,8347.68,0.0
2011-01-07 05:00:00,B3688,0.308,0.0,0.0,47.43,0.308,7588.8,8347.68,0.0
2011-01-07 06:00:00,B3688,1.13,0.0,0.0,47.43,1.13,7588.8,8347.68,0.0
2011-01-07 07:00:00,B3688,0.31,0.0,0.0,47.43,0.31,7588.8,8347.68,0.0
2011-01-07 08:00:00,B3688,0.173,0.0,0.0,47.43,0.173,7588.8,8347.68,0.0
2011-01-07 09:00:00,B3688,0.173,0.0,0.36,47.43,-0.34700000000000003,7588.8,8347.68,0.52
2011-01-07 10:00:00,B3688,0.173,0.0,0.45,47.43,-0.37700000000000006,7588.8,8347.68,0.55
2011-01-07 11:00:00,B3688,0.173,0.0,0.56,47.43,-0.447,7588.8,8347.68,0.62
2011-01-07 12:00:00,B3688,1.13,0.0,0.74,47.43,0.31999999999999984,7588.8,8347.68,0.81
2011-01-07 13:00:00,B3688,0.309,0.0,0.7,47.43,-0.48100000000000004,7588.8,8347.68,0.79
2011-01-07 14:00:00,B3688,0.173,0.0,0.55,47.43,-0.437,7588.8,8347.68,0.61
2011-01-07 15:00:00,B3688,0.173,0.0,0.41,47.43,-0.307,7588.8,8347.68,0.48
2011-01-07 16:00:00,B3688,0.173,0.0,0.0,47.43,0.13299999999999998,7588.8,8347.68,0.04
2011-01-07 17:00:00,B3688,0.309,0.0,0.0,47.43,0.309,7588.8,8347.68,0.0
2011-01-07 18:00:00,B3688,1.13,0.0,0.0,47.43,1.13,7588.8,8347.68,0.0
2011-01-07 19:00:00,B3688,1.403,0.0,0.0,47.43,1.403,7588.8,8347.68,0.0
2011-01-07 20:00:00,B3688,0.31,0.0,0.0,47.43,0.31,7588.8,8347.68,0.0
2011-01-07 21:00:00,B3688,0.308,0.0,0.0,47.43,0.308,7588.8,8347.68,0.0
2011-01-07 22:00:00,B3688,0.308,0.0,0.0,47.43,0.308,7588.8,8347.68,0.0
2011-01-07 23:00:00,B3688,0.171,0.0,0.0,47.43,0.171,7588.8,8347.68,0.0
2011-01-08 00:00:00,B3688,0.171,0.0,0.0,47.43,0.171,7588.8,8347.68,0.0
2011-01-08 01:00:00,B3688,0.171,0.0,0.0,47.43,0.171,7588.8,8347.68,0.0
2011-01-08 02:00:00,B3688,0.171,0.0,0.0,47.43,0.171,7588.8,8347.68,0.0
2011-01-08 03:00:00,B3688,0.171,0.0,0.0,47.43,0.171,7588.8,8347.68,0.0
2011-01-08 04:00:00,B3688,0.171,0.0,0.0,47.43,0.171,7588.8,8347.68,0.0
2011-01-08 05:00:00,B3688,0.308,0.0,0.0,47.43,0.308,7588.8,8347.68,0.0
2011-01-08 06:00:00,B3688,1.129,0.0,0.0,47.43,1.129,7588.8,8347.68,0.0
2011-01-08 07:00:00,B3688,0.309,0.0,0.0,47.43,0.309,7588.8,8347.68,0.0
2011-01-08 08:00:00,B3688,2.573,2.4,0.0,47.43,2.573,7588.8,8347.68,0.0
2011-01-08 09:00:00,B3688,2.573,2.4,0.41,47.43,2.073,7588.8,8347.68,0.5
2011-01-08 10:00:00,B3688,2.573,2.4,0.67,47.43,1.783,7588.8,8347.68,0.79
2011-01-08 11:00:00,B3688,2.573,2.4,0.85,47.43,1.6429999999999998,7588.8,8347.68,0.93
2011-01-08 12:00:00,B3688,3.53,2.4,0.97,47.43,2.46,7588.8,8347.68,1.07
2011-01-08 13:00:00,B3688,0.31,0.0,0.98,47.43,-0.79,7588.8,8347.68,1.1
2011-01-08 14:00:00,B3688,0.173,0.0,0.8,47.43,-0.7470000000000001,7588.8,8347.68,0.92
2011-01-08 15:00:00,B3688,0.173,0.0,0.52,47.43,-0.417,7588.8,8347.68,0.59
2011-01-08 16:00:00,B3688,0.173,0.0,0.0,47.43,0.143,7588.8,8347.68,0.03
2011-01-08 17:00:00,B3688,0.31,0.0,0.0,47.43,0.31,7588.8,8347.68,0.0
2011-01-08 18:00:00,B3688,1.13,0.0,0.0,47.43,1.13,7588.8,8347.68,0.0
2011-01-08 19:00:00,B3688,1.403,0.0,0.0,47.43,1.403,7588.8,8347.68,0.0
2011-01-08 20:00:00,B3688,0.309,0.0,0.0,47.43,0.309,7588.8,8347.68,0.0
2011-01-08 21:00:00,B3688,0.308,0.0,0.0,47.43,0.308,7588.8,8347.68,0.0
2011-01-08 22:00:00,B3688,0.308,0.0,0.0,47.43,0.308,7588.8,8347.68,0.0
2011-01-08 23:00:00,B3688,0.171,0.0,0.0,47.43,0.171,7588.8,8347.68,0.0
2011-01-09 00:00:00,B3688,0.171,0.0,0.0,47.43,0.171,7588.8,8347.68,0.0
2011-01-09 01:00:00,B3688,0.171,0.0,0.0,47.43,0.171,7588.8,8347.68,0.0
2011-01-09 02:00:00,B3688,0.171,0.0,0.0,47.43,0.171,7588.8,8347.68,0.0
2011-01-09 03:00:00,B3688,0.171,0.0,0.0,47.43,0.171,7588.8,8347.68,0.0
2011-01-09 04:00:00,B3688,0.171,0.0,0.0,47.43,0.171,7588.8,8347.68,0.0
2011-01-09 05:00:00,B3688,0.308,0.0,0.0,47.43,0.308,7588.8,8347.68,0.0
2011-01-09 06:00:00,B3688,1.131,0.0,0.0,47.43,1.131,7588.8,8347.68,0.0
2011-01-09 07:00:00,B3688,0.309,0.0,0.0,47.43,0.309,7588.8,8347.68,0.0
2011-01-09 08:00:00,B3688,2.573,2.4,0.0,47.43,2.573,7588.8,8347.68,0.0
2011-01-09 09:00:00,B3688,2.573,2.4,0.65,47.43,1.733,7588.8,8347.68,0.84
2011-01-09 10:00:00,B3688,2.573,2.4,0.94,47.43,1.4629999999999999,7588.8,8347.68,1.11
2011-01-09 11:00:00,B3688,2.573,2.4,1.07,47.43,1.393,7588.8,8347.68,1.18
2011-01-09 12:00:00,B3688,3.531,2.4,1.01,47.43,2.4210000000000003,7588.8,8347.68,1.11
2011-01-09 13:00:00,B3688,0.31,0.0,0.85,47.43,-0.6499999999999999,7588.8,8347.68,0.96
2011-01-09 14:00:00,B3688,0.173,0.0,0.66,47.43,-0.597,7588.8,8347.68,0.77
2011-01-09 15:00:00,B3688,0.173,0.0,0.42,47.43,-0.337,7588.8,8347.68,0.51
2011-01-09 16:00:00,B3688,0.173,0.0,0.14,47.43,-0.007000000000000006,7588.8,8347.68,0.18
2011-01-09 17:00:00,B3688,0.309,0.0,0.0,47.43,0.309,7588.8,8347.68,0.0
2011-01-09 18:00:00,B3688,1.131,0.0,0.0,47.43,1.131,7588.8,8347.68,0.0
2011-01-09 19:00:00,B3688,1.405,0.0,0.0,47.43,1.405,7588.8,8347.68,0.0
2011-01-09 20:00:00,B3688,0.309,0.0,0.0,47.43,0.309,7588.8,8347.68,0.0
2011-01-09 21:00:00,B3688,0.308,0.0,0.0,47.43,0.308,7588.8,8347.68,0.0
2011-01-09 22:00:00,B3688,0.308,0.0,0.0,47.43,0.308,7588.8,8347.68,0.0
2011-01-09 23:00:00,B3688,0.171,0.0,0.0,47.43,0.171,7588.8,8347.68,0.0
2011-01-10 00:00:00,B3688,2.571,2.4,0.0,47.43,2.571,7588.8,8347.68,0.0
2011-01-10 01:00:00,B3688,2.571,2.4,0.0,47.43,2.571,7588.8,8347.68,0.0
2011-01-10 02:00:00,B3688,2.571,2.4,0.0,47.43,2.571,7588.8,8347.68,0.0
2011-01-10 03:00:00,B3688,2.571,2.4,0.0,47.43,2.571,7588.8,8347.68,0.0
2011-01-10 04:00:00,B3688,2.571,2.4,0.0,47.43,2.571,7588.8,8347.68,0.0
2011-01-10 05:00:00,B3688,0.308,0.0,0.0,47.43,0.308,7588.8,8347.68,0.0
2011-01-10 06:00:00,B3688,1.131,0.0,0.0,47.43,1.131,7588.8,8347.68,0.0
2011-01-10 07:00:00,B3688,0.31,0.0,0.0,47.43,0.31,7588.8,8347.68,0.0
2011-01-10 08:00:00,B3688,0.173,0.0,0.0,47.43,0.173,7588.8,8347.68,0.0
2011-01-10 09:00:00,B3688,0.173,0.0,0.46,47.43,-0.437,7588.8,8347.68,0.61
2011-01-10 10:00:00,B3688,0.173,0.0,0.71,47.43,-0.667,7588.8,8347.68,0.84
2011-01-10 11:00:00,B3688,0.173,0.0,0.8,47.43,-0.7370000000000001,7588.8,8347.68,0.91
2011-01-10 12:00:00,B3688,1.131,0.0,0.76,47.43,0.281,7588.8,8347.68,0.85
2011-01-10 13:00:00,B3688,0.309,0.0,0.69,47.43,-0.461,7588.8,8347.68,0.77
2011-01-10 14:00:00,B3688,0.173,0.0,0.59,47.43,-0.467,7588.8,8347.68,0.64
2011-01-10 15:00:00,B3688,0.173,0.0,0.41,47.43,-0.28700000000000003,7588.8,8347.68,0.46
2011-01-10 16:00:00,B3688,0.173,0.0,0.0,47.43,0.153,7588.8,8347.68,0.02
2011-01-10 17:00:00,B3688,0.309,0.0,0.0,47.43,0.309,7588.8,8347.68,0.0
2011-01-10 18:00:00,B3688,1.131,0.0,0.0,47.43,1.131,7588.8,8347.68,0.0
2011-01-10 19:00:00,B3688,1.403,0.0,0.0,47.43,1.403,7588.8,8347.68,0.0
2011-01-10 20:00:00,B3688,0.31,0.0,0.0,47.43,0.31,7588.8,8347.68,0.0
2011-01-10 21:00:00,B3688,0.308,0.0,0.0,47.43,0.308,7588.8,8347.68,0.0
2011-01-10 22:00:00,B3688,0.308,0.0,0.0,47.43,0.308,7588.8,8347.68,0.0
2011-01-10 23:00:00,B3688,0.171,0.0,0.0,47.43,0.171,7588.8,8347.68,0.0
2011-01-11 00:00:00,B3688,2.571,2.4,0.0,47.43,2.571,7588.8,8347.68,0.0
2011-01-11 01:00:00,B3688,2.571,2.4,0.0,47.43,2.571,7588.8,8347.68,0.0
2011-01-11 02:00:00,B3688,2.571,2.4,0.0,47.43,2.571,7588.8,8347.68,0.0
2011-01-11 03:00:00,B3688,2.571,2.4,0.0,47.43,2.571,7588.8,8347.68,0.0
2011-01-11 04:00:00,B3688,2.571,2.4,0.0,47.43,2.571,7588.8,8347.68,0.0
2011-01-11 05:00:00,B3688,0.308,0.0,0.0,47.43,0.308,7588.8,8347.68,0.0
2011-01-11 06:00:00,B3688,1.131,0.0,0.0,47.43,1.131,7588.8,8347.68,0.0
2011-01-11 07:00:00,B3688,0.31,0.0,0.0,47.43,0.31,7588.8,8347.68,0.0
2011-01-11 08:00:00,B3688,0.173,0.0,0.0,47.43,0.173,7588.8,8347.68,0.0
2011-01-11 09:00:00,B3688,0.173,0.0,0.54,47.43,-0.5369999999999999,7588.8,8347.68,0.71
2011-01-11 10:00:00,B3688,0.173,0.0,0.7,47.43,-0.657,7588.8,8347.68,0.83
2011-01-11 11:00:00,B3688,0.173,0.0,0.76,47.43,-0.657,7588.8,8347.68,0.83
2011-01-11 12:00:00,B3688,1.13,0.0,0.79,47.43,0.2599999999999999,7588.8,8347.68,0.87
2011-01-11 13:00:00,B3688,0.309,0.0,0.76,47.43,-0.5509999999999999,7588.8,8347.68,0.86
2011-01-11 14:00:00,B3688,0.173,0.0,0.64,47.43,-0.577,7588.8,8347.68,0.75
2011-01-11 15:00:00,B3688,0.173,0.0,0.44,47.43,-0.35700000000000004,7588.8,8347.68,0.53
2011-01-11 16:00:00,B3688,0.173,0.0,0.15,47.43,-0.027000000000000024,7588.8,8347.68,0.2
2011-01-11 17:00:00,B3688,0.309,0.0,0.0,47.43,0.309,7588.8,8347.68,0.0
2011-01-11 18:00:00,B3688,1.131,0.0,0.0,47.43,1.131,7588.8,8347.68,0.0
2011-01-11 19:00:00,B3688,1.403,0.0,0.0,47.43,1.403,7588.8,8347.68,0.0
2011-01-11 20:00:00,B3688,0.31,0.0,0.0,47.43,0.31,7588.8,8347.68,0.0
2011-01-11 21:00:00,B3688,0.308,0.0,0.0,47.43,0.308,7588.8,8347.68,0.0
2011-01-11 22:00:00,B3688,0.308,0.0,0.0,47.43,0.308,7588.8,8347.68,0.0
2011-01-11 23:00:00,B3688,0.171,0.0,0.0,47.43,0.171,7588.8,8347.68,0.0
2011-01-12 00:00:00,B3688,2.571,2.4,0.0,47.43,2.571,7588.8,8347.68,0.0
2011-01-12 01:00:00,B3688,2.571,2.4,0.0,47.43,2.571,7588.8,8347.68,0.0
2011-01-12 02:00:00,B3688,2.571,2.4,0.0,47.43,2.571,7588.8,8347.68,0.0
2011-01-12 03:00:00,B3688,2.571,2.4,0.0,47.43,2.571,7588.8,8347.68,0.0
2011-01-12 04:00:00,B3688,2.571,2.4,0.0,47.43,2.571,7588.8,8347.68,0.0
2011-01-12 05:00:00,B3688,0.308,0.0,0.0,47.43,0.308,7588.8,8347.68,0.0
2011-01-12 06:00:00,B3688,1.131,0.0,0.0,47.43,1.131,7588.8,8347.68,0.0
2011-01-12 07:00:00,B3688,0.31,0.0,0.0,47.43,0.31,7588.8,8347.68,0.0
2011-01-12 08:00:00,B3688,0.173,0.0,0.0,47.43,0.173,7588.8,8347.68,0.0
2011-01-12 09:00:00,B3688,0.173,0.0,0.67,47.43,-0.6970000000000001,7588.8,8347.68,0.87
2011-01-12 10:00:00,B3688,0.173,0.0,0.95,47.43,-0.9569999999999999,7588.8,8347.68,1.13
2011-01-12 11:00:00,B3688,0.173,0.0,1.06,47.43,-0.9969999999999999,7588.8,8347.68,1.17
2011-01-12 12:00:00,B3688,1.131,0.0,0.94,47.43,0.10099999999999998,7588.8,8347.68,1.03
2011-01-12 13:00:00,B3688,0.309,0.0,0.88,47.43,-0.681,7588.8,8347.68,0.99
2011-01-12 14:00:00,B3688,0.173,0.0,0.84,47.43,-0.7869999999999999,7588.8,8347.68,0.96
2011-01-12 15:00:00,B3688,0.173,0.0,0.54,47.43,-0.437,7588.8,8347.68,0.61
2011-01-12 16:00:00,B3688,0.173,0.0,0.0,47.43,0.13299999999999998,7588.8,8347.68,0.04
2011-01-12 17:00:00,B3688,0.309,0.0,0.0,47.43,0.309,7588.8,8347.68,0.0
2011-01-12 18:00:00,B3688,1.131,0.0,0.0,47.43,1.131,7588.8,8347.68,0.0
2011-01-12 19:00:00,B3688,1.403,0.0,0.0,47.43,1.403,7588.8,8347.68,0.0
2011-01-12 20:00:00,B3688,0.31,0.0,0.0,47.43,0.31,7588.8,8347.68,0.0
2011-01-12 21:00:00,B3688,0.308,0.0,0.0,47.43,0.308,7588.8,8347.68,0.0
2011-01-12 22:00:00,B3688,0.308,0.0,0.0,47.43,0.308,7588.8,8347.68,0.0
2011-01-12 23:00:00,B3688,0.171,0.0,0.0,47.43,0.171,7588.8,8347.68,0.0
2011-01-13 00:00:00,B3688,2.571,2.4,0.0,47.43,2.571,7588.8,8347.68,0.0
2011-01-13 01:00:00,B3688,2.571,2.4,0.0,47.43,2.571,7588.8,8347.68,0.0
2011-01-13 02:00:00,B3688,2.571,2.4,0.0,47.43,2.571,7588.8,8347.68,0.0
2011-01-13 03:00:00,B3688,2.571,2.4,0.0,47.43,2.571,7588.8,8347.68,0.0
2011-01-13 04:00:00,B3688,2.571,2.4,0.0,47.43,2.571,7588.8,8347.68,0.0
2011-01-13 05:00:00,B3688,0.308,0.0,0.0,47.43,0.308,7588.8,8347.68,0.0
2011-01-13 06:00:00,B3688,1.131,0.0,0.0,47.43,1.131,7588.8,8347.68,0.0
2011-01-13 07:00:00,B3688,0.31,0.0,0.0,47.43,0.31,7588.8,8347.68,0.0
2011-01-13 08:00:00,B3688,0.173,0.0,0.0,47.43,0.173,7588.8,8347.68,0.0
2011-01-13 09:00:00,B3688,0.173,0.0,0.71,47.43,-0.7170000000000001,7588.8,8347.68,0.89
2011-01-13 10:00:00,B3688,0.173,0.0,0.96,47.43,-0.9569999999999999,7588.8,8347.68,1.13
2011-01-13 11:00:00,B3688,0.173,0.0,1.01,47.43,-0.937,7588.8,8347.68,1.11
2011-01-13 12:00:00,B3688,1.131,0.0,0.86,47.43,0.18100000000000005,7588.8,8347.68,0.95
2011-01-13 13:00:00,B3688,0.309,0.0,0.75,47.43,-0.5309999999999999,7588.8,8347.68,0.84
2011-01-13 14:00:00,B3688,0.173,0.0,0.63,47.43,-0.567,7588.8,8347.68,0.74
2011-01-13 15:00:00,B3688,0.173,0.0,0.44,47.43,-0.35700000000000004,7588.8,8347.68,0.53
2011-01-13 16:00:00,B3688,0.173,0.0,0.15,47.43,-0.027000000000000024,7588.8,8347.68,0.2
2011-01-13 17:00:00,B3688,0.309,0.0,0.0,47.43,0.309,7588.8,8347.68,0.0
2011-01-13 18:00:00,B3688,1.131,0.0,0.0,47.43,1.131,7588.8,8347.68,0.0
2011-01-13 19:00:00,B3688,1.405,0.0,0.0,47.43,1.405,7588.8,8347.68,0.0
2011-01-13 20:00:00,B3688,0.31,0.0,0.0,47.43,0.31,7588.8,8347.68,0.0
2011-01-13 21:00:00,B3688,0.308,0.0,0.0,47.43,0.308,7588.8,8347.68,0.0
2011-01-13 22:00:00,B3688,0.308,0.0,0.0,47.43,0.308,7588.8,8347.68,0.0
2011-01-13 23:00:00,B3688,0.171,0.0,0.0,47.43,0.171,7588.8,8347.68,0.0
2011-01-14 00:00:00,B3688,2.571,2.4,0.0,47.43,2.571,7588.8,8347.68,0.0
2011-01-14 01:00:00,B3688,2.571,2.4,0.0,47.43,2.571,7588.8,8347.68,0.0
2011-01-14 02:00:00,B3688,2.571,2.4,0.0,47.43,2.571,7588.8,8347.68,0.0
2011-01-14 03:00:00,B3688,2.571,2.4,0.0,47.43,2.571,7588.8,8347.68,0.0
2011-01-14 04:00:00,B3688,2.571,2.4,0.0,47.43,2.571,7588.8,8347.68,0.0
2011-01-14 05:00:00,B3688,0.308,0.0,0.0,47.43,0.308,7588.8,8347.68,0.0
2011-01-14 06:00:00,B3688,1.131,0.0,0.0,47.43,1.131,7588.8,8347.68,0.0
2011-01-14 07:00:00,B3688,0.31,0.0,0.0,47.43,0.31,7588.8,8347.68,0.0
2011-01-14 08:00:00,B3688,0.173,0.0,0.0,47.43,0.173,7588.8,8347.68,0.0
2011-01-14 09:00:00,B3688,0.173,0.0,0.7,47.43,-0.7070000000000001,7588.8,8347.68,0.88
2011-01-14 10:00:00,B3688,0.173,0.0,1.01,47.43,-1.017,7588.8,8347.68,1.19
2011-01-14 11:00:00,B3688,0.173,0.0,1.1,47.43,-1.047,7588.8,8347.68,1.22
2011-01-14 12:00:00,B3688,1.131,0.0,1.02,47.43,0.010999999999999899,7588.8,8347.68,1.12
2011-01-14 13:00:00,B3688,0.309,0.0,0.83,47.43,-0.621,7588.8,8347.68,0.93
2011-01-14 14:00:00,B3688,0.173,0.0,0.69,47.43,-0.637,7588.8,8347.68,0.81
2011-01-14 15:00:00,B3688,0.173,0.0,0.51,47.43,-0.417,7588.8,8347.68,0.59
2011-01-14 16:00:00,B3688,0.173,0.0,0.18,47.43,-0.047000000000000014,7588.8,8347.68,0.22
2011-01-14 17:00:00,B3688,0.309,0.0,0.0,47.43,0.309,7588.8,8347.68,0.0
2011-01-14 18:00:00,B3688,1.131,0.0,0.0,47.43,1.131,7588.8,8347.68,0.0
2011-01-14 19:00:00,B3688,1.405,0.0,0.0,47.43,1.405,7588.8,8347.68,0.0
2011-01-14 20:00:00,B3688,0.31,0.0,0.0,47.43,0.31,7588.8,8347.68,0.0
2011-01-14 21:00:00,B3688,0.308,0.0,0.0,47.43,0.308,7588.8,8347.68,0.0
2011-01-14 22:00:00,B3688,0.308,0.0,0.0,47.43,0.308,7588.8,8347.68,0.0
2011-01-14 23:00:00,B3688,0.171,0.0,0.0,47.43,0.171,7588.8,8347.68,0.0
2011-01-15 00:00:00,B3688,0.171,0.0,0.0,47.43,0.171,7588.8,8347.68,0.0
2011-01-15 01:00:00,B3688,0.171,0.0,0.0,47.43,0.171,7588.8,8347.68,0.0
2011-01-15 02:00:00,B3688,0.171,0.0,0.0,47.43,0.171,7588.8,8347.68,0.0
2011-01-15 03:00:00,B3688,0.171,0.0,0.0,47.43,0.171,7588.8,8347.68,0.0
2011-01-15 04:00:00,B3688,0.171,0.0,0.0,47.43,0.171,7588.8,8347.68,0.0
2011-01-15 05:00:00,B3688,0.308,0.0,0.0,47.43,0.308,7588.8,8347.68,0.0
2011-01-15 06:00:00,B3688,1.131,0.0,0.0,47.43,1.131,7588.8,8347.68,0.0
2011-01-15 07:00:00,B3688,0.309,0.0,0.0,47.43,0.309,7588.8,8347.68,0.0
2011-01-15 08:00:00,B3688,2.573,2.4,0.0,47.43,2.573,7588.8,8347.68,0.0
2011-01-15 09:00:00,B3688,2.573,2.4,0.68,47.43,1.7029999999999998,7588.8,8347.68,0.87
2011-01-15 10:00:00,B3688,2.573,2.4,0.99,47.43,1.403,7588.8,8347.68,1.17
2011-01-15 11:00:00,B3688,2.573,2.4,0.96,47.43,1.513,7588.8,8347.68,1.06
2011-01-15 12:00:00,B3688,3.531,2.4,0.84,47.43,2.611,7588.8,8347.68,0.92
2011-01-15 13:00:00,B3688,0.31,0.0,0.79,47.43,-0.5800000000000001,7588.8,8347.68,0.89
2011-01-15 14:00:00,B3688,0.173,0.0,0.66,47.43,-0.597,7588.8,8347.68,0.77
2011-01-15 15:00:00,B3688,0.173,0.0,0.48,47.43,-0.39699999999999996,7588.8,8347.68,0.57
2011-01-15 16:00:00,B3688,0.173,0.0,0.17,47.43,-0.047000000000000014,7588.8,8347.68,0.22
2011-01-15 17:00:00,B3688,0.31,0.0,0.0,47.43,0.31,7588.8,8347.68,0.0
2011-01-15 18:00:00,B3688,1.131,0.0,0.0,47.43,1.131,7588.8,8347.68,0.0
2011-01-15 19:00:00,B3688,1.405,0.0,0.0,47.43,1.405,7588.8,8347.68,0.0
2011-01-15 20:00:00,B3688,0.309,0.0,0.0,47.43,0.309,7588.8,8347.68,0.0
2011-01-15 21:00:00,B3688,0.308,0.0,0.0,47.43,0.308,7588.8,8347.68,0.0
2011-01-15 22:00:00,B3688,0.308,0.0,0.0,47.43,0.308,7588.8,8347.68,0.0
2011-01-15 23:00:00,B3688,0.171,0.0,0.0,47.43,0.171,7588.8,8347.68,0.0
2011-01-16 00:00:00,B3688,0.171,0.0,0.0,47.43,0.171,7588.8,8347.68,0.0
2011-01-16 01:00:00,B3688,0.171,0.0,0.0,47.43,0.171,7588.8,8347.68,0.0
2011-01-16 02:00:00,B3688,0.171,0.0,0.0,47.43,0.171,7588.8,8347.68,0.0
2011-01-16 03:00:00,B3688,0.171,0.0,0.0,47.43,0.171,7588.8,8347.68,0.0
2011-01-16 04:00:00,B3688,0.171,0.0,0.0,47.43,0.171,7588.8,8347.68,0.0
2011-01-16 05:00:00,B3688,0.308,0.0,0.0,47.43,0.308,7588.8,8347.68,0.0
2011-01-16 06:00:00,B3688,1.131,0.0,0.0,47.43,1.131,7588.8,8347.68,0.0
2011-01-16 07:00:00,B3688,0.309,0.0,0.0,47.43,0.309,7588.8,8347.68,0.0
2011-01-16 08:00:00,B3688,2.573,2.4,0.0,47.43,2.573,7588.8,8347.68,0.0
2011-01-16 09:00:00,B3688,2.573,2.4,0.78,47.43,1.603,7588.8,8347.68,0.97
2011-01-16 10:00:00,B3688,2.573,2.4,1.08,47.43,1.293,7588.8,8347.68,1.28
2011-01-16 11:00:00,B3688,2.573,2.4,1.12,47.43,1.333,7588.8,8347.68,1.24
2011-01-16 12:00:00,B3688,3.531,2.4,1.01,47.43,2.4210000000000003,7588.8,8347.68,1.11
2011-01-16 13:00:00,B3688,0.31,0.0,0.96,47.43,-0.77,7588.8,8347.68,1.08
2011-01-16 14:00:00,B3688,0.173,0.0,0.93,47.43,-0.887,7588.8,8347.68,1.06
2011-01-16 15:00:00,B3688,0.173,0.0,0.65,47.43,-0.5269999999999999,7588.8,8347.68,0.7
2011-01-16 16:00:00,B3688,0.173,0.0,0.0,47.43,0.173,7588.8,8347.68,0.0
2011-01-16 17:00:00,B3688,0.309,0.0,0.0,47.43,0.309,7588.8,8347.68,0.0
2011-01-16 18:00:00,B3688,1.131,0.0,0.0,47.43,1.131,7588.8,8347.68,0.0
2011-01-16 19:00:00,B3688,1.405,0.0,0.0,47.43,1.405,7588.8,8347.68,0.0
2011-01-16 20:00:00,B3688,0.309,0.0,0.0,47.43,0.309,7588.8,8347.68,0.0
2011-01-16 21:00:00,B3688,0.308,0.0,0.0,47.43,0.308,7588.8,8347.68,0.0
2011-01-16 22:00:00,B3688,0.308,0.0,0.0,47.43,0.308,7588.8,8347.68,0.0
2011-01-16 23:00:00,B3688,0.171,0.0,0.0,47.43,0.171,7588.8,8347.68,0.0
2011-01-17 00:00:00,B3688,2.571,2.4,0.0,47.43,2.571,7588.8,8347.68,0.0
2011-01-17 01:00:00,B3688,2.571,2.4,0.0,47.43,2.571,7588.8,8347.68,0.0
2011-01-17 02:00:00,B3688,2.571,2.4,0.0,47.43,2.571,7588.8,8347.68,0.0
2011-01-17 03:00:00,B3688,2.571,2.4,0.0,47.43,2.571,7588.8,8347.68,0.0
2011-01-17 04:00:00,B3688,2.571,2.4,0.0,47.43,2.571,7588.8,8347.68,0.0
2011-01-17 05:00:00,B3688,0.308,0.0,0.0,47.43,0.308,7588.8,8347.68,0.0
2011-01-17 06:00:00,B3688,1.131,0.0,0.0,47.43,1.131,7588.8,8347.68,0.0
2011-01-17 07:00:00,B3688,0.31,0.0,0.0,47.43,0.31,7588.8,8347.68,0.0
2011-01-17 08:00:00,B3688,0.173,0.0,0.0,47.43,0.173,7588.8,8347.68,0.0
2011-01-17 09:00:00,B3688,0.173,0.0,0.59,47.43,-0.597,7588.8,8347.68,0.77
2011-01-17 10:00:00,B3688,0.173,0.0,0.91,47.43,-0.907,7588.8,8347.68,1.08
2011-01-17 11:00:00,B3688,0.173,0.0,1.07,47.43,-1.017,7588.8,8347.68,1.19
2011-01-17 12:00:00,B3688,1.131,0.0,1.05,47.43,-0.028999999999999915,7588.8,8347.68,1.16
2011-01-17 13:00:00,B3688,0.309,0.0,0.98,47.43,-0.7910000000000001,7588.8,8347.68,1.1
2011-01-17 14:00:00,B3688,0.173,0.0,0.96,47.43,-0.917,7588.8,8347.68,1.09
2011-01-17 15:00:00,B3688,0.173,0.0,0.71,47.43,-0.637,7588.8,8347.68,0.81
2011-01-17 16:00:00,B3688,0.173,0.0,0.0,47.43,0.153,7588.8,8347.68,0.02
2011-01-17 17:00:00,B3688,0.309,0.0,0.0,47.43,0.309,7588.8,8347.68,0.0
2011-01-17 18:00:00,B3688,1.131,0.0,0.0,47.43,1.131,7588.8,8347.68,0.0
2011-01-17 19:00:00,B3688,1.405,0.0,0.0,47.43,1.405,7588.8,8347.68,0.0
2011-01-17 20:00:00,B3688,0.31,0.0,0.0,47.43,0.31,7588.8,8347.68,0.0
2011-01-17 21:00:00,B3688,0.308,0.0,0.0,47.43,0.308,7588.8,8347.68,0.0
2011-01-17 22:00:00,B3688,0.308,0.0,0.0,47.43,0.308,7588.8,8347.68,0.0
2011-01-17 23:00:00,B3688,0.171,0.0,0.0,47.43,0.171,7588.8,8347.68,0.0
2011-01-18 00:00:00,B3688,2.571,2.4,0.0,47.43,2.571,7588.8,8347.68,0.0
2011-01-18 01:00:00,B3688,2.571,2.4,0.0,47.43,2.571,7588.8,8347.68,0.0
2011-01-18 02:00:00,B3688,2.571,2.4,0.0,47.43,2.571,7588.8,8347.68,0.0
2011-01-18 03:00:00,B3688,2.571,2.4,0.0,47.43,2.571,7588.8,8347.68,0.0
2011-01-18 04:00:00,B3688,2.571,2.4,0.0,47.43,2.571,7588.8,8347.68,0.0
2011-01-18 05:00:00,B3688,0.308,0.0,0.0,47.43,0.308,7588.8,8347.68,0.0
2011-01-18 06:00:00,B3688,1.131,0.0,0.0,47.43,1.131,7588.8,8347.68,0.0
2011-01-18 07:00:00,B3688,0.31,0.0,0.0,47.43,0.31,7588.8,8347.68,0.0
2011-01-18 08:00:00,B3688,0.173,0.0,0.0,47.43,0.173,7588.8,8347.68,0.0
2011-01-18 09:00:00,B3688,0.173,0.0,0.78,47.43,-0.8069999999999999,7588.8,8347.68,0.98
2011-01-18 10:00:00,B3688,0.173,0.0,1.1,47.43,-1.127,7588.8,8347.68,1.3
2011-01-18 11:00:00,B3688,0.173,0.0,1.19,47.43,-1.147,7588.8,8347.68,1.32
2011-01-18 12:00:00,B3688,1.131,0.0,1.0,47.43,0.030999999999999917,7588.8,8347.68,1.1
2011-01-18 13:00:00,B3688,0.309,0.0,0.84,47.43,-0.631,7588.8,8347.68,0.94
2011-01-18 14:00:00,B3688,0.173,0.0,0.78,47.43,-0.7370000000000001,7588.8,8347.68,0.91
2011-01-18 15:00:00,B3688,0.173,0.0,0.62,47.43,-0.5369999999999999,7588.8,8347.68,0.71
2011-01-18 16:00:00,B3688,0.173,0.0,0.25,47.43,-0.11699999999999999,7588.8,8347.68,0.29
2011-01-18 17:00:00,B3688,0.309,0.0,0.0,47.43,0.309,7588.8,8347.68,0.0
2011-01-18 18:00:00,B3688,1.131,0.0,0.0,47.43,1.131,7588.8,8347.68,0.0
2011-01-18 19:00:00,B3688,1.405,0.0,0.0,47.43,1.405,7588.8,8347.68,0.0
2011-01-18 20:00:00,B3688,0.31,0.0,0.0,47.43,0.31,7588.8,8347.68,0.0
2011-01-18 21:00:00,B3688,0.308,0.0,0.0,47.43,0.308,7588.8,8347.68,0.0
2011-01-18 22:00:00,B3688,0.308,0.0,0.0,47.43,0.308,7588.8,8347.68,0.0
2011-01-18 23:00:00,B3688,0.171,0.0,0.0,47.43,0.171,7588.8,8347.68,0.0
2011-01-19 00:00:00,B3688,2.571,2.4,0.0,47.43,2.571,7588.8,8347.68,0.0
2011-01-19 01:00:00,B3688,2.571,2.4,0.0,47.43,2.571,7588.8,8347.68,0.0
2011-01-19 02:00:00,B3688,2.571,2.4,0.0,47.43,2.571,7588.8,8347.68,0.0
2011-01-19 03:00:00,B3688,2.571,2.4,0.0,47.43,2.571,7588.8,8347.68,0.0
2011-01-19 04:00:00,B3688,2.571,2.4,0.0,47.43,2.571,7588.8,8347.68,0.0
2011-01-19 05:00:00,B3688,0.308,0.0,0.0,47.43,0.308,7588.8,8347.68,0.0
2011-01-19 06:00:00,B3688,1.131,0.0,0.0,47.43,1.131,7588.8,8347.68,0.0
2011-01-19 07:00:00,B3688,0.31,0.0,0.0,47.43,0.31,7588.8,8347.68,0.0
2011-01-19 08:00:00,B3688,0.173,0.0,0.0,47.43,0.173,7588.8,8347.68,0.0
2011-01-19 09:00:00,B3688,0.173,0.0,0.84,47.43,-0.867,7588.8,8347.68,1.04
2011-01-19 10:00:00,B3688,0.173,0.0,0.96,47.43,-0.9669999999999999,7588.8,8347.68,1.14
2011-01-19 11:00:00,B3688,0.173,0.0,0.9,47.43,-0.817,7588.8,8347.68,0.99
2011-01-19 12:00:00,B3688,1.131,0.0,0.87,47.43,0.17100000000000004,7588.8,8347.68,0.96
2011-01-19 13:00:00,B3688,0.309,0.0,0.74,47.43,-0.5309999999999999,7588.8,8347.68,0.84
2011-01-19 14:00:00,B3688,0.173,0.0,0.58,47.43,-0.5169999999999999,7588.8,8347.68,0.69
2011-01-19 15:00:00,B3688,0.173,0.0,0.47,47.43,-0.39699999999999996,7588.8,8347.68,0.57
2011-01-19 16:00:00,B3688,0.173,0.0,0.17,47.43,-0.05700000000000002,7588.8,8347.68,0.23
2011-01-19 17:00:00,B3688,0.309,0.0,0.0,47.43,0.309,7588.8,8347.68,0.0
2011-01-19 18:00:00,B3688,1.131,0.0,0.0,47.43,1.131,7588.8,8347.68,0.0
2011-01-19 19:00:00,B3688,1.405,0.0,0.0,47.43,1.405,7588.8,8347.68,0.0
2011-01-19 20:00:00,B3688,0.31,0.0,0.0,47.43,0.31,7588.8,8347.68,0.0
2011-01-19 21:00:00,B3688,0.308,0.0,0.0,47.43,0.308,7588.8,8347.68,0.0
2011-01-19 22:00:00,B3688,0.308,0.0,0.0,47.43,0.308,7588.8,8347.68,0.0
2011-01-19 23:00:00,B3688,0.171,0.0,0.0,47.43,0.171,7588.8,8347.68,0.0
2011-01-20 00:00:00,B3688,2.571,2.4,0.0,47.43,2.571,7588.8,8347.68,0.0
2011-01-20 01:00:00,B3688,2.571,2.4,0.0,47.43,2.571,7588.8,8347.68,0.0
2011-01-20 02:00:00,B3688,2.571,2.4,0.0,47.43,2.571,7588.8,8347.68,0.0
2011-01-20 03:00:00,B3688,2.571,2.4,0.0,47.43,2.571,7588.8,8347.68,0.0
2011-01-20 04:00:00,B3688,2.571,2.4,0.0,47.43,2.571,7588.8,8347.68,0.0
2011-01-20 05:00:00,B3688,0.308,0.0,0.0,47.43,0.308,7588.8,8347.68,0.0
2011-01-20 06:00:00,B3688,1.131,0.0,0.0,47.43,1.131,7588.8,8347.68,0.0
2011-01-20 07:00:00,B3688,0.31,0.0,0.0,47.43,0.31,7588.8,8347.68,0.0
2011-01-20 08:00:00,B3688,0.173,0.0,0.0,47.43,0.173,7588.8,8347.68,0.0
2011-01-20 09:00:00,B3688,0.173,0.0,0.55,47.43,-0.587,7588.8,8347.68,0.76
2011-01-20 10:00:00,B3688,0.173,0.0,0.61,47.43,-0.577,7588.8,8347.68,0.75
2011-01-20 11:00:00,B3688,0.173,0.0,0.61,47.43,-0.49700000000000005,7588.8,8347.68,0.67
2011-01-20 12:00:00,B3688,1.131,0.0,0.62,47.43,0.45099999999999996,7588.8,8347.68,0.68
2011-01-20 13:00:00,B3688,0.309,0.0,0.63,47.43,-0.411,7588.8,8347.68,0.72
2011-01-20 14:00:00,B3688,0.173,0.0,0.64,47.43,-0.577,7588.8,8347.68,0.75
2011-01-20 15:00:00,B3688,0.173,0.0,0.56,47.43,-0.47700000000000004,7588.8,8347.68,0.65
2011-01-20 16:00:00,B3688,0.173,0.0,0.24,47.43,-0.127,7588.8,8347.68,0.3
2011-01-20 17:00:00,B3688,0.309,0.0,0.0,47.43,0.309,7588.8,8347.68,0.0
2011-01-20 18:00:00,B3688,1.131,0.0,0.0,47.43,1.131,7588.8,8347.68,0.0
2011-01-20 19:00:00,B3688,1.405,0.0,0.0,47.43,1.405,7588.8,8347.68,0.0
2011-01-20 20:00:00,B3688,0.31,0.0,0.0,47.43,0.31,7588.8,8347.68,0.0
2011-01-20 21:00:00,B3688,0.308,0.0,0.0,47.43,0.308,7588.8,8347.68,0.0
2011-01-20 22:00:00,B3688,0.308,0.0,0.0,47.43,0.308,7588.8,8347.68,0.0
2011-01-20 23:00:00,B3688,0.171,0.0,0.0,47.43,0.171,7588.8,8347.68,0.0
2011-01-21 00:00:00,B3688,2.571,2.4,0.0,47.43,2.571,7588.8,8347.68,0.0
2011-01-21 01:00:00,B3688,2.571,2.4,0.0,47.43,2.571,7588.8,8347.68,0.0
2011-01-21 02:00:00,B3688,2.571,2.4,0.0,47.43,2.571,7588.8,8347.68,0.0
2011-01-21 03:00:00,B3688,2.571,2.4,0.0,47.43,2.571,7588.8,8347.68,0.0
2011-01-21 04:00:00,B3688,2.571,2.4,0.0,47.43,2.571,7588.8,8347.68,0.0
2011-01-21 05:00:00,B3688,0.308,0.0,0.0,47.43,0.308,7588.8,8347.68,0.0
2011-01-21 06:00:00,B3688,1.131,0.0,0.0,47.43,1.131,7588.8,8347.68,0.0
2011-01-21 07:00:00,B3688,0.31,0.0,0.0,47.43,0.31,7588.8,8347.68,0.0
2011-01-21 08:00:00,B3688,0.173,0.0,0.0,47.43,0.173,7588.8,8347.68,0.0
2011-01-21 09:00:00,B3688,0.173,0.0,0.49,47.43,-0.5169999999999999,7588.8,8347.68,0.69
2011-01-21 10:00:00,B3688,0.173,0.0,0.55,47.43,-0.5070000000000001,7588.8,8347.68,0.68
2011-01-21 11:00:00,B3688,0.173,0.0,0.57,47.43,-0.457,7588.8,8347.68,0.63
2011-01-21 12:00:00,B3688,1.131,0.0,0.61,47.43,0.45099999999999996,7588.8,8347.68,0.68
2011-01-21 13:00:00,B3688,0.309,0.0,0.63,47.43,-0.411,7588.8,8347.68,0.72
2011-01-21 14:00:00,B3688,0.173,0.0,0.58,47.43,-0.5169999999999999,7588.8,8347.68,0.69
2011-01-21 15:00:00,B3688,0.173,0.0,0.47,47.43,-0.39699999999999996,7588.8,8347.68,0.57
2011-01-21 16:00:00,B3688,0.173,0.0,0.18,47.43,-0.05700000000000002,7588.8,8347.68,0.23
2011-01-21 17:00:00,B3688,0.309,0.0,0.0,47.43,0.309,7588.8,8347.68,0.0
2011-01-21 18:00:00,B3688,1.131,0.0,0.0,47.43,1.131,7588.8,8347.68,0.0
2011-01-21 19:00:00,B3688,1.405,0.0,0.0,47.43,1.405,7588.8,8347.68,0.0
2011-01-21 20:00:00,B3688,0.31,0.0,0.0,47.43,0.31,7588.8,8347.68,0.0
2011-01-21 21:00:00,B3688,0.308,0.0,0.0,47.43,0.308,7588.8,8347.68,0.0
2011-01-21 22:00:00,B3688,0.308,0.0,0.0,47.43,0.308,7588.8,8347.68,0.0
2011-01-21 23:00:00,B3688,0.171,0.0,0.0,47.43,0.171,7588.8,8347.68,0.0
2011-01-22 00:00:00,B3688,0.171,0.0,0.0,47.43,0.171,7588.8,8347.68,0.0
2011-01-22 01:00:00,B3688,0.171,0.0,0.0,47.43,0.171,7588.8,8347.68,0.0
2011-01-22 02:00:00,B3688,0.171,0.0,0.0,47.43,0.171,7588.8,8347.68,0.0
2011-01-22 03:00:00,B3688,0.171,0.0,0.0,47.43,0.171,7588.8,8347.68,0.0
2011-01-22 04:00:00,B3688,0.171,0.0,0.0,47.43,0.171,7588.8,8347.68,0.0
2011-01-22 05:00:00,B3688,0.308,0.0,0.0,47.43,0.308,7588.8,8347.68,0.0
2011-01-22 06:00:00,B3688,1.131,0.0,0.0,47.43,1.131,7588.8,8347.68,0.0
2011-01-22 07:00:00,B3688,0.309,0.0,0.0,47.43,0.309,7588.8,8347.68,0.0
2011-01-22 08:00:00,B3688,2.573,2.4,0.0,47.43,2.573,7588.8,8347.68,0.0
2011-01-22 09:00:00,B3688,2.573,2.4,0.79,47.43,1.543,7588.8,8347.68,1.03
2011-01-22 10:00:00,B3688,2.573,2.4,0.95,47.43,1.433,7588.8,8347.68,1.14
2011-01-22 11:00:00,B3688,2.573,2.4,0.93,47.43,1.553,7588.8,8347.68,1.02
2011-01-22 12:00:00,B3688,3.531,2.4,0.86,47.43,2.5810000000000004,7588.8,8347.68,0.95
2011-01-22 13:00:00,B3688,0.31,0.0,0.82,47.43,-0.6100000000000001,7588.8,8347.68,0.92
2011-01-22 14:00:00,B3688,0.173,0.0,0.76,47.43,-0.7070000000000001,7588.8,8347.68,0.88
2011-01-22 15:00:00,B3688,0.173,0.0,0.62,47.43,-0.5469999999999999,7588.8,8347.68,0.72
2011-01-22 16:00:00,B3688,0.173,0.0,0.27,47.43,-0.14700000000000002,7588.8,8347.68,0.32
2011-01-22 17:00:00,B3688,0.31,0.0,0.0,47.43,0.31,7588.8,8347.68,0.0
2011-01-22 18:00:00,B3688,1.131,0.0,0.0,47.43,1.131,7588.8,8347.68,0.0
2011-01-22 19:00:00,B3688,1.405,0.0,0.0,47.43,1.405,7588.8,8347.68,0.0
2011-01-22 20:00:00,B3688,0.309,0.0,0.0,47.43,0.309,7588.8,8347.68,0.0
2011-01-22 21:00:00,B3688,0.308,0.0,0.0,47.43,0.308,7588.8,8347.68,0.0
2011-01-22 22:00:00,B3688,0.308,0.0,0.0,47.43,0.308,7588.8,8347.68,0.0
2011-01-22 23:00:00,B3688,0.171,0.0,0.0,47.43,0.171,7588.8,8347.68,0.0
2011-01-23 00:00:00,B3688,0.171,0.0,0.0,47.43,0.171,7588.8,8347.68,0.0
2011-01-23 01:00:00,B3688,0.171,0.0,0.0,47.43,0.171,7588.8,8347.68,0.0
2011-01-23 02:00:00,B3688,0.171,0.0,0.0,47.43,0.171,7588.8,8347.68,0.0
2011-01-23 03:00:00,B3688,0.171,0.0,0.0,47.43,0.171,7588.8,8347.68,0.0
2011-01-23 04:00:00,B3688,0.171,0.0,0.0,47.43,0.171,7588.8,8347.68,0.0
2011-01-23 05:00:00,B3688,0.308,0.0,0.0,47.43,0.308,7588.8,8347.68,0.0
2011-01-23 06:00:00,B3688,1.131,0.0,0.0,47.43,1.131,7588.8,8347.68,0.0
2011-01-23 07:00:00,B3688,0.309,0.0,0.0,47.43,0.309,7588.8,8347.68,0.0
2011-01-23 08:00:00,B3688,2.573,2.4,0.0,47.43,2.573,7588.8,8347.68,0.0
2011-01-23 09:00:00,B3688,2.573,2.4,0.82,47.43,1.513,7588.8,8347.68,1.06
2011-01-23 10:00:00,B3688,2.573,2.4,1.0,47.43,1.373,7588.8,8347.68,1.2
2011-01-23 11:00:00,B3688,2.573,2.4,1.05,47.43,1.413,7588.8,8347.68,1.16
2011-01-23 12:00:00,B3688,3.531,2.4,1.15,47.43,2.271,7588.8,8347.68,1.26
2011-01-23 13:00:00,B3688,0.31,0.0,1.15,47.43,-0.97,7588.8,8347.68,1.28
2011-01-23 14:00:00,B3688,0.173,0.0,1.0,47.43,-0.9669999999999999,7588.8,8347.68,1.14
2011-01-23 15:00:00,B3688,0.173,0.0,0.77,47.43,-0.7470000000000001,7588.8,8347.68,0.92
2011-01-23 16:00:00,B3688,0.173,0.0,0.29,47.43,-0.16700000000000004,7588.8,8347.68,0.34
2011-01-23 17:00:00,B3688,0.309,0.0,0.0,47.43,0.309,7588.8,8347.68,0.0
2011-01-23 18:00:00,B3688,1.131,0.0,0.0,47.43,1.131,7588.8,8347.68,0.0
2011-01-23 19:00:00,B3688,1.405,0.0,0.0,47.43,1.405,7588.8,8347.68,0.0
2011-01-23 20:00:00,B3688,0.309,0.0,0.0,47.43,0.309,7588.8,8347.68,0.0
2011-01-23 21:00:00,B3688,0.308,0.0,0.0,47.43,0.308,7588.8,8347.68,0.0
2011-01-23 22:00:00,B3688,0.308,0.0,0.0,47.43,0.308,7588.8,8347.68,0.0
2011-01-23 23:00:00,B3688,0.171,0.0,0.0,47.43,0.171,7588.8,8347.68,0.0
2011-01-24 00:00:00,B3688,2.571,2.4,0.0,47.43,2.571,7588.8,8347.68,0.0
2011-01-24 01:00:00,B3688,2.571,2.4,0.0,47.43,2.571,7588.8,8347.68,0.0
2011-01-24 02:00:00,B3688,2.571,2.4,0.0,47.43,2.571,7588.8,8347.68,0.0
2011-01-24 03:00:00,B3688,2.571,2.4,0.0,47.43,2.571,7588.8,8347.68,0.0
2011-01-24 04:00:00,B3688,2.571,2.4,0.0,47.43,2.571,7588.8,8347.68,0.0
2011-01-24 05:00:00,B3688,0.308,0.0,0.0,47.43,0.308,7588.8,8347.68,0.0
2011-01-24 06:00:00,B3688,1.131,0.0,0.0,47.43,1.131,7588.8,8347.68,0.0
2011-01-24 07:00:00,B3688,0.31,0.0,0.0,47.43,0.31,7588.8,8347.68,0.0
2011-01-24 08:00:00,B3688,0.173,0.0,0.0,47.43,0.09299999999999999,7588.8,8347.68,0.08
2011-01-24 09:00:00,B3688,0.173,0.0,0.54,47.43,-0.5070000000000001,7588.8,8347.68,0.68
2011-01-24 10:00:00,B3688,0.173,0.0,0.78,47.43,-0.7570000000000001,7588.8,8347.68,0.93
2011-01-24 11:00:00,B3688,0.173,0.0,0.8,47.43,-0.7070000000000001,7588.8,8347.68,0.88
2011-01-24 12:00:00,B3688,1.131,0.0,0.85,47.43,0.20099999999999996,7588.8,8347.68,0.93
2011-01-24 13:00:00,B3688,0.309,0.0,1.01,47.43,-0.821,7588.8,8347.68,1.13
2011-01-24 14:00:00,B3688,0.173,0.0,1.03,47.43,-0.9969999999999999,7588.8,8347.68,1.17
2011-01-24 15:00:00,B3688,0.173,0.0,0.77,47.43,-0.7270000000000001,7588.8,8347.68,0.9
2011-01-24 16:00:00,B3688,0.173,0.0,0.31,47.43,-0.177,7588.8,8347.68,0.35
2011-01-24 17:00:00,B3688,0.309,0.0,0.0,47.43,0.309,7588.8,8347.68,0.0
2011-01-24 18:00:00,B3688,1.131,0.0,0.0,47.43,1.131,7588.8,8347.68,0.0
2011-01-24 19:00:00,B3688,1.405,0.0,0.0,47.43,1.405,7588.8,8347.68,0.0
2011-01-24 20:00:00,B3688,0.31,0.0,0.0,47.43,0.31,7588.8,8347.68,0.0
2011-01-24 21:00:00,B3688,0.308,0.0,0.0,47.43,0.308,7588.8,8347.68,0.0
2011-01-24 22:00:00,B3688,0.308,0.0,0.0,47.43,0.308,7588.8,8347.68,0.0
2011-01-24 23:00:00,B3688,0.171,0.0,0.0,47.43,0.171,7588.8,8347.68,0.0
2011-01-25 00:00:00,B3688,2.571,2.4,0.0,47.43,2.571,7588.8,8347.68,0.0
2011-01-25 01:00:00,B3688,2.571,2.4,0.0,47.43,2.571,7588.8,8347.68,0.0
2011-01-25 02:00:00,B3688,2.571,2.4,0.0,47.43,2.571,7588.8,8347.68,0.0
2011-01-25 03:00:00,B3688,2.571,2.4,0.0,47.43,2.571,7588.8,8347.68,0.0
2011-01-25 04:00:00,B3688,2.571,2.4,0.0,47.43,2.571,7588.8,8347.68,0.0
2011-01-25 05:00:00,B3688,0.308,0.0,0.0,47.43,0.308,7588.8,8347.68,0.0
2011-01-25 06:00:00,B3688,1.131,0.0,0.0,47.43,1.131,7588.8,8347.68,0.0
2011-01-25 07:00:00,B3688,0.31,0.0,0.0,47.43,0.31,7588.8,8347.68,0.0
2011-01-25 08:00:00,B3688,0.173,0.0,0.32,47.43,-0.277,7588.8,8347.68,0.45
2011-01-25 09:00:00,B3688,0.173,0.0,0.63,47.43,-0.637,7588.8,8347.68,0.81
2011-01-25 10:00:00,B3688,0.173,0.0,0.88,47.43,-0.857,7588.8,8347.68,1.03
2011-01-25 11:00:00,B3688,0.173,0.0,1.04,47.43,-0.9969999999999999,7588.8,8347.68,1.17
2011-01-25 12:00:00,B3688,1.131,0.0,1.14,47.43,-0.129,7588.8,8347.68,1.26
2011-01-25 13:00:00,B3688,0.309,0.0,1.09,47.43,-0.901,7588.8,8347.68,1.21
2011-01-25 14:00:00,B3688,0.173,0.0,0.86,47.43,-0.8069999999999999,7588.8,8347.68,0.98
2011-01-25 15:00:00,B3688,0.173,0.0,0.56,47.43,-0.447,7588.8,8347.68,0.62
2011-01-25 16:00:00,B3688,0.173,0.0,0.0,47.43,0.143,7588.8,8347.68,0.03
2011-01-25 17:00:00,B3688,0.309,0.0,0.0,47.43,0.309,7588.8,8347.68,0.0
2011-01-25 18:00:00,B3688,1.131,0.0,0.0,47.43,1.131,7588.8,8347.68,0.0
2011-01-25 19:00:00,B3688,1.405,0.0,0.0,47.43,1.405,7588.8,8347.68,0.0
2011-01-25 20:00:00,B3688,0.31,0.0,0.0,47.43,0.31,7588.8,8347.68,0.0
2011-01-25 21:00:00,B3688,0.308,0.0,0.0,47.43,0.308,7588.8,8347.68,0.0
2011-01-25 22:00:00,B3688,0.308,0.0,0.0,47.43,0.308,7588.8,8347.68,0.0
2011-01-25 23:00:00,B3688,0.171,0.0,0.0,47.43,0.171,7588.8,8347.68,0.0
2011-01-26 00:00:00,B3688,2.571,2.4,0.0,47.43,2.571,7588.8,8347.68,0.0
2011-01-26 01:00:00,B3688,2.571,2.4,0.0,47.43,2.571,7588.8,8347.68,0.0
2011-01-26 02:00:00,B3688,2.571,2.4,0.0,47.43,2.571,7588.8,8347.68,0.0
2011-01-26 03:00:00,B3688,2.571,2.4,0.0,47.43,2.571,7588.8,8347.68,0.0
2011-01-26 04:00:00,B3688,2.571,2.4,0.0,47.43,2.571,7588.8,8347.68,0.0
2011-01-26 05:00:00,B3688,0.308,0.0,0.0,47.43,0.308,7588.8,8347.68,0.0
2011-01-26 06:00:00,B3688,1.131,0.0,0.0,47.43,1.131,7588.8,8347.68,0.0
2011-01-26 07:00:00,B3688,0.31,0.0,0.0,47.43,0.31,7588.8,8347.68,0.0
2011-01-26 08:00:00,B3688,0.173,0.0,0.36,47.43,-0.35700000000000004,7588.8,8347.68,0.53
2011-01-26 09:00:00,B3688,0.173,0.0,0.65,47.43,-0.6970000000000001,7588.8,8347.68,0.87
2011-01-26 10:00:00,B3688,0.173,0.0,0.73,47.43,-0.7270000000000001,7588.8,8347.68,0.9
2011-01-26 11:00:00,B3688,0.173,0.0,0.77,47.43,-0.687,7588.8,8347.68,0.86
2011-01-26 12:00:00,B3688,1.131,0.0,0.73,47.43,0.33099999999999996,7588.8,8347.68,0.8
2011-01-26 13:00:00,B3688,0.309,0.0,0.62,47.43,-0.40099999999999997,7588.8,8347.68,0.71
2011-01-26 14:00:00,B3688,0.173,0.0,0.56,47.43,-0.48700000000000004,7588.8,8347.68,0.66
2011-01-26 15:00:00,B3688,0.173,0.0,0.46,47.43,-0.37700000000000006,7588.8,8347.68,0.55
2011-01-26 16:00:00,B3688,0.173,0.0,0.26,47.43,-0.187,7588.8,8347.68,0.36
2011-01-26 17:00:00,B3688,0.309,0.0,0.0,47.43,0.309,7588.8,8347.68,0.0
2011-01-26 18:00:00,B3688,1.131,0.0,0.0,47.43,1.131,7588.8,8347.68,0.0
2011-01-26 19:00:00,B3688,1.405,0.0,0.0,47.43,1.405,7588.8,8347.68,0.0
2011-01-26 20:00:00,B3688,0.31,0.0,0.0,47.43,0.31,7588.8,8347.68,0.0
2011-01-26 21:00:00,B3688,0.308,0.0,0.0,47.43,0.308,7588.8,8347.68,0.0
2011-01-26 22:00:00,B3688,0.308,0.0,0.0,47.43,0.308,7588.8,8347.68,0.0
2011-01-26 23:00:00,B3688,0.171,0.0,0.0,47.43,0.171,7588.8,8347.68,0.0
2011-01-27 00:00:00,B3688,2.571,2.4,0.0,47.43,2.571,7588.8,8347.68,0.0
2011-01-27 01:00:00,B3688,2.571,2.4,0.0,47.43,2.571,7588.8,8347.68,0.0
2011-01-27 02:00:00,B3688,2.571,2.4,0.0,47.43,2.571,7588.8,8347.68,0.0
2011-01-27 03:00:00,B3688,2.571,2.4,0.0,47.43,2.571,7588.8,8347.68,0.0
2011-01-27 04:00:00,B3688,2.571,2.4,0.0,47.43,2.571,7588.8,8347.68,0.0
2011-01-27 05:00:00,B3688,0.308,0.0,0.0,47.43,0.308,7588.8,8347.68,0.0
2011-01-27 06:00:00,B3688,1.131,0.0,0.0,47.43,1.131,7588.8,8347.68,0.0
2011-01-27 07:00:00,B3688,0.31,0.0,0.0,47.43,0.31,7588.8,8347.68,0.0
2011-01-27 08:00:00,B3688,0.173,0.0,0.29,47.43,-0.237,7588.8,8347.68,0.41
2011-01-27 09:00:00,B3688,0.173,0.0,0.56,47.43,-0.567,7588.8,8347.68,0.74
2011-01-27 10:00:00,B3688,0.173,0.0,0.81,47.43,-0.7969999999999999,7588.8,8347.68,0.97
2011-01-27 11:00:00,B3688,0.173,0.0,0.95,47.43,-0.877,7588.8,8347.68,1.05
2011-01-27 12:00:00,B3688,1.131,0.0,1.09,47.43,-0.06899999999999995,7588.8,8347.68,1.2
2011-01-27 13:00:00,B3688,0.309,0.0,1.09,47.43,-0.901,7588.8,8347.68,1.21
2011-01-27 14:00:00,B3688,0.173,0.0,0.82,47.43,-0.7570000000000001,7588.8,8347.68,0.93
2011-01-27 15:00:00,B3688,0.173,0.0,0.57,47.43,-0.48700000000000004,7588.8,8347.68,0.66
2011-01-27 16:00:00,B3688,0.173,0.0,0.26,47.43,-0.16700000000000004,7588.8,8347.68,0.34
2011-01-27 17:00:00,B3688,0.309,0.0,0.0,47.43,0.309,7588.8,8347.68,0.0
2011-01-27 18:00:00,B3688,1.131,0.0,0.0,47.43,1.131,7588.8,8347.68,0.0
2011-01-27 19:00:00,B3688,1.405,0.0,0.0,47.43,1.405,7588.8,8347.68,0.0
2011-01-27 20:00:00,B3688,0.31,0.0,0.0,47.43,0.31,7588.8,8347.68,0.0
2011-01-27 21:00:00,B3688,0.308,0.0,0.0,47.43,0.308,7588.8,8347.68,0.0
2011-01-27 22:00:00,B3688,0.308,0.0,0.0,47.43,0.308,7588.8,8347.68,0.0
2011-01-27 23:00:00,B3688,0.171,0.0,0.0,47.43,0.171,7588.8,8347.68,0.0
2011-01-28 00:00:00,B3688,2.571,2.4,0.0,47.43,2.571,7588.8,8347.68,0.0
2011-01-28 01:00:00,B3688,2.571,2.4,0.0,47.43,2.571,7588.8,8347.68,0.0
2011-01-28 02:00:00,B3688,2.571,2.4,0.0,47.43,2.571,7588.8,8347.68,0.0
2011-01-28 03:00:00,B3688,2.571,2.4,0.0,47.43,2.571,7588.8,8347.68,0.0
2011-01-28 04:00:00,B3688,2.571,2.4,0.0,47.43,2.571,7588.8,8347.68,0.0
2011-01-28 05:00:00,B3688,0.308,0.0,0.0,47.43,0.308,7588.8,8347.68,0.0
2011-01-28 06:00:00,B3688,1.131,0.0,0.0,47.43,1.131,7588.8,8347.68,0.0
2011-01-28 07:00:00,B3688,0.31,0.0,0.0,47.43,0.31,7588.8,8347.68,0.0
2011-01-28 08:00:00,B3688,0.173,0.0,0.24,47.43,-0.20700000000000002,7588.8,8347.68,0.38
2011-01-28 09:00:00,B3688,0.173,0.0,0.51,47.43,-0.5269999999999999,7588.8,8347.68,0.7
2011-01-28 10:00:00,B3688,0.173,0.0,0.64,47.43,-0.607,7588.8,8347.68,0.78
2011-01-28 11:00:00,B3688,0.173,0.0,0.73,47.43,-0.637,7588.8,8347.68,0.81
2011-01-28 12:00:00,B3688,1.131,0.0,0.75,47.43,0.31100000000000005,7588.8,8347.68,0.82
2011-01-28 13:00:00,B3688,0.309,0.0,0.66,47.43,-0.431,7588.8,8347.68,0.74
2011-01-28 14:00:00,B3688,0.173,0.0,0.56,47.43,-0.48700000000000004,7588.8,8347.68,0.66
2011-01-28 15:00:00,B3688,0.173,0.0,0.49,47.43,-0.39699999999999996,7588.8,8347.68,0.57
2011-01-28 16:00:00,B3688,0.173,0.0,0.29,47.43,-0.187,7588.8,8347.68,0.36
2011-01-28 17:00:00,B3688,0.309,0.0,0.0,47.43,0.309,7588.8,8347.68,0.0
2011-01-28 18:00:00,B3688,1.131,0.0,0.0,47.43,1.131,7588.8,8347.68,0.0
2011-01-28 19:00:00,B3688,1.405,0.0,0.0,47.43,1.405,7588.8,8347.68,0.0
2011-01-28 20:00:00,B3688,0.31,0.0,0.0,47.43,0.31,7588.8,8347.68,0.0
2011-01-28 21:00:00,B3688,0.308,0.0,0.0,47.43,0.308,7588.8,8347.68,0.0
2011-01-28 22:00:00,B3688,0.308,0.0,0.0,47.43,0.308,7588.8,8347.68,0.0
2011-01-28 23:00:00,B3688,0.171,0.0,0.0,47.43,0.171,7588.8,8347.68,0.0
2011-01-29 00:00:00,B3688,0.171,0.0,0.0,47.43,0.171,7588.8,8347.68,0.0
2011-01-29 01:00:00,B3688,0.171,0.0,0.0,47.43,0.171,7588.8,8347.68,0.0
2011-01-29 02:00:00,B3688,0.171,0.0,0.0,47.43,0.171,7588.8,8347.68,0.0
2011-01-29 03:00:00,B3688,0.171,0.0,0.0,47.43,0.171,7588.8,8347.68,0.0
2011-01-29 04:00:00,B3688,0.171,0.0,0.0,47.43,0.171,7588.8,8347.68,0.0
2011-01-29 05:00:00,B3688,0.308,0.0,0.0,47.43,0.308,7588.8,8347.68,0.0
2011-01-29 06:00:00,B3688,1.131,0.0,0.0,47.43,1.131,7588.8,8347.68,0.0
2011-01-29 07:00:00,B3688,0.309,0.0,0.0,47.43,0.309,7588.8,8347.68,0.0
2011-01-29 08:00:00,B3688,2.573,2.4,0.31,47.43,2.093,7588.8,8347.68,0.48
2011-01-29 09:00:00,B3688,2.573,2.4,0.54,47.43,1.833,7588.8,8347.68,0.74
2011-01-29 10:00:00,B3688,2.573,2.4,0.66,47.43,1.773,7588.8,8347.68,0.8
2011-01-29 11:00:00,B3688,2.573,2.4,0.88,47.43,1.593,7588.8,8347.68,0.98
2011-01-29 12:00:00,B3688,3.531,2.4,0.98,47.43,2.451,7588.8,8347.68,1.08
2011-01-29 13:00:00,B3688,0.31,0.0,0.8,47.43,-0.5900000000000001,7588.8,8347.68,0.9
2011-01-29 14:00:00,B3688,0.173,0.0,0.66,47.43,-0.587,7588.8,8347.68,0.76
2011-01-29 15:00:00,B3688,0.173,0.0,0.56,47.43,-0.47700000000000004,7588.8,8347.68,0.65
2011-01-29 16:00:00,B3688,0.173,0.0,0.27,47.43,-0.177,7588.8,8347.68,0.35
2011-01-29 17:00:00,B3688,0.31,0.0,0.0,47.43,0.31,7588.8,8347.68,0.0
2011-01-29 18:00:00,B3688,1.131,0.0,0.0,47.43,1.131,7588.8,8347.68,0.0
2011-01-29 19:00:00,B3688,1.405,0.0,0.0,47.43,1.405,7588.8,8347.68,0.0
2011-01-29 20:00:00,B3688,0.309,0.0,0.0,47.43,0.309,7588.8,8347.68,0.0
2011-01-29 21:00:00,B3688,0.308,0.0,0.0,47.43,0.308,7588.8,8347.68,0.0
2011-01-29 22:00:00,B3688,0.308,0.0,0.0,47.43,0.308,7588.8,8347.68,0.0
2011-01-29 23:00:00,B3688,0.171,0.0,0.0,47.43,0.171,7588.8,8347.68,0.0
2011-01-30 00:00:00,B3688,0.171,0.0,0.0,47.43,0.171,7588.8,8347.68,0.0
2011-01-30 01:00:00,B3688,0.171,0.0,0.0,47.43,0.171,7588.8,8347.68,0.0
2011-01-30 02:00:00,B3688,0.171,0.0,0.0,47.43,0.171,7588.8,8347.68,0.0
2011-01-30 03:00:00,B3688,0.171,0.0,0.0,47.43,0.171,7588.8,8347.68,0.0
2011-01-30 04:00:00,B3688,0.171,0.0,0.0,47.43,0.171,7588.8,8347.68,0.0
2011-01-30 05:00:00,B3688,0.308,0.0,0.0,47.43,0.308,7588.8,8347.68,0.0
2011-01-30 06:00:00,B3688,1.131,0.0,0.0,47.43,1.131,7588.8,8347.68,0.0
2011-01-30 07:00:00,B3688,0.309,0.0,0.0,47.43,0.309,7588.8,8347.68,0.0
2011-01-30 08:00:00,B3688,2.573,2.4,0.25,47.43,2.163,7588.8,8347.68,0.41
2011-01-30 09:00:00,B3688,2.573,2.4,0.44,47.43,1.9329999999999998,7588.8,8347.68,0.64
2011-01-30 10:00:00,B3688,2.573,2.4,0.53,47.43,1.903,7588.8,8347.68,0.67
2011-01-30 11:00:00,B3688,2.573,2.4,0.59,47.43,1.923,7588.8,8347.68,0.65
2011-01-30 12:00:00,B3688,3.531,2.4,0.64,47.43,2.821,7588.8,8347.68,0.71
2011-01-30 13:00:00,B3688,0.31,0.0,0.64,47.43,-0.41,7588.8,8347.68,0.72
2011-01-30 14:00:00,B3688,0.173,0.0,0.58,47.43,-0.5070000000000001,7588.8,8347.68,0.68
2011-01-30 15:00:00,B3688,0.173,0.0,0.49,47.43,-0.417,7588.8,8347.68,0.59
2011-01-30 16:00:00,B3688,0.173,0.0,0.27,47.43,-0.187,7588.8,8347.68,0.36
2011-01-30 17:00:00,B3688,0.309,0.0,0.0,47.43,0.309,7588.8,8347.68,0.0
2011-01-30 18:00:00,B3688,1.131,0.0,0.0,47.43,1.131,7588.8,8347.68,0.0
2011-01-30 19:00:00,B3688,1.405,0.0,0.0,47.43,1.405,7588.8,8347.68,0.0
2011-01-30 20:00:00,B3688,0.309,0.0,0.0,47.43,0.309,7588.8,8347.68,0.0
2011-01-30 21:00:00,B3688,0.308,0.0,0.0,47.43,0.308,7588.8,8347.68,0.0
2011-01-30 22:00:00,B3688,0.308,0.0,0.0,47.43,0.308,7588.8,8347.68,0.0
2011-01-30 23:00:00,B3688,0.171,0.0,0.0,47.43,0.171,7588.8,8347.68,0.0
2011-01-31 00:00:00,B3688,2.571,2.4,0.0,47.43,2.571,7588.8,8347.68,0.0
2011-01-31 01:00:00,B3688,2.571,2.4,0.0,47.43,2.571,7588.8,8347.68,0.0
2011-01-31 02:00:00,B3688,2.571,2.4,0.0,47.43,2.571,7588.8,8347.68,0.0
2011-01-31 03:00:00,B3688,2.571,2.4,0.0,47.43,2.571,7588.8,8347.68,0.0
2011-01-31 04:00:00,B3688,2.571,2.4,0.0,47.43,2.571,7588.8,8347.68,0.0
2011-01-31 05:00:00,B3688,0.308,0.0,0.0,47.43,0.308,7588.8,8347.68,0.0
2011-01-31 06:00:00,B3688,1.131,0.0,0.0,47.43,1.131,7588.8,8347.68,0.0
2011-01-31 07:00:00,B3688,0.31,0.0,0.0,47.43,0.31,7588.8,8347.68,0.0
2011-01-31 08:00:00,B3688,0.173,0.0,0.23,47.43,-0.22700000000000004,7588.8,8347.68,0.4
2011-01-31 09:00:00,B3688,0.173,0.0,0.41,47.43,-0.447,7588.8,8347.68,0.62
2011-01-31 10:00:00,B3688,0.173,0.0,0.52,47.43,-0.48700000000000004,7588.8,8347.68,0.66
2011-01-31 11:00:00,B3688,0.173,0.0,0.58,47.43,-0.47700000000000004,7588.8,8347.68,0.65
2011-01-31 12:00:00,B3688,1.131,0.0,0.62,47.43,0.44100000000000006,7588.8,8347.68,0.69
2011-01-31 13:00:00,B3688,0.309,0.0,0.63,47.43,-0.411,7588.8,8347.68,0.72
2011-01-31 14:00:00,B3688,0.173,0.0,0.6,47.43,-0.5369999999999999,7588.8,8347.68,0.71
2011-01-31 15:00:00,B3688,0.173,0.0,0.53,47.43,-0.457,7588.8,8347.68,0.63
2011-01-31 16:00:00,B3688,0.173,0.0,0.3,47.43,-0.21700000000000003,7588.8,8347.68,0.39
2011-01-31 17:00:00,B3688,0.309,0.0,0.0,47.43,0.309,7588.8,8347.68,0.0
2011-01-31 18:00:00,B3688,1.131,0.0,0.0,47.43,1.131,7588.8,8347.68,0.0
2011-01-31 19:00:00,B3688,1.405,0.0,0.0,47.43,1.405,7588.8,8347.68,0.0
2011-01-31 20:00:00,B3688,0.31,0.0,0.0,47.43,0.31,7588.8,8347.68,0.0
2011-01-31 21:00:00,B3688,0.308,0.0,0.0,47.43,0.308,7588.8,8347.68,0.0
2011-01-31 22:00:00,B3688,0.308,0.0,0.0,47.43,0.308,7588.8,8347.68,0.0
2011-01-31 23:00:00,B3688,0.171,0.0,0.0,47.43,0.171,7588.8,8347.68,0.0
2011-02-01 00:00:00,B3688,2.571,2.4,0.0,47.43,2.571,7588.8,8347.68,0.0
2011-02-01 01:00:00,B3688,2.571,2.4,0.0,47.43,2.571,7588.8,8347.68,0.0
2011-02-01 02:00:00,B3688,2.571,2.4,0.0,47.43,2.571,7588.8,8347.68,0.0
2011-02-01 03:00:00,B3688,2.571,2.4,0.0,47.43,2.571,7588.8,8347.68,0.0
2011-02-01 04:00:00,B3688,2.571,2.4,0.0,47.43,2.571,7588.8,8347.68,0.0
2011-02-01 05:00:00,B3688,0.308,0.0,0.0,47.43,0.308,7588.8,8347.68,0.0
2011-02-01 06:00:00,B3688,1.131,0.0,0.0,47.43,1.131,7588.8,8347.68,0.0
2011-02-01 07:00:00,B3688,0.31,0.0,0.0,47.43,0.31,7588.8,8347.68,0.0
2011-02-01 08:00:00,B3688,0.173,0.0,0.32,47.43,-0.317,7588.8,8347.68,0.49
2011-02-01 09:00:00,B3688,0.173,0.0,0.55,47.43,-0.587,7588.8,8347.68,0.76
2011-02-01 10:00:00,B3688,0.173,0.0,0.76,47.43,-0.7570000000000001,7588.8,8347.68,0.93
2011-02-01 11:00:00,B3688,0.173,0.0,0.82,47.43,-0.7470000000000001,7588.8,8347.68,0.92
2011-02-01 12:00:00,B3688,1.131,0.0,0.72,47.43,0.33099999999999996,7588.8,8347.68,0.8
2011-02-01 13:00:00,B3688,0.309,0.0,0.68,47.43,-0.461,7588.8,8347.68,0.77
2011-02-01 14:00:00,B3688,0.173,0.0,0.62,47.43,-0.5569999999999999,7588.8,8347.68,0.73
2011-02-01 15:00:00,B3688,0.173,0.0,0.51,47.43,-0.427,7588.8,8347.68,0.6
2011-02-01 16:00:00,B3688,0.173,0.0,0.31,47.43,-0.22700000000000004,7588.8,8347.68,0.4
2011-02-01 17:00:00,B3688,0.309,0.0,0.0,47.43,0.309,7588.8,8347.68,0.0
2011-02-01 18:00:00,B3688,1.131,0.0,0.0,47.43,1.131,7588.8,8347.68,0.0
2011-02-01 19:00:00,B3688,1.405,0.0,0.0,47.43,1.405,7588.8,8347.68,0.0
2011-02-01 20:00:00,B3688,0.31,0.0,0.0,47.43,0.31,7588.8,8347.68,0.0
2011-02-01 21:00:00,B3688,0.308,0.0,0.0,47.43,0.308,7588.8,8347.68,0.0
2011-02-01 22:00:00,B3688,0.308,0.0,0.0,47.43,0.308,7588.8,8347.68,0.0
2011-02-01 23:00:00,B3688,0.171,0.0,0.0,47.43,0.171,7588.8,8347.68,0.0
2011-02-02 00:00:00,B3688,2.571,2.4,0.0,47.43,2.571,7588.8,8347.68,0.0
2011-02-02 01:00:00,B3688,2.571,2.4,0.0,47.43,2.571,7588.8,8347.68,0.0
2011-02-02 02:00:00,B3688,2.571,2.4,0.0,47.43,2.571,7588.8,8347.68,0.0
2011-02-02 03:00:00,B3688,2.571,2.4,0.0,47.43,2.571,7588.8,8347.68,0.0
2011-02-02 04:00:00,B3688,2.571,2.4,0.0,47.43,2.571,7588.8,8347.68,0.0
2011-02-02 05:00:00,B3688,0.308,0.0,0.0,47.43,0.308,7588.8,8347.68,0.0
2011-02-02 06:00:00,B3688,1.131,0.0,0.0,47.43,1.131,7588.8,8347.68,0.0
2011-02-02 07:00:00,B3688,0.31,0.0,0.0,47.43,0.31,7588.8,8347.68,0.0
2011-02-02 08:00:00,B3688,0.173,0.0,0.45,47.43,-0.457,7588.8,8347.68,0.63
2011-02-02 09:00:00,B3688,0.173,0.0,0.78,47.43,-0.847,7588.8,8347.68,1.02
2011-02-02 10:00:00,B3688,0.173,0.0,1.02,47.43,-1.057,7588.8,8347.68,1.23
2011-02-02 11:00:00,B3688,0.173,0.0,1.25,47.43,-1.2169999999999999,7588.8,8347.68,1.39
2011-02-02 12:00:00,B3688,1.131,0.0,1.38,47.43,-0.389,7588.8,8347.68,1.52
2011-02-02 13:00:00,B3688,0.309,0.0,1.39,47.43,-1.231,7588.8,8347.68,1.54
2011-02-02 14:00:00,B3688,0.173,0.0,1.26,47.43,-1.2469999999999999,7588.8,8347.68,1.42
2011-02-02 15:00:00,B3688,0.173,0.0,0.92,47.43,-0.897,7588.8,8347.68,1.07
2011-02-02 16:00:00,B3688,0.173,0.0,0.42,47.43,-0.327,7588.8,8347.68,0.5
2011-02-02 17:00:00,B3688,0.309,0.0,0.0,47.43,0.309,7588.8,8347.68,0.0
2011-02-02 18:00:00,B3688,1.131,0.0,0.0,47.43,1.131,7588.8,8347.68,0.0
2011-02-02 19:00:00,B3688,1.405,0.0,0.0,47.43,1.405,7588.8,8347.68,0.0
2011-02-02 20:00:00,B3688,0.31,0.0,0.0,47.43,0.31,7588.8,8347.68,0.0
2011-02-02 21:00:00,B3688,0.308,0.0,0.0,47.43,0.308,7588.8,8347.68,0.0
2011-02-02 22:00:00,B3688,0.308,0.0,0.0,47.43,0.308,7588.8,8347.68,0.0
2011-02-02 23:00:00,B3688,0.171,0.0,0.0,47.43,0.171,7588.8,8347.68,0.0
2011-02-03 00:00:00,B3688,2.571,2.4,0.0,47.43,2.571,7588.8,8347.68,0.0
2011-02-03 01:00:00,B3688,2.571,2.4,0.0,47.43,2.571,7588.8,8347.68,0.0
2011-02-03 02:00:00,B3688,2.571,2.4,0.0,47.43,2.571,7588.8,8347.68,0.0
2011-02-03 03:00:00,B3688,2.571,2.4,0.0,47.43,2.571,7588.8,8347.68,0.0
2011-02-03 04:00:00,B3688,2.571,2.4,0.0,47.43,2.571,7588.8,8347.68,0.0
2011-02-03 05:00:00,B3688,0.308,0.0,0.0,47.43,0.308,7588.8,8347.68,0.0
2011-02-03 06:00:00,B3688,1.131,0.0,0.0,47.43,1.131,7588.8,8347.68,0.0
2011-02-03 07:00:00,B3688,0.31,0.0,0.0,47.43,0.31,7588.8,8347.68,0.0
2011-02-03 08:00:00,B3688,0.173,0.0,0.39,47.43,-0.337,7588.8,8347.68,0.51
2011-02-03 09:00:00,B3688,0.173,0.0,0.7,47.43,-0.7270000000000001,7588.8,8347.68,0.9
2011-02-03 10:00:00,B3688,0.173,0.0,0.94,47.43,-0.9669999999999999,7588.8,8347.68,1.14
2011-02-03 11:00:00,B3688,0.173,0.0,0.81,47.43,-0.7270000000000001,7588.8,8347.68,0.9
2011-02-03 12:00:00,B3688,1.131,0.0,0.71,47.43,0.351,7588.8,8347.68,0.78
2011-02-03 13:00:00,B3688,0.309,0.0,0.65,47.43,-0.431,7588.8,8347.68,0.74
2011-02-03 14:00:00,B3688,0.173,0.0,0.6,47.43,-0.5369999999999999,7588.8,8347.68,0.71
2011-02-03 15:00:00,B3688,0.173,0.0,0.54,47.43,-0.467,7588.8,8347.68,0.64
2011-02-03 16:00:00,B3688,0.173,0.0,0.33,47.43,-0.247,7588.8,8347.68,0.42
2011-02-03 17:00:00,B3688,0.309,0.0,0.0,47.43,0.309,7588.8,8347.68,0.0
2011-02-03 18:00:00,B3688,1.131,0.0,0.0,47.43,1.131,7588.8,8347.68,0.0
2011-02-03 19:00:00,B3688,1.403,0.0,0.0,47.43,1.403,7588.8,8347.68,0.0
2011-02-03 20:00:00,B3688,0.31,0.0,0.0,47.43,0.31,7588.8,8347.68,0.0
2011-02-03 21:00:00,B3688,0.308,0.0,0.0,47.43,0.308,7588.8,8347.68,0.0
2011-02-03 22:00:00,B3688,0.308,0.0,0.0,47.43,0.308,7588.8,8347.68,0.0
2011-02-03 23:00:00,B3688,0.171,0.0,0.0,47.43,0.171,7588.8,8347.68,0.0
2011-02-04 00:00:00,B3688,2.571,2.4,0.0,47.43,2.571,7588.8,8347.68,0.0
2011-02-04 01:00:00,B3688,2.571,2.4,0.0,47.43,2.571,7588.8,8347.68,0.0
2011-02-04 02:00:00,B3688,2.571,2.4,0.0,47.43,2.571,7588.8,8347.68,0.0
2011-02-04 03:00:00,B3688,2.571,2.4,0.0,47.43,2.571,7588.8,8347.68,0.0
2011-02-04 04:00:00,B3688,2.571,2.4,0.0,47.43,2.571,7588.8,8347.68,0.0
2011-02-04 05:00:00,B3688,0.308,0.0,0.0,47.43,0.308,7588.8,8347.68,0.0
2011-02-04 06:00:00,B3688,1.131,0.0,0.0,47.43,1.131,7588.8,8347.68,0.0
2011-02-04 07:00:00,B3688,0.31,0.0,0.0,47.43,0.31,7588.8,8347.68,0.0
2011-02-04 08:00:00,B3688,0.173,0.0,0.31,47.43,-0.327,7588.8,8347.68,0.5
2011-02-04 09:00:00,B3688,0.173,0.0,0.54,47.43,-0.597,7588.8,8347.68,0.77
2011-02-04 10:00:00,B3688,0.173,0.0,0.72,47.43,-0.7270000000000001,7588.8,8347.68,0.9
2011-02-04 11:00:00,B3688,0.173,0.0,0.88,47.43,-0.8069999999999999,7588.8,8347.68,0.98
2011-02-04 12:00:00,B3688,1.131,0.0,1.0,47.43,0.040999999999999925,7588.8,8347.68,1.09
2011-02-04 13:00:00,B3688,0.309,0.0,1.07,47.43,-0.881,7588.8,8347.68,1.19
2011-02-04 14:00:00,B3688,0.173,0.0,1.01,47.43,-0.9769999999999999,7588.8,8347.68,1.15
2011-02-04 15:00:00,B3688,0.173,0.0,0.86,47.43,-0.827,7588.8,8347.68,1.0
2011-02-04 16:00:00,B3688,0.173,0.0,0.51,47.43,-0.417,7588.8,8347.68,0.59
2011-02-04 17:00:00,B3688,0.309,0.0,0.0,47.43,0.309,7588.8,8347.68,0.0
2011-02-04 18:00:00,B3688,1.131,0.0,0.0,47.43,1.131,7588.8,8347.68,0.0
2011-02-04 19:00:00,B3688,1.405,0.0,0.0,47.43,1.405,7588.8,8347.68,0.0
2011-02-04 20:00:00,B3688,0.31,0.0,0.0,47.43,0.31,7588.8,8347.68,0.0
2011-02-04 21:00:00,B3688,0.308,0.0,0.0,47.43,0.308,7588.8,8347.68,0.0
2011-02-04 22:00:00,B3688,0.308,0.0,0.0,47.43,0.308,7588.8,8347.68,0.0
2011-02-04 23:00:00,B3688,0.171,0.0,0.0,47.43,0.171,7588.8,8347.68,0.0
2011-02-05 00:00:00,B3688,0.171,0.0,0.0,47.43,0.171,7588.8,8347.68,0.0
2011-02-05 01:00:00,B3688,0.171,0.0,0.0,47.43,0.171,7588.8,8347.68,0.0
2011-02-05 02:00:00,B3688,0.171,0.0,0.0,47.43,0.171,7588.8,8347.68,0.0
2011-02-05 03:00:00,B3688,0.171,0.0,0.0,47.43,0.171,7588.8,8347.68,0.0
2011-02-05 04:00:00,B3688,0.171,0.0,0.0,47.43,0.171,7588.8,8347.68,0.0
2011-02-05 05:00:00,B3688,0.308,0.0,0.0,47.43,0.308,7588.8,8347.68,0.0
2011-02-05 06:00:00,B3688,1.131,0.0,0.0,47.43,1.131,7588.8,8347.68,0.0
2011-02-05 07:00:00,B3688,0.309,0.0,0.0,47.43,0.309,7588.8,8347.68,0.0
2011-02-05 08:00:00,B3688,2.573,2.4,0.25,47.43,2.143,7588.8,8347.68,0.43
2011-02-05 09:00:00,B3688,2.573,2.4,0.41,47.43,1.9529999999999998,7588.8,8347.68,0.62
2011-02-05 10:00:00,B3688,2.573,2.4,0.55,47.43,1.883,7588.8,8347.68,0.69
2011-02-05 11:00:00,B3688,2.573,2.4,0.63,47.43,1.873,7588.8,8347.68,0.7
2011-02-05 12:00:00,B3688,3.531,2.4,0.7,47.43,2.761,7588.8,8347.68,0.77
2011-02-05 13:00:00,B3688,0.31,0.0,0.71,47.43,-0.49000000000000005,7588.8,8347.68,0.8
2011-02-05 14:00:00,B3688,0.173,0.0,0.62,47.43,-0.5569999999999999,7588.8,8347.68,0.73
2011-02-05 15:00:00,B3688,0.173,0.0,0.57,47.43,-0.47700000000000004,7588.8,8347.68,0.65
2011-02-05 16:00:00,B3688,0.173,0.0,0.36,47.43,-0.257,7588.8,8347.68,0.43
2011-02-05 17:00:00,B3688,0.31,0.0,0.0,47.43,0.31,7588.8,8347.68,0.0
2011-02-05 18:00:00,B3688,1.131,0.0,0.0,47.43,1.131,7588.8,8347.68,0.0
2011-02-05 19:00:00,B3688,1.405,0.0,0.0,47.43,1.405,7588.8,8347.68,0.0
2011-02-05 20:00:00,B3688,0.309,0.0,0.0,47.43,0.309,7588.8,8347.68,0.0
2011-02-05 21:00:00,B3688,0.308,0.0,0.0,47.43,0.308,7588.8,8347.68,0.0
2011-02-05 22:00:00,B3688,0.308,0.0,0.0,47.43,0.308,7588.8,8347.68,0.0
2011-02-05 23:00:00,B3688,0.171,0.0,0.0,47.43,0.171,7588.8,8347.68,0.0
2011-02-06 00:00:00,B3688,0.171,0.0,0.0,47.43,0.171,7588.8,8347.68,0.0
2011-02-06 01:00:00,B3688,0.171,0.0,0.0,47.43,0.171,7588.8,8347.68,0.0
2011-02-06 02:00:00,B3688,0.171,0.0,0.0,47.43,0.171,7588.8,8347.68,0.0
2011-02-06 03:00:00,B3688,0.171,0.0,0.0,47.43,0.171,7588.8,8347.68,0.0
2011-02-06 04:00:00,B3688,0.171,0.0,0.0,47.43,0.171,7588.8,8347.68,0.0
2011-02-06 05:00:00,B3688,0.308,0.0,0.0,47.43,0.308,7588.8,8347.68,0.0
2011-02-06 06:00:00,B3688,1.131,0.0,0.0,47.43,1.131,7588.8,8347.68,0.0
2011-02-06 07:00:00,B3688,0.309,0.0,0.0,47.43,0.309,7588.8,8347.68,0.0
2011-02-06 08:00:00,B3688,2.573,2.4,0.31,47.43,2.1029999999999998,7588.8,8347.68,0.47
2011-02-06 09:00:00,B3688,2.573,2.4,0.65,47.43,1.713,7588.8,8347.68,0.86
2011-02-06 10:00:00,B3688,2.573,2.4,0.93,47.43,1.4529999999999998,7588.8,8347.68,1.12
2011-02-06 11:00:00,B3688,2.573,2.4,1.23,47.43,1.2029999999999998,7588.8,8347.68,1.37
2011-02-06 12:00:00,B3688,3.531,2.4,1.44,47.43,1.941,7588.8,8347.68,1.59
2011-02-06 13:00:00,B3688,0.31,0.0,1.23,47.43,-1.06,7588.8,8347.68,1.37
2011-02-06 14:00:00,B3688,0.173,0.0,0.86,47.43,-0.8069999999999999,7588.8,8347.68,0.98
2011-02-06 15:00:00,B3688,0.173,0.0,0.59,47.43,-0.457,7588.8,8347.68,0.63
2011-02-06 16:00:00,B3688,0.173,0.0,0.0,47.43,0.173,7588.8,8347.68,0.0
2011-02-06 17:00:00,B3688,0.309,0.0,0.0,47.43,0.309,7588.8,8347.68,0.0
2011-02-06 18:00:00,B3688,1.131,0.0,0.0,47.43,1.131,7588.8,8347.68,0.0
2011-02-06 19:00:00,B3688,1.403,0.0,0.0,47.43,1.403,7588.8,8347.68,0.0
2011-02-06 20:00:00,B3688,0.309,0.0,0.0,47.43,0.309,7588.8,8347.68,0.0
2011-02-06 21:00:00,B3688,0.308,0.0,0.0,47.43,0.308,7588.8,8347.68,0.0
2011-02-06 22:00:00,B3688,0.308,0.0,0.0,47.43,0.308,7588.8,8347.68,0.0
2011-02-06 23:00:00,B3688,0.171,0.0,0.0,47.43,0.171,7588.8,8347.68,0.0
2011-02-07 00:00:00,B3688,2.571,2.4,0.0,47.43,2.571,7588.8,8347.68,0.0
2011-02-07 01:00:00,B3688,2.571,2.4,0.0,47.43,2.571,7588.8,8347.68,0.0
2011-02-07 02:00:00,B3688,2.571,2.4,0.0,47.43,2.571,7588.8,8347.68,0.0
2011-02-07 03:00:00,B3688,2.571,2.4,0.0,47.43,2.571,7588.8,8347.68,0.0
2011-02-07 04:00:00,B3688,2.571,2.4,0.0,47.43,2.571,7588.8,8347.68,0.0
2011-02-07 05:00:00,B3688,0.308,0.0,0.0,47.43,0.308,7588.8,8347.68,0.0
2011-02-07 06:00:00,B3688,1.131,0.0,0.0,47.43,1.131,7588.8,8347.68,0.0
2011-02-07 07:00:00,B3688,0.31,0.0,0.0,47.43,0.31,7588.8,8347.68,0.0
2011-02-07 08:00:00,B3688,0.173,0.0,0.41,47.43,-0.39699999999999996,7588.8,8347.68,0.57
2011-02-07 09:00:00,B3688,0.173,0.0,0.81,47.43,-0.867,7588.8,8347.68,1.04
2011-02-07 10:00:00,B3688,0.173,0.0,1.26,47.43,-1.317,7588.8,8347.68,1.49
2011-02-07 11:00:00,B3688,0.173,0.0,1.39,47.43,-1.387,7588.8,8347.68,1.56
2011-02-07 12:00:00,B3688,1.131,0.0,1.36,47.43,-0.369,7588.8,8347.68,1.5
2011-02-07 13:00:00,B3688,0.309,0.0,1.22,47.43,-1.0410000000000001,7588.8,8347.68,1.35
2011-02-07 14:00:00,B3688,0.173,0.0,1.0,47.43,-0.9569999999999999,7588.8,8347.68,1.13
2011-02-07 15:00:00,B3688,0.173,0.0,0.81,47.43,-0.7669999999999999,7588.8,8347.68,0.94
2011-02-07 16:00:00,B3688,0.173,0.0,0.45,47.43,-0.36700000000000005,7588.8,8347.68,0.54
2011-02-07 17:00:00,B3688,0.309,0.0,0.0,47.43,0.309,7588.8,8347.68,0.0
2011-02-07 18:00:00,B3688,1.131,0.0,0.0,47.43,1.131,7588.8,8347.68,0.0
2011-02-07 19:00:00,B3688,1.403,0.0,0.0,47.43,1.403,7588.8,8347.68,0.0
2011-02-07 20:00:00,B3688,0.31,0.0,0.0,47.43,0.31,7588.8,8347.68,0.0
2011-02-07 21:00:00,B3688,0.308,0.0,0.0,47.43,0.308,7588.8,8347.68,0.0
2011-02-07 22:00:00,B3688,0.308,0.0,0.0,47.43,0.308,7588.8,8347.68,0.0
2011-02-07 23:00:00,B3688,0.171,0.0,0.0,47.43,0.171,7588.8,8347.68,0.0
2011-02-08 00:00:00,B3688,2.571,2.4,0.0,47.43,2.571,7588.8,8347.68,0.0
2011-02-08 01:00:00,B3688,2.571,2.4,0.0,47.43,2.571,7588.8,8347.68,0.0
2011-02-08 02:00:00,B3688,2.571,2.4,0.0,47.43,2.571,7588.8,8347.68,0.0
2011-02-08 03:00:00,B3688,2.571,2.4,0.0,47.43,2.571,7588.8,8347.68,0.0
2011-02-08 04:00:00,B3688,2.571,2.4,0.0,47.43,2.571,7588.8,8347.68,0.0
2011-02-08 05:00:00,B3688,0.308,0.0,0.0,47.43,0.308,7588.8,8347.68,0.0
2011-02-08 06:00:00,B3688,1.131,0.0,0.0,47.43,1.131,7588.8,8347.68,0.0
2011-02-08 07:00:00,B3688,0.31,0.0,0.0,47.43,0.31,7588.8,8347.68,0.0
2011-02-08 08:00:00,B3688,0.173,0.0,0.46,47.43,-0.417,7588.8,8347.68,0.59
2011-02-08 09:00:00,B3688,0.173,0.0,0.75,47.43,-0.7669999999999999,7588.8,8347.68,0.94
2011-02-08 10:00:00,B3688,0.173,0.0,1.08,47.43,-1.117,7588.8,8347.68,1.29
2011-02-08 11:00:00,B3688,0.173,0.0,1.28,47.43,-1.267,7588.8,8347.68,1.44
2011-02-08 12:00:00,B3688,1.131,0.0,1.21,47.43,-0.19900000000000007,7588.8,8347.68,1.33
2011-02-08 13:00:00,B3688,0.309,0.0,1.11,47.43,-0.921,7588.8,8347.68,1.23
2011-02-08 14:00:00,B3688,0.173,0.0,0.93,47.43,-0.877,7588.8,8347.68,1.05
2011-02-08 15:00:00,B3688,0.173,0.0,0.69,47.43,-0.647,7588.8,8347.68,0.82
2011-02-08 16:00:00,B3688,0.173,0.0,0.39,47.43,-0.307,7588.8,8347.68,0.48
2011-02-08 17:00:00,B3688,0.309,0.0,0.0,47.43,0.279,7588.8,8347.68,0.03
2011-02-08 18:00:00,B3688,1.131,0.0,0.0,47.43,1.131,7588.8,8347.68,0.0
2011-02-08 19:00:00,B3688,1.403,0.0,0.0,47.43,1.403,7588.8,8347.68,0.0
2011-02-08 20:00:00,B3688,0.31,0.0,0.0,47.43,0.31,7588.8,8347.68,0.0
2011-02-08 21:00:00,B3688,0.308,0.0,0.0,47.43,0.308,7588.8,8347.68,0.0
2011-02-08 22:00:00,B3688,0.308,0.0,0.0,47.43,0.308,7588.8,8347.68,0.0
2011-02-08 23:00:00,B3688,0.171,0.0,0.0,47.43,0.171,7588.8,8347.68,0.0
2011-02-09 00:00:00,B3688,2.571,2.4,0.0,47.43,2.571,7588.8,8347.68,0.0
2011-02-09 01:00:00,B3688,2.571,2.4,0.0,47.43,2.571,7588.8,8347.68,0.0
2011-02-09 02:00:00,B3688,2.571,2.4,0.0,47.43,2.571,7588.8,8347.68,0.0
2011-02-09 03:00:00,B3688,2.571,2.4,0.0,47.43,2.571,7588.8,8347.68,0.0
2011-02-09 04:00:00,B3688,2.571,2.4,0.0,47.43,2.571,7588.8,8347.68,0.0
2011-02-09 05:00:00,B3688,0.308,0.0,0.0,47.43,0.308,7588.8,8347.68,0.0
2011-02-09 06:00:00,B3688,1.131,0.0,0.0,47.43,1.131,7588.8,8347.68,0.0
2011-02-09 07:00:00,B3688,0.31,0.0,0.0,47.43,0.31,7588.8,8347.68,0.0
2011-02-09 08:00:00,B3688,0.173,0.0,0.35,47.43,-0.327,7588.8,8347.68,0.5
2011-02-09 09:00:00,B3688,0.173,0.0,0.65,47.43,-0.687,7588.8,8347.68,0.86
2011-02-09 10:00:00,B3688,0.173,0.0,0.85,47.43,-0.867,7588.8,8347.68,1.04
2011-02-09 11:00:00,B3688,0.173,0.0,1.01,47.43,-0.9569999999999999,7588.8,8347.68,1.13
2011-02-09 12:00:00,B3688,1.13,0.0,1.07,47.43,-0.06000000000000005,7588.8,8347.68,1.19
2011-02-09 13:00:00,B3688,0.309,0.0,0.89,47.43,-0.681,7588.8,8347.68,0.99
2011-02-09 14:00:00,B3688,0.173,0.0,0.66,47.43,-0.5169999999999999,7588.8,8347.68,0.69
2011-02-09 15:00:00,B3688,0.173,0.0,0.44,47.43,-0.297,7588.8,8347.68,0.47
2011-02-09 16:00:00,B3688,0.173,0.0,0.0,47.43,0.153,7588.8,8347.68,0.02
2011-02-09 17:00:00,B3688,0.309,0.0,0.0,47.43,0.309,7588.8,8347.68,0.0
2011-02-09 18:00:00,B3688,1.13,0.0,0.0,47.43,1.13,7588.8,8347.68,0.0
2011-02-09 19:00:00,B3688,1.403,0.0,0.0,47.43,1.403,7588.8,8347.68,0.0
2011-02-09 20:00:00,B3688,0.31,0.0,0.0,47.43,0.31,7588.8,8347.68,0.0
2011-02-09 21:00:00,B3688,0.308,0.0,0.0,47.43,0.308,7588.8,8347.68,0.0
2011-02-09 22:00:00,B3688,0.308,0.0,0.0,47.43,0.308,7588.8,8347.68,0.0
2011-02-09 23:00:00,B3688,0.171,0.0,0.0,47.43,0.171,7588.8,8347.68,0.0
2011-02-10 00:00:00,B3688,2.571,2.4,0.0,47.43,2.571,7588.8,8347.68,0.0
2011-02-10 01:00:00,B3688,2.571,2.4,0.0,47.43,2.571,7588.8,8347.68,0.0
2011-02-10 02:00:00,B3688,2.571,2.4,0.0,47.43,2.571,7588.8,8347.68,0.0
2011-02-10 03:00:00,B3688,2.571,2.4,0.0,47.43,2.571,7588.8,8347.68,0.0
2011-02-10 04:00:00,B3688,2.571,2.4,0.0,47.43,2.571,7588.8,8347.68,0.0
2011-02-10 05:00:00,B3688,0.308,0.0,0.0,47.43,0.308,7588.8,8347.68,0.0
2011-02-10 06:00:00,B3688,1.13,0.0,0.0,47.43,1.13,7588.8,8347.68,0.0
2011-02-10 07:00:00,B3688,0.31,0.0,0.0,47.43,0.31,7588.8,8347.68,0.0
2011-02-10 08:00:00,B3688,0.173,0.0,0.0,47.43,0.09299999999999999,7588.8,8347.68,0.08
2011-02-10 09:00:00,B3688,0.173,0.0,0.57,47.43,-0.5269999999999999,7588.8,8347.68,0.7
2011-02-10 10:00:00,B3688,0.173,0.0,0.83,47.43,-0.8069999999999999,7588.8,8347.68,0.98
2011-02-10 11:00:00,B3688,0.173,0.0,1.03,47.43,-0.9969999999999999,7588.8,8347.68,1.17
2011-02-10 12:00:00,B3688,1.13,0.0,0.96,47.43,0.039999999999999813,7588.8,8347.68,1.09
2011-02-10 13:00:00,B3688,0.309,0.0,0.81,47.43,-0.611,7588.8,8347.68,0.92
2011-02-10 14:00:00,B3688,0.173,0.0,0.63,47.43,-0.48700000000000004,7588.8,8347.68,0.66
2011-02-10 15:00:00,B3688,0.173,0.0,0.47,47.43,-0.327,7588.8,8347.68,0.5
2011-02-10 16:00:00,B3688,0.173,0.0,0.29,47.43,-0.137,7588.8,8347.68,0.31
2011-02-10 17:00:00,B3688,0.309,0.0,0.0,47.43,0.309,7588.8,8347.68,0.0
2011-02-10 18:00:00,B3688,1.13,0.0,0.0,47.43,1.13,7588.8,8347.68,0.0
2011-02-10 19:00:00,B3688,1.403,0.0,0.0,47.43,1.403,7588.8,8347.68,0.0
2011-02-10 20:00:00,B3688,0.31,0.0,0.0,47.43,0.31,7588.8,8347.68,0.0
2011-02-10 21:00:00,B3688,0.308,0.0,0.0,47.43,0.308,7588.8,8347.68,0.0
2011-02-10 22:00:00,B3688,0.308,0.0,0.0,47.43,0.308,7588.8,8347.68,0.0
2011-02-10 23:00:00,B3688,0.171,0.0,0.0,47.43,0.171,7588.8,8347.68,0.0
2011-02-11 00:00:00,B3688,2.571,2.4,0.0,47.43,2.571,7588.8,8347.68,0.0
2011-02-11 01:00:00,B3688,2.571,2.4,0.0,47.43,2.571,7588.8,8347.68,0.0
2011-02-11 02:00:00,B3688,2.571,2.4,0.0,47.43,2.571,7588.8,8347.68,0.0
2011-02-11 03:00:00,B3688,2.571,2.4,0.0,47.43,2.571,7588.8,8347.68,0.0
2011-02-11 04:00:00,B3688,2.571,2.4,0.0,47.43,2.571,7588.8,8347.68,0.0
2011-02-11 05:00:00,B3688,0.308,0.0,0.0,47.43,0.308,7588.8,8347.68,0.0
2011-02-11 06:00:00,B3688,1.13,0.0,0.0,47.43,1.13,7588.8,8347.68,0.0
2011-02-11 07:00:00,B3688,0.31,0.0,0.0,47.43,0.31,7588.8,8347.68,0.0
2011-02-11 08:00:00,B3688,0.173,0.0,0.34,47.43,-0.28700000000000003,7588.8,8347.68,0.46
2011-02-11 09:00:00,B3688,0.173,0.0,0.58,47.43,-0.607,7588.8,8347.68,0.78
2011-02-11 10:00:00,B3688,0.173,0.0,0.71,47.43,-0.6970000000000001,7588.8,8347.68,0.87
2011-02-11 11:00:00,B3688,0.173,0.0,0.81,47.43,-0.7370000000000001,7588.8,8347.68,0.91
2011-02-11 12:00:00,B3688,1.13,0.0,0.89,47.43,0.15999999999999992,7588.8,8347.68,0.97
2011-02-11 13:00:00,B3688,0.309,0.0,0.91,47.43,-0.7010000000000001,7588.8,8347.68,1.01
2011-02-11 14:00:00,B3688,0.173,0.0,0.92,47.43,-0.867,7588.8,8347.68,1.04
2011-02-11 15:00:00,B3688,0.173,0.0,0.73,47.43,-0.637,7588.8,8347.68,0.81
2011-02-11 16:00:00,B3688,0.173,0.0,0.4,47.43,-0.307,7588.8,8347.68,0.48
2011-02-11 17:00:00,B3688,0.309,0.0,0.0,47.43,0.279,7588.8,8347.68,0.03
2011-02-11 18:00:00,B3688,1.13,0.0,0.0,47.43,1.13,7588.8,8347.68,0.0
2011-02-11 19:00:00,B3688,1.403,0.0,0.0,47.43,1.403,7588.8,8347.68,0.0
2011-02-11 20:00:00,B3688,0.31,0.0,0.0,47.43,0.31,7588.8,8347.68,0.0
2011-02-11 21:00:00,B3688,0.308,0.0,0.0,47.43,0.308,7588.8,8347.68,0.0
2011-02-11 22:00:00,B3688,0.308,0.0,0.0,47.43,0.308,7588.8,8347.68,0.0
2011-02-11 23:00:00,B3688,0.171,0.0,0.0,47.43,0.171,7588.8,8347.68,0.0
2011-02-12 00:00:00,B3688,0.171,0.0,0.0,47.43,0.171,7588.8,8347.68,0.0
2011-02-12 01:00:00,B3688,0.171,0.0,0.0,47.43,0.171,7588.8,8347.68,0.0
2011-02-12 02:00:00,B3688,0.171,0.0,0.0,47.43,0.171,7588.8,8347.68,0.0
2011-02-12 03:00:00,B3688,0.171,0.0,0.0,47.43,0.171,7588.8,8347.68,0.0
2011-02-12 04:00:00,B3688,0.171,0.0,0.0,47.43,0.171,7588.8,8347.68,0.0
2011-02-12 05:00:00,B3688,0.308,0.0,0.0,47.43,0.308,7588.8,8347.68,0.0
2011-02-12 06:00:00,B3688,1.129,0.0,0.0,47.43,1.129,7588.8,8347.68,0.0
2011-02-12 07:00:00,B3688,0.309,0.0,0.0,47.43,0.309,7588.8,8347.68,0.0
2011-02-12 08:00:00,B3688,2.573,2.4,0.0,47.43,2.573,7588.8,8347.68,0.0
2011-02-12 09:00:00,B3688,2.573,2.4,0.42,47.43,2.153,7588.8,8347.68,0.42
2011-02-12 10:00:00,B3688,2.573,2.4,0.43,47.43,2.143,7588.8,8347.68,0.43
2011-02-12 11:00:00,B3688,2.573,2.4,0.41,47.43,2.163,7588.8,8347.68,0.41
2011-02-12 12:00:00,B3688,3.53,2.4,0.51,47.43,3.0199999999999996,7588.8,8347.68,0.51
2011-02-12 13:00:00,B3688,0.31,0.0,0.55,47.43,-0.25000000000000006,7588.8,8347.68,0.56
2011-02-12 14:00:00,B3688,0.173,0.0,0.38,47.43,-0.20700000000000002,7588.8,8347.68,0.38
2011-02-12 15:00:00,B3688,0.173,0.0,0.0,47.43,0.173,7588.8,8347.68,0.0
2011-02-12 16:00:00,B3688,0.173,0.0,0.0,47.43,0.173,7588.8,8347.68,0.0
2011-02-12 17:00:00,B3688,0.31,0.0,0.0,47.43,0.31,7588.8,8347.68,0.0
2011-02-12 18:00:00,B3688,1.13,0.0,0.0,47.43,1.13,7588.8,8347.68,0.0
2011-02-12 19:00:00,B3688,1.403,0.0,0.0,47.43,1.403,7588.8,8347.68,0.0
2011-02-12 20:00:00,B3688,0.309,0.0,0.0,47.43,0.309,7588.8,8347.68,0.0
2011-02-12 21:00:00,B3688,0.308,0.0,0.0,47.43,0.308,7588.8,8347.68,0.0
2011-02-12 22:00:00,B3688,0.308,0.0,0.0,47.43,0.308,7588.8,8347.68,0.0
2011-02-12 23:00:00,B3688,0.171,0.0,0.0,47.43,0.171,7588.8,8347.68,0.0
2011-02-13 00:00:00,B3688,0.171,0.0,0.0,47.43,0.171,7588.8,8347.68,0.0
2011-02-13 01:00:00,B3688,0.171,0.0,0.0,47.43,0.171,7588.8,8347.68,0.0
2011-02-13 02:00:00,B3688,0.171,0.0,0.0,47.43,0.171,7588.8,8347.68,0.0
2011-02-13 03:00:00,B3688,0.171,0.0,0.0,47.43,0.171,7588.8,8347.68,0.0
2011-02-13 04:00:00,B3688,0.171,0.0,0.0,47.43,0.171,7588.8,8347.68,0.0
2011-02-13 05:00:00,B3688,0.308,0.0,0.0,47.43,0.308,7588.8,8347.68,0.0
2011-02-13 06:00:00,B3688,1.129,0.0,0.0,47.43,1.129,7588.8,8347.68,0.0
2011-02-13 07:00:00,B3688,0.309,0.0,0.0,47.43,0.309,7588.8,8347.68,0.0
2011-02-13 08:00:00,B3688,2.573,2.4,0.0,47.43,2.573,7588.8,8347.68,0.0
2011-02-13 09:00:00,B3688,2.573,2.4,0.0,47.43,2.573,7588.8,8347.68,0.0
2011-02-13 10:00:00,B3688,2.573,2.4,0.34,47.43,2.233,7588.8,8347.68,0.34
2011-02-13 11:00:00,B3688,2.573,2.4,0.46,47.43,2.113,7588.8,8347.68,0.46
2011-02-13 12:00:00,B3688,3.53,2.4,0.52,47.43,3.01,7588.8,8347.68,0.52
2011-02-13 13:00:00,B3688,0.31,0.0,0.58,47.43,-0.26999999999999996,7588.8,8347.68,0.58
2011-02-13 14:00:00,B3688,0.173,0.0,0.53,47.43,-0.35700000000000004,7588.8,8347.68,0.53
2011-02-13 15:00:00,B3688,0.173,0.0,0.35,47.43,-0.177,7588.8,8347.68,0.35
2011-02-13 16:00:00,B3688,0.173,0.0,0.0,47.43,0.173,7588.8,8347.68,0.0
2011-02-13 17:00:00,B3688,0.309,0.0,0.0,47.43,0.309,7588.8,8347.68,0.0
2011-02-13 18:00:00,B3688,1.13,0.0,0.0,47.43,1.13,7588.8,8347.68,0.0
2011-02-13 19:00:00,B3688,1.403,0.0,0.0,47.43,1.403,7588.8,8347.68,0.0
2011-02-13 20:00:00,B3688,0.309,0.0,0.0,47.43,0.309,7588.8,8347.68,0.0
2011-02-13 21:00:00,B3688,0.308,0.0,0.0,47.43,0.308,7588.8,8347.68,0.0
2011-02-13 22:00:00,B3688,0.308,0.0,0.0,47.43,0.308,7588.8,8347.68,0.0
2011-02-13 23:00:00,B3688,0.171,0.0,0.0,47.43,0.171,7588.8,8347.68,0.0
2011-02-14 00:00:00,B3688,2.571,2.4,0.0,47.43,2.571,7588.8,8347.68,0.0
2011-02-14 01:00:00,B3688,2.571,2.4,0.0,47.43,2.571,7588.8,8347.68,0.0
2011-02-14 02:00:00,B3688,2.571,2.4,0.0,47.43,2.571,7588.8,8347.68,0.0
2011-02-14 03:00:00,B3688,2.571,2.4,0.0,47.43,2.571,7588.8,8347.68,0.0
2011-02-14 04:00:00,B3688,2.571,2.4,0.0,47.43,2.571,7588.8,8347.68,0.0
2011-02-14 05:00:00,B3688,0.308,0.0,0.0,47.43,0.308,7588.8,8347.68,0.0
2011-02-14 06:00:00,B3688,1.13,0.0,0.0,47.43,1.13,7588.8,8347.68,0.0
2011-02-14 07:00:00,B3688,0.31,0.0,0.0,47.43,0.31,7588.8,8347.68,0.0
2011-02-14 08:00:00,B3688,0.173,0.0,0.29,47.43,-0.277,7588.8,8347.68,0.45
2011-02-14 09:00:00,B3688,0.173,0.0,0.56,47.43,-0.597,7588.8,8347.68,0.77
2011-02-14 10:00:00,B3688,0.173,0.0,0.8,47.43,-0.8069999999999999,7588.8,8347.68,0.98
2011-02-14 11:00:00,B3688,0.173,0.0,0.76,47.43,-0.677,7588.8,8347.68,0.85
2011-02-14 12:00:00,B3688,1.131,0.0,0.84,47.43,0.22099999999999997,7588.8,8347.68,0.91
2011-02-14 13:00:00,B3688,0.309,0.0,0.99,47.43,-0.7810000000000001,7588.8,8347.68,1.09
2011-02-14 14:00:00,B3688,0.173,0.0,0.91,47.43,-0.857,7588.8,8347.68,1.03
2011-02-14 15:00:00,B3688,0.173,0.0,0.67,47.43,-0.607,7588.8,8347.68,0.78
2011-02-14 16:00:00,B3688,0.173,0.0,0.45,47.43,-0.37700000000000006,7588.8,8347.68,0.55
2011-02-14 17:00:00,B3688,0.309,0.0,0.0,47.43,0.279,7588.8,8347.68,0.03
2011-02-14 18:00:00,B3688,1.131,0.0,0.0,47.43,1.131,7588.8,8347.68,0.0
2011-02-14 19:00:00,B3688,1.405,0.0,0.0,47.43,1.405,7588.8,8347.68,0.0
2011-02-14 20:00:00,B3688,0.31,0.0,0.0,47.43,0.31,7588.8,8347.68,0.0
2011-02-14 21:00:00,B3688,0.308,0.0,0.0,47.43,0.308,7588.8,8347.68,0.0
2011-02-14 22:00:00,B3688,0.308,0.0,0.0,47.43,0.308,7588.8,8347.68,0.0
2011-02-14 23:00:00,B3688,0.171,0.0,0.0,47.43,0.171,7588.8,8347.68,0.0
2011-02-15 00:00:00,B3688,2.571,2.4,0.0,47.43,2.571,7588.8,8347.68,0.0
2011-02-15 01:00:00,B3688,2.571,2.4,0.0,47.43,2.571,7588.8,8347.68,0.0
2011-02-15 02:00:00,B3688,2.571,2.4,0.0,47.43,2.571,7588.8,8347.68,0.0
2011-02-15 03:00:00,B3688,2.571,2.4,0.0,47.43,2.571,7588.8,8347.68,0.0
2011-02-15 04:00:00,B3688,2.571,2.4,0.0,47.43,2.571,7588.8,8347.68,0.0
2011-02-15 05:00:00,B3688,0.308,0.0,0.0,47.43,0.308,7588.8,8347.68,0.0
2011-02-15 06:00:00,B3688,1.131,0.0,0.0,47.43,1.131,7588.8,8347.68,0.0
2011-02-15 07:00:00,B3688,0.31,0.0,0.0,47.43,0.31,7588.8,8347.68,0.0
2011-02-15 08:00:00,B3688,0.173,0.0,0.33,47.43,-0.36700000000000005,7588.8,8347.68,0.54
2011-02-15 09:00:00,B3688,0.173,0.0,0.64,47.43,-0.7070000000000001,7588.8,8347.68,0.88
2011-02-15 10:00:00,B3688,0.173,0.0,0.77,47.43,-0.7769999999999999,7588.8,8347.68,0.95
2011-02-15 11:00:00,B3688,0.173,0.0,0.8,47.43,-0.7270000000000001,7588.8,8347.68,0.9
2011-02-15 12:00:00,B3688,1.131,0.0,0.82,47.43,0.241,7588.8,8347.68,0.89
2011-02-15 13:00:00,B3688,0.309,0.0,0.76,47.43,-0.5309999999999999,7588.8,8347.68,0.84
2011-02-15 14:00:00,B3688,0.173,0.0,0.68,47.43,-0.607,7588.8,8347.68,0.78
2011-02-15 15:00:00,B3688,0.173,0.0,0.55,47.43,-0.467,7588.8,8347.68,0.64
2011-02-15 16:00:00,B3688,0.173,0.0,0.38,47.43,-0.307,7588.8,8347.68,0.48
2011-02-15 17:00:00,B3688,0.309,0.0,0.06,47.43,0.219,7588.8,8347.68,0.09
2011-02-15 18:00:00,B3688,1.131,0.0,0.0,47.43,1.131,7588.8,8347.68,0.0
2011-02-15 19:00:00,B3688,1.405,0.0,0.0,47.43,1.405,7588.8,8347.68,0.0
2011-02-15 20:00:00,B3688,0.31,0.0,0.0,47.43,0.31,7588.8,8347.68,0.0
2011-02-15 21:00:00,B3688,0.308,0.0,0.0,47.43,0.308,7588.8,8347.68,0.0
2011-02-15 22:00:00,B3688,0.308,0.0,0.0,47.43,0.308,7588.8,8347.68,0.0
2011-02-15 23:00:00,B3688,0.171,0.0,0.0,47.43,0.171,7588.8,8347.68,0.0
2011-02-16 00:00:00,B3688,2.571,2.4,0.0,47.43,2.571,7588.8,8347.68,0.0
2011-02-16 01:00:00,B3688,2.571,2.4,0.0,47.43,2.571,7588.8,8347.68,0.0
2011-02-16 02:00:00,B3688,2.571,2.4,0.0,47.43,2.571,7588.8,8347.68,0.0
2011-02-16 03:00:00,B3688,2.571,2.4,0.0,47.43,2.571,7588.8,8347.68,0.0
2011-02-16 04:00:00,B3688,2.571,2.4,0.0,47.43,2.571,7588.8,8347.68,0.0
2011-02-16 05:00:00,B3688,0.308,0.0,0.0,47.43,0.308,7588.8,8347.68,0.0
2011-02-16 06:00:00,B3688,1.131,0.0,0.0,47.43,1.131,7588.8,8347.68,0.0
2011-02-16 07:00:00,B3688,0.31,0.0,0.0,47.43,0.31,7588.8,8347.68,0.0
2011-02-16 08:00:00,B3688,0.173,0.0,0.28,47.43,-0.337,7588.8,8347.68,0.51
2011-02-16 09:00:00,B3688,0.173,0.0,0.43,47.43,-0.48700000000000004,7588.8,8347.68,0.66
2011-02-16 10:00:00,B3688,0.173,0.0,0.54,47.43,-0.5369999999999999,7588.8,8347.68,0.71
2011-02-16 11:00:00,B3688,0.173,0.0,0.66,47.43,-0.567,7588.8,8347.68,0.74
2011-02-16 12:00:00,B3688,1.131,0.0,0.77,47.43,0.30100000000000005,7588.8,8347.68,0.83
2011-02-16 13:00:00,B3688,0.309,0.0,0.78,47.43,-0.5509999999999999,7588.8,8347.68,0.86
2011-02-16 14:00:00,B3688,0.173,0.0,0.69,47.43,-0.617,7588.8,8347.68,0.79
2011-02-16 15:00:00,B3688,0.173,0.0,0.55,47.43,-0.47700000000000004,7588.8,8347.68,0.65
2011-02-16 16:00:00,B3688,0.173,0.0,0.38,47.43,-0.307,7588.8,8347.68,0.48
2011-02-16 17:00:00,B3688,0.309,0.0,0.12,47.43,0.149,7588.8,8347.68,0.16
2011-02-16 18:00:00,B3688,1.131,0.0,0.0,47.43,1.131,7588.8,8347.68,0.0
2011-02-16 19:00:00,B3688,1.405,0.0,0.0,47.43,1.405,7588.8,8347.68,0.0
2011-02-16 20:00:00,B3688,0.31,0.0,0.0,47.43,0.31,7588.8,8347.68,0.0
2011-02-16 21:00:00,B3688,0.308,0.0,0.0,47.43,0.308,7588.8,8347.68,0.0
2011-02-16 22:00:00,B3688,0.308,0.0,0.0,47.43,0.308,7588.8,8347.68,0.0
2011-02-16 23:00:00,B3688,0.171,0.0,0.0,47.43,0.171,7588.8,8347.68,0.0
2011-02-17 00:00:00,B3688,2.571,2.4,0.0,47.43,2.571,7588.8,8347.68,0.0
2011-02-17 01:00:00,B3688,2.571,2.4,0.0,47.43,2.571,7588.8,8347.68,0.0
2011-02-17 02:00:00,B3688,2.571,2.4,0.0,47.43,2.571,7588.8,8347.68,0.0
2011-02-17 03:00:00,B3688,2.571,2.4,0.0,47.43,2.571,7588.8,8347.68,0.0
2011-02-17 04:00:00,B3688,2.571,2.4,0.0,47.43,2.571,7588.8,8347.68,0.0
2011-02-17 05:00:00,B3688,0.308,0.0,0.0,47.43,0.308,7588.8,8347.68,0.0
2011-02-17 06:00:00,B3688,1.131,0.0,0.0,47.43,1.131,7588.8,8347.68,0.0
2011-02-17 07:00:00,B3688,0.31,0.0,0.0,47.43,0.31,7588.8,8347.68,0.0
2011-02-17 08:00:00,B3688,0.173,0.0,0.44,47.43,-0.437,7588.8,8347.68,0.61
2011-02-17 09:00:00,B3688,0.173,0.0,0.89,47.43,-0.937,7588.8,8347.68,1.11
2011-02-17 10:00:00,B3688,0.173,0.0,1.32,47.43,-1.387,7588.8,8347.68,1.56
2011-02-17 11:00:00,B3688,0.173,0.0,1.36,47.43,-1.377,7588.8,8347.68,1.55
2011-02-17 12:00:00,B3688,1.131,0.0,1.31,47.43,-0.33899999999999997,7588.8,8347.68,1.47
2011-02-17 13:00:00,B3688,0.309,0.0,1.24,47.43,-1.071,7588.8,8347.68,1.38
2011-02-17 14:00:00,B3688,0.173,0.0,0.88,47.43,-0.827,7588.8,8347.68,1.0
2011-02-17 15:00:00,B3688,0.173,0.0,0.5,47.43,-0.327,7588.8,8347.68,0.5
2011-02-17 16:00:00,B3688,0.173,0.0,0.0,47.43,0.173,7588.8,8347.68,0.0
2011-02-17 17:00:00,B3688,0.309,0.0,0.0,47.43,0.309,7588.8,8347.68,0.0
2011-02-17 18:00:00,B3688,1.131,0.0,0.0,47.43,1.131,7588.8,8347.68,0.0
2011-02-17 19:00:00,B3688,1.405,0.0,0.0,47.43,1.405,7588.8,8347.68,0.0
2011-02-17 20:00:00,B3688,0.31,0.0,0.0,47.43,0.31,7588.8,8347.68,0.0
2011-02-17 21:00:00,B3688,0.308,0.0,0.0,47.43,0.308,7588.8,8347.68,0.0
2011-02-17 22:00:00,B3688,0.308,0.0,0.0,47.43,0.308,7588.8,8347.68,0.0
2011-02-17 23:00:00,B3688,0.171,0.0,0.0,47.43,0.171,7588.8,8347.68,0.0
2011-02-18 00:00:00,B3688,2.571,2.4,0.0,47.43,2.571,7588.8,8347.68,0.0
2011-02-18 01:00:00,B3688,2.571,2.4,0.0,47.43,2.571,7588.8,8347.68,0.0
2011-02-18 02:00:00,B3688,2.571,2.4,0.0,47.43,2.571,7588.8,8347.68,0.0
2011-02-18 03:00:00,B3688,2.571,2.4,0.0,47.43,2.571,7588.8,8347.68,0.0
2011-02-18 04:00:00,B3688,2.571,2.4,0.0,47.43,2.571,7588.8,8347.68,0.0
2011-02-18 05:00:00,B3688,0.308,0.0,0.0,47.43,0.308,7588.8,8347.68,0.0
2011-02-18 06:00:00,B3688,1.131,0.0,0.0,47.43,1.131,7588.8,8347.68,0.0
2011-02-18 07:00:00,B3688,0.31,0.0,0.0,47.43,0.31,7588.8,8347.68,0.0
2011-02-18 08:00:00,B3688,0.173,0.0,0.42,47.43,-0.48700000000000004,7588.8,8347.68,0.66
2011-02-18 09:00:00,B3688,0.173,0.0,0.67,47.43,-0.7570000000000001,7588.8,8347.68,0.93
2011-02-18 10:00:00,B3688,0.173,0.0,0.74,47.43,-0.7570000000000001,7588.8,8347.68,0.93
2011-02-18 11:00:00,B3688,0.173,0.0,0.85,47.43,-0.7669999999999999,7588.8,8347.68,0.94
2011-02-18 12:00:00,B3688,1.131,0.0,1.0,47.43,0.050999999999999934,7588.8,8347.68,1.08
2011-02-18 13:00:00,B3688,0.309,0.0,1.03,47.43,-0.821,7588.8,8347.68,1.13
2011-02-18 14:00:00,B3688,0.173,0.0,0.94,47.43,-0.887,7588.8,8347.68,1.06
2011-02-18 15:00:00,B3688,0.173,0.0,0.76,47.43,-0.7170000000000001,7588.8,8347.68,0.89
2011-02-18 16:00:00,B3688,0.173,0.0,0.48,47.43,-0.407,7588.8,8347.68,0.58
2011-02-18 17:00:00,B3688,0.309,0.0,0.0,47.43,0.279,7588.8,8347.68,0.03
2011-02-18 18:00:00,B3688,1.131,0.0,0.0,47.43,1.131,7588.8,8347.68,0.0
2011-02-18 19:00:00,B3688,1.405,0.0,0.0,47.43,1.405,7588.8,8347.68,0.0
2011-02-18 20:00:00,B3688,0.31,0.0,0.0,47.43,0.31,7588.8,8347.68,0.0
2011-02-18 21:00:00,B3688,0.308,0.0,0.0,47.43,0.308,7588.8,8347.68,0.0
2011-02-18 22:00:00,B3688,0.308,0.0,0.0,47.43,0.308,7588.8,8347.68,0.0
2011-02-18 23:00:00,B3688,0.171,0.0,0.0,47.43,0.171,7588.8,8347.68,0.0
2011-02-19 00:00:00,B3688,0.171,0.0,0.0,47.43,0.171,7588.8,8347.68,0.0
2011-02-19 01:00:00,B3688,0.171,0.0,0.0,47.43,0.171,7588.8,8347.68,0.0
2011-02-19 02:00:00,B3688,0.171,0.0,0.0,47.43,0.171,7588.8,8347.68,0.0
2011-02-19 03:00:00,B3688,0.171,0.0,0.0,47.43,0.171,7588.8,8347.68,0.0
2011-02-19 04:00:00,B3688,0.171,0.0,0.0,47.43,0.171,7588.8,8347.68,0.0
2011-02-19 05:00:00,B3688,0.308,0.0,0.0,47.43,0.308,7588.8,8347.68,0.0
2011-02-19 06:00:00,B3688,1.131,0.0,0.0,47.43,1.131,7588.8,8347.68,0.0
2011-02-19 07:00:00,B3688,0.309,0.0,0.0,47.43,0.309,7588.8,8347.68,0.0
2011-02-19 08:00:00,B3688,2.573,2.4,0.29,47.43,2.053,7588.8,8347.68,0.52
2011-02-19 09:00:00,B3688,2.573,2.4,0.44,47.43,1.903,7588.8,8347.68,0.67
2011-02-19 10:00:00,B3688,2.573,2.4,0.56,47.43,1.843,7588.8,8347.68,0.73
2011-02-19 11:00:00,B3688,2.573,2.4,0.72,47.43,1.763,7588.8,8347.68,0.81
2011-02-19 12:00:00,B3688,3.531,2.4,0.85,47.43,2.611,7588.8,8347.68,0.92
2011-02-19 13:00:00,B3688,0.31,0.0,0.86,47.43,-0.6399999999999999,7588.8,8347.68,0.95
2011-02-19 14:00:00,B3688,0.173,0.0,0.77,47.43,-0.6970000000000001,7588.8,8347.68,0.87
2011-02-19 15:00:00,B3688,0.173,0.0,0.6,47.43,-0.5169999999999999,7588.8,8347.68,0.69
2011-02-19 16:00:00,B3688,0.173,0.0,0.39,47.43,-0.317,7588.8,8347.68,0.49
2011-02-19 17:00:00,B3688,0.31,0.0,0.12,47.43,0.16,7588.8,8347.68,0.15
2011-02-19 18:00:00,B3688,1.131,0.0,0.0,47.43,1.131,7588.8,8347.68,0.0
2011-02-19 19:00:00,B3688,1.405,0.0,0.0,47.43,1.405,7588.8,8347.68,0.0
2011-02-19 20:00:00,B3688,0.309,0.0,0.0,47.43,0.309,7588.8,8347.68,0.0
2011-02-19 21:00:00,B3688,0.308,0.0,0.0,47.43,0.308,7588.8,8347.68,0.0
2011-02-19 22:00:00,B3688,0.308,0.0,0.0,47.43,0.308,7588.8,8347.68,0.0
2011-02-19 23:00:00,B3688,0.171,0.0,0.0,47.43,0.171,7588.8,8347.68,0.0
2011-02-20 00:00:00,B3688,0.171,0.0,0.0,47.43,0.171,7588.8,8347.68,0.0
2011-02-20 01:00:00,B3688,0.171,0.0,0.0,47.43,0.171,7588.8,8347.68,0.0
2011-02-20 02:00:00,B3688,0.171,0.0,0.0,47.43,0.171,7588.8,8347.68,0.0
2011-02-20 03:00:00,B3688,0.171,0.0,0.0,47.43,0.171,7588.8,8347.68,0.0
2011-02-20 04:00:00,B3688,0.171,0.0,0.0,47.43,0.171,7588.8,8347.68,0.0
2011-02-20 05:00:00,B3688,0.308,0.0,0.0,47.43,0.308,7588.8,8347.68,0.0
2011-02-20 06:00:00,B3688,1.131,0.0,0.0,47.43,1.131,7588.8,8347.68,0.0
2011-02-20 07:00:00,B3688,0.309,0.0,0.0,47.43,0.309,7588.8,8347.68,0.0
2011-02-20 08:00:00,B3688,2.573,2.4,0.29,47.43,2.043,7588.8,8347.68,0.53
2011-02-20 09:00:00,B3688,2.573,2.4,0.44,47.43,1.8929999999999998,7588.8,8347.68,0.68
2011-02-20 10:00:00,B3688,2.573,2.4,0.57,47.43,1.833,7588.8,8347.68,0.74
2011-02-20 11:00:00,B3688,2.573,2.4,0.76,47.43,1.733,7588.8,8347.68,0.84
2011-02-20 12:00:00,B3688,3.531,2.4,0.88,47.43,2.5810000000000004,7588.8,8347.68,0.95
2011-02-20 13:00:00,B3688,0.31,0.0,0.89,47.43,-0.6599999999999999,7588.8,8347.68,0.97
2011-02-20 14:00:00,B3688,0.173,0.0,0.79,47.43,-0.7170000000000001,7588.8,8347.68,0.89
2011-02-20 15:00:00,B3688,0.173,0.0,0.61,47.43,-0.5369999999999999,7588.8,8347.68,0.71
2011-02-20 16:00:00,B3688,0.173,0.0,0.4,47.43,-0.327,7588.8,8347.68,0.5
2011-02-20 17:00:00,B3688,0.309,0.0,0.12,47.43,0.149,7588.8,8347.68,0.16
2011-02-20 18:00:00,B3688,1.131,0.0,0.0,47.43,1.131,7588.8,8347.68,0.0
2011-02-20 19:00:00,B3688,1.405,0.0,0.0,47.43,1.405,7588.8,8347.68,0.0
2011-02-20 20:00:00,B3688,0.309,0.0,0.0,47.43,0.309,7588.8,8347.68,0.0
2011-02-20 21:00:00,B3688,0.308,0.0,0.0,47.43,0.308,7588.8,8347.68,0.0
2011-02-20 22:00:00,B3688,0.308,0.0,0.0,47.43,0.308,7588.8,8347.68,0.0
2011-02-20 23:00:00,B3688,0.171,0.0,0.0,47.43,0.171,7588.8,8347.68,0.0
2011-02-21 00:00:00,B3688,2.571,2.4,0.0,47.43,2.571,7588.8,8347.68,0.0
2011-02-21 01:00:00,B3688,2.571,2.4,0.0,47.43,2.571,7588.8,8347.68,0.0
2011-02-21 02:00:00,B3688,2.571,2.4,0.0,47.43,2.571,7588.8,8347.68,0.0
2011-02-21 03:00:00,B3688,2.571,2.4,0.0,47.43,2.571,7588.8,8347.68,0.0
2011-02-21 04:00:00,B3688,2.571,2.4,0.0,47.43,2.571,7588.8,8347.68,0.0
2011-02-21 05:00:00,B3688,0.308,0.0,0.0,47.43,0.308,7588.8,8347.68,0.0
2011-02-21 06:00:00,B3688,1.131,0.0,0.0,47.43,1.131,7588.8,8347.68,0.0
2011-02-21 07:00:00,B3688,0.31,0.0,0.0,47.43,0.31,7588.8,8347.68,0.0
2011-02-21 08:00:00,B3688,0.173,0.0,0.29,47.43,-0.35700000000000004,7588.8,8347.68,0.53
2011-02-21 09:00:00,B3688,0.173,0.0,0.47,47.43,-0.5369999999999999,7588.8,8347.68,0.71
2011-02-21 10:00:00,B3688,0.173,0.0,0.65,47.43,-0.647,7588.8,8347.68,0.82
2011-02-21 11:00:00,B3688,0.173,0.0,0.83,47.43,-0.7570000000000001,7588.8,8347.68,0.93
2011-02-21 12:00:00,B3688,1.131,0.0,0.96,47.43,0.10099999999999998,7588.8,8347.68,1.03
2011-02-21 13:00:00,B3688,0.309,0.0,0.97,47.43,-0.7410000000000001,7588.8,8347.68,1.05
2011-02-21 14:00:00,B3688,0.173,0.0,0.84,47.43,-0.7669999999999999,7588.8,8347.68,0.94
2011-02-21 15:00:00,B3688,0.173,0.0,0.64,47.43,-0.567,7588.8,8347.68,0.74
2011-02-21 16:00:00,B3688,0.173,0.0,0.41,47.43,-0.327,7588.8,8347.68,0.5
2011-02-21 17:00:00,B3688,0.309,0.0,0.0,47.43,0.279,7588.8,8347.68,0.03
2011-02-21 18:00:00,B3688,1.131,0.0,0.0,47.43,1.131,7588.8,8347.68,0.0
2011-02-21 19:00:00,B3688,1.405,0.0,0.0,47.43,1.405,7588.8,8347.68,0.0
2011-02-21 20:00:00,B3688,0.31,0.0,0.0,47.43,0.31,7588.8,8347.68,0.0
2011-02-21 21:00:00,B3688,0.308,0.0,0.0,47.43,0.308,7588.8,8347.68,0.0
2011-02-21 22:00:00,B3688,0.308,0.0,0.0,47.43,0.308,7588.8,8347.68,0.0
2011-02-21 23:00:00,B3688,0.171,0.0,0.0,47.43,0.171,7588.8,8347.68,0.0
2011-02-22 00:00:00,B3688,2.571,2.4,0.0,47.43,2.571,7588.8,8347.68,0.0
2011-02-22 01:00:00,B3688,2.571,2.4,0.0,47.43,2.571,7588.8,8347.68,0.0
2011-02-22 02:00:00,B3688,2.571,2.4,0.0,47.43,2.571,7588.8,8347.68,0.0
2011-02-22 03:00:00,B3688,2.571,2.4,0.0,47.43,2.571,7588.8,8347.68,0.0
2011-02-22 04:00:00,B3688,2.571,2.4,0.0,47.43,2.571,7588.8,8347.68,0.0
2011-02-22 05:00:00,B3688,0.308,0.0,0.0,47.43,0.308,7588.8,8347.68,0.0
2011-02-22 06:00:00,B3688,1.131,0.0,0.0,47.43,1.131,7588.8,8347.68,0.0
2011-02-22 07:00:00,B3688,0.31,0.0,0.0,47.43,0.31,7588.8,8347.68,0.0
2011-02-22 08:00:00,B3688,0.173,0.0,0.29,47.43,-0.35700000000000004,7588.8,8347.68,0.53
2011-02-22 09:00:00,B3688,0.173,0.0,0.45,47.43,-0.5169999999999999,7588.8,8347.68,0.69
2011-02-22 10:00:00,B3688,0.173,0.0,0.61,47.43,-0.607,7588.8,8347.68,0.78
2011-02-22 11:00:00,B3688,0.173,0.0,0.82,47.43,-0.7370000000000001,7588.8,8347.68,0.91
2011-02-22 12:00:00,B3688,1.131,0.0,0.96,47.43,0.11099999999999999,7588.8,8347.68,1.02
2011-02-22 13:00:00,B3688,0.309,0.0,0.95,47.43,-0.7210000000000001,7588.8,8347.68,1.03
2011-02-22 14:00:00,B3688,0.173,0.0,0.84,47.43,-0.7570000000000001,7588.8,8347.68,0.93
2011-02-22 15:00:00,B3688,0.173,0.0,0.66,47.43,-0.587,7588.8,8347.68,0.76
2011-02-22 16:00:00,B3688,0.173,0.0,0.43,47.43,-0.35700000000000004,7588.8,8347.68,0.53
2011-02-22 17:00:00,B3688,0.309,0.0,0.13,47.43,0.149,7588.8,8347.68,0.16
2011-02-22 18:00:00,B3688,1.131,0.0,0.0,47.43,1.131,7588.8,8347.68,0.0
2011-02-22 19:00:00,B3688,1.405,0.0,0.0,47.43,1.405,7588.8,8347.68,0.0
2011-02-22 20:00:00,B3688,0.31,0.0,0.0,47.43,0.31,7588.8,8347.68,0.0
2011-02-22 21:00:00,B3688,0.308,0.0,0.0,47.43,0.308,7588.8,8347.68,0.0
2011-02-22 22:00:00,B3688,0.308,0.0,0.0,47.43,0.308,7588.8,8347.68,0.0
2011-02-22 23:00:00,B3688,0.171,0.0,0.0,47.43,0.171,7588.8,8347.68,0.0
2011-02-23 00:00:00,B3688,2.571,2.4,0.0,47.43,2.571,7588.8,8347.68,0.0
2011-02-23 01:00:00,B3688,2.571,2.4,0.0,47.43,2.571,7588.8,8347.68,0.0
2011-02-23 02:00:00,B3688,2.571,2.4,0.0,47.43,2.571,7588.8,8347.68,0.0
2011-02-23 03:00:00,B3688,2.571,2.4,0.0,47.43,2.571,7588.8,8347.68,0.0
2011-02-23 04:00:00,B3688,2.571,2.4,0.0,47.43,2.571,7588.8,8347.68,0.0
2011-02-23 05:00:00,B3688,0.308,0.0,0.0,47.43,0.308,7588.8,8347.68,0.0
2011-02-23 06:00:00,B3688,1.131,0.0,0.0,47.43,1.131,7588.8,8347.68,0.0
2011-02-23 07:00:00,B3688,0.31,0.0,0.0,47.43,0.31,7588.8,8347.68,0.0
2011-02-23 08:00:00,B3688,0.173,0.0,0.49,47.43,-0.5569999999999999,7588.8,8347.68,0.73
2011-02-23 09:00:00,B3688,0.173,0.0,0.83,47.43,-0.937,7588.8,8347.68,1.11
2011-02-23 10:00:00,B3688,0.173,0.0,1.3,47.43,-1.387,7588.8,8347.68,1.56
2011-02-23 11:00:00,B3688,0.173,0.0,1.77,47.43,-1.807,7588.8,8347.68,1.98
2011-02-23 12:00:00,B3688,1.131,0.0,1.95,47.43,-0.9989999999999999,7588.8,8347.68,2.13
2011-02-23 13:00:00,B3688,0.309,0.0,1.76,47.43,-1.611,7588.8,8347.68,1.92
2011-02-23 14:00:00,B3688,0.173,0.0,1.51,47.43,-1.4969999999999999,7588.8,8347.68,1.67
2011-02-23 15:00:00,B3688,0.173,0.0,1.16,47.43,-1.147,7588.8,8347.68,1.32
2011-02-23 16:00:00,B3688,0.173,0.0,0.69,47.43,-0.607,7588.8,8347.68,0.78
2011-02-23 17:00:00,B3688,0.309,0.0,0.0,47.43,0.279,7588.8,8347.68,0.03
2011-02-23 18:00:00,B3688,1.131,0.0,0.0,47.43,1.131,7588.8,8347.68,0.0
2011-02-23 19:00:00,B3688,1.405,0.0,0.0,47.43,1.405,7588.8,8347.68,0.0
2011-02-23 20:00:00,B3688,0.31,0.0,0.0,47.43,0.31,7588.8,8347.68,0.0
2011-02-23 21:00:00,B3688,0.308,0.0,0.0,47.43,0.308,7588.8,8347.68,0.0
2011-02-23 22:00:00,B3688,0.308,0.0,0.0,47.43,0.308,7588.8,8347.68,0.0
2011-02-23 23:00:00,B3688,0.171,0.0,0.0,47.43,0.171,7588.8,8347.68,0.0
2011-02-24 00:00:00,B3688,2.571,2.4,0.0,47.43,2.571,7588.8,8347.68,0.0
2011-02-24 01:00:00,B3688,2.571,2.4,0.0,47.43,2.571,7588.8,8347.68,0.0
2011-02-24 02:00:00,B3688,2.571,2.4,0.0,47.43,2.571,7588.8,8347.68,0.0
2011-02-24 03:00:00,B3688,2.571,2.4,0.0,47.43,2.571,7588.8,8347.68,0.0
2011-02-24 04:00:00,B3688,2.571,2.4,0.0,47.43,2.571,7588.8,8347.68,0.0
2011-02-24 05:00:00,B3688,0.308,0.0,0.0,47.43,0.308,7588.8,8347.68,0.0
2011-02-24 06:00:00,B3688,1.131,0.0,0.0,47.43,1.131,7588.8,8347.68,0.0
2011-02-24 07:00:00,B3688,0.31,0.0,0.0,47.43,0.31,7588.8,8347.68,0.0
2011-02-24 08:00:00,B3688,0.173,0.0,0.46,47.43,-0.48700000000000004,7588.8,8347.68,0.66
2011-02-24 09:00:00,B3688,0.173,0.0,0.7,47.43,-0.7070000000000001,7588.8,8347.68,0.88
2011-02-24 10:00:00,B3688,0.173,0.0,0.79,47.43,-0.7570000000000001,7588.8,8347.68,0.93
2011-02-24 11:00:00,B3688,0.173,0.0,0.84,47.43,-0.7669999999999999,7588.8,8347.68,0.94
2011-02-24 12:00:00,B3688,1.131,0.0,1.0,47.43,0.050999999999999934,7588.8,8347.68,1.08
2011-02-24 13:00:00,B3688,0.309,0.0,1.05,47.43,-0.831,7588.8,8347.68,1.14
2011-02-24 14:00:00,B3688,0.173,0.0,0.86,47.43,-0.7869999999999999,7588.8,8347.68,0.96
2011-02-24 15:00:00,B3688,0.173,0.0,0.7,47.43,-0.607,7588.8,8347.68,0.78
2011-02-24 16:00:00,B3688,0.173,0.0,0.44,47.43,-0.337,7588.8,8347.68,0.51
2011-02-24 17:00:00,B3688,0.309,0.0,0.0,47.43,0.289,7588.8,8347.68,0.02
2011-02-24 18:00:00,B3688,1.131,0.0,0.0,47.43,1.131,7588.8,8347.68,0.0
2011-02-24 19:00:00,B3688,1.405,0.0,0.0,47.43,1.405,7588.8,8347.68,0.0
2011-02-24 20:00:00,B3688,0.31,0.0,0.0,47.43,0.31,7588.8,8347.68,0.0
2011-02-24 21:00:00,B3688,0.308,0.0,0.0,47.43,0.308,7588.8,8347.68,0.0
2011-02-24 22:00:00,B3688,0.308,0.0,0.0,47.43,0.308,7588.8,8347.68,0.0
2011-02-24 23:00:00,B3688,0.171,0.0,0.0,47.43,0.171,7588.8,8347.68,0.0
2011-02-25 00:00:00,B3688,2.571,2.4,0.0,47.43,2.571,7588.8,8347.68,0.0
2011-02-25 01:00:00,B3688,2.571,2.4,0.0,47.43,2.571,7588.8,8347.68,0.0
2011-02-25 02:00:00,B3688,2.571,2.4,0.0,47.43,2.571,7588.8,8347.68,0.0
2011-02-25 03:00:00,B3688,2.571,2.4,0.0,47.43,2.571,7588.8,8347.68,0.0
2011-02-25 04:00:00,B3688,2.571,2.4,0.0,47.43,2.571,7588.8,8347.68,0.0
2011-02-25 05:00:00,B3688,0.308,0.0,0.0,47.43,0.308,7588.8,8347.68,0.0
2011-02-25 06:00:00,B3688,1.131,0.0,0.0,47.43,1.131,7588.8,8347.68,0.0
2011-02-25 07:00:00,B3688,0.31,0.0,0.0,47.43,0.31,7588.8,8347.68,0.0
2011-02-25 08:00:00,B3688,0.173,0.0,0.4,47.43,-0.457,7588.8,8347.68,0.63
2011-02-25 09:00:00,B3688,0.173,0.0,0.71,47.43,-0.7969999999999999,7588.8,8347.68,0.97
2011-02-25 10:00:00,B3688,0.173,0.0,1.07,47.43,-1.107,7588.8,8347.68,1.28
2011-02-25 11:00:00,B3688,0.173,0.0,1.22,47.43,-1.177,7588.8,8347.68,1.35
2011-02-25 12:00:00,B3688,1.131,0.0,1.36,47.43,-0.33899999999999997,7588.8,8347.68,1.47
2011-02-25 13:00:00,B3688,0.309,0.0,1.48,47.43,-1.3110000000000002,7588.8,8347.68,1.62
2011-02-25 14:00:00,B3688,0.173,0.0,1.37,47.43,-1.347,7588.8,8347.68,1.52
2011-02-25 15:00:00,B3688,0.173,0.0,0.98,47.43,-0.9470000000000001,7588.8,8347.68,1.12
2011-02-25 16:00:00,B3688,0.173,0.0,0.62,47.43,-0.5369999999999999,7588.8,8347.68,0.71
2011-02-25 17:00:00,B3688,0.309,0.0,0.15,47.43,0.119,7588.8,8347.68,0.19
2011-02-25 18:00:00,B3688,1.131,0.0,0.0,47.43,1.131,7588.8,8347.68,0.0
2011-02-25 19:00:00,B3688,1.405,0.0,0.0,47.43,1.405,7588.8,8347.68,0.0
2011-02-25 20:00:00,B3688,0.31,0.0,0.0,47.43,0.31,7588.8,8347.68,0.0
2011-02-25 21:00:00,B3688,0.308,0.0,0.0,47.43,0.308,7588.8,8347.68,0.0
2011-02-25 22:00:00,B3688,0.308,0.0,0.0,47.43,0.308,7588.8,8347.68,0.0
2011-02-25 23:00:00,B3688,0.171,0.0,0.0,47.43,0.171,7588.8,8347.68,0.0
2011-02-26 00:00:00,B3688,0.171,0.0,0.0,47.43,0.171,7588.8,8347.68,0.0
2011-02-26 01:00:00,B3688,0.171,0.0,0.0,47.43,0.171,7588.8,8347.68,0.0
2011-02-26 02:00:00,B3688,0.171,0.0,0.0,47.43,0.171,7588.8,8347.68,0.0
2011-02-26 03:00:00,B3688,0.171,0.0,0.0,47.43,0.171,7588.8,8347.68,0.0
2011-02-26 04:00:00,B3688,0.171,0.0,0.0,47.43,0.171,7588.8,8347.68,0.0
2011-02-26 05:00:00,B3688,0.308,0.0,0.0,47.43,0.308,7588.8,8347.68,0.0
2011-02-26 06:00:00,B3688,1.131,0.0,0.0,47.43,1.131,7588.8,8347.68,0.0
2011-02-26 07:00:00,B3688,0.309,0.0,0.0,47.43,0.309,7588.8,8347.68,0.0
2011-02-26 08:00:00,B3688,2.573,2.4,0.59,47.43,1.843,7588.8,8347.68,0.73
2011-02-26 09:00:00,B3688,2.573,2.4,0.85,47.43,1.543,7588.8,8347.68,1.03
2011-02-26 10:00:00,B3688,2.573,2.4,0.73,47.43,1.763,7588.8,8347.68,0.81
2011-02-26 11:00:00,B3688,2.573,2.4,0.84,47.43,1.6429999999999998,7588.8,8347.68,0.93
2011-02-26 12:00:00,B3688,3.531,2.4,1.38,47.43,2.011,7588.8,8347.68,1.52
2011-02-26 13:00:00,B3688,0.31,0.0,1.54,47.43,-1.3599999999999999,7588.8,8347.68,1.67
2011-02-26 14:00:00,B3688,0.173,0.0,1.21,47.43,-1.157,7588.8,8347.68,1.33
2011-02-26 15:00:00,B3688,0.173,0.0,0.92,47.43,-0.867,7588.8,8347.68,1.04
2011-02-26 16:00:00,B3688,0.173,0.0,0.58,47.43,-0.49700000000000005,7588.8,8347.68,0.67
2011-02-26 17:00:00,B3688,0.31,0.0,0.17,47.43,0.10999999999999999,7588.8,8347.68,0.2
2011-02-26 18:00:00,B3688,1.131,0.0,0.0,47.43,1.131,7588.8,8347.68,0.0
2011-02-26 19:00:00,B3688,1.405,0.0,0.0,47.43,1.405,7588.8,8347.68,0.0
2011-02-26 20:00:00,B3688,0.309,0.0,0.0,47.43,0.309,7588.8,8347.68,0.0
2011-02-26 21:00:00,B3688,0.308,0.0,0.0,47.43,0.308,7588.8,8347.68,0.0
2011-02-26 22:00:00,B3688,0.308,0.0,0.0,47.43,0.308,7588.8,8347.68,0.0
2011-02-26 23:00:00,B3688,0.171,0.0,0.0,47.43,0.171,7588.8,8347.68,0.0
2011-02-27 00:00:00,B3688,0.171,0.0,0.0,47.43,0.171,7588.8,8347.68,0.0
2011-02-27 01:00:00,B3688,0.171,0.0,0.0,47.43,0.171,7588.8,8347.68,0.0
2011-02-27 02:00:00,B3688,0.171,0.0,0.0,47.43,0.171,7588.8,8347.68,0.0
2011-02-27 03:00:00,B3688,0.171,0.0,0.0,47.43,0.171,7588.8,8347.68,0.0
2011-02-27 04:00:00,B3688,0.171,0.0,0.0,47.43,0.171,7588.8,8347.68,0.0
2011-02-27 05:00:00,B3688,0.308,0.0,0.0,47.43,0.308,7588.8,8347.68,0.0
2011-02-27 06:00:00,B3688,1.131,0.0,0.0,47.43,1.131,7588.8,8347.68,0.0
2011-02-27 07:00:00,B3688,0.309,0.0,0.0,47.43,0.309,7588.8,8347.68,0.0
2011-02-27 08:00:00,B3688,2.573,2.4,0.55,47.43,1.773,7588.8,8347.68,0.8
2011-02-27 09:00:00,B3688,2.573,2.4,0.86,47.43,1.413,7588.8,8347.68,1.16
2011-02-27 10:00:00,B3688,2.573,2.4,1.17,47.43,1.173,7588.8,8347.68,1.4
2011-02-27 11:00:00,B3688,2.573,2.4,1.38,47.43,1.053,7588.8,8347.68,1.52
2011-02-27 12:00:00,B3688,3.531,2.4,1.43,47.43,1.991,7588.8,8347.68,1.54
2011-02-27 13:00:00,B3688,0.31,0.0,1.29,47.43,-1.0799999999999998,7588.8,8347.68,1.39
2011-02-27 14:00:00,B3688,0.173,0.0,1.18,47.43,-1.127,7588.8,8347.68,1.3
2011-02-27 15:00:00,B3688,0.173,0.0,0.95,47.43,-0.917,7588.8,8347.68,1.09
2011-02-27 16:00:00,B3688,0.173,0.0,0.55,47.43,-0.47700000000000004,7588.8,8347.68,0.65
2011-02-27 17:00:00,B3688,0.309,0.0,0.16,47.43,0.10899999999999999,7588.8,8347.68,0.2
2011-02-27 18:00:00,B3688,1.131,0.0,0.0,47.43,1.131,7588.8,8347.68,0.0
2011-02-27 19:00:00,B3688,1.405,0.0,0.0,47.43,1.405,7588.8,8347.68,0.0
2011-02-27 20:00:00,B3688,0.309,0.0,0.0,47.43,0.309,7588.8,8347.68,0.0
2011-02-27 21:00:00,B3688,0.308,0.0,0.0,47.43,0.308,7588.8,8347.68,0.0
2011-02-27 22:00:00,B3688,0.308,0.0,0.0,47.43,0.308,7588.8,8347.68,0.0
2011-02-27 23:00:00,B3688,0.171,0.0,0.0,47.43,0.171,7588.8,8347.68,0.0
2011-02-28 00:00:00,B3688,2.571,2.4,0.0,47.43,2.571,7588.8,8347.68,0.0
2011-02-28 01:00:00,B3688,2.571,2.4,0.0,47.43,2.571,7588.8,8347.68,0.0
2011-02-28 02:00:00,B3688,2.571,2.4,0.0,47.43,2.571,7588.8,8347.68,0.0
2011-02-28 03:00:00,B3688,2.571,2.4,0.0,47.43,2.571,7588.8,8347.68,0.0
2011-02-28 04:00:00,B3688,2.571,2.4,0.0,47.43,2.571,7588.8,8347.68,0.0
2011-02-28 05:00:00,B3688,0.308,0.0,0.0,47.43,0.308,7588.8,8347.68,0.0
2011-02-28 06:00:00,B3688,1.131,0.0,0.0,47.43,1.131,7588.8,8347.68,0.0
2011-02-28 07:00:00,B3688,0.31,0.0,0.0,47.43,0.31,7588.8,8347.68,0.0
2011-02-28 08:00:00,B3688,0.173,0.0,0.4,47.43,-0.49700000000000005,7588.8,8347.68,0.67
2011-02-28 09:00:00,B3688,0.173,0.0,0.6,47.43,-0.677,7588.8,8347.68,0.85
2011-02-28 10:00:00,B3688,0.173,0.0,1.01,47.43,-1.037,7588.8,8347.68,1.21
2011-02-28 11:00:00,B3688,0.173,0.0,1.32,47.43,-1.277,7588.8,8347.68,1.45
2011-02-28 12:00:00,B3688,1.131,0.0,1.41,47.43,-0.369,7588.8,8347.68,1.5
2011-02-28 13:00:00,B3688,0.309,0.0,1.37,47.43,-1.161,7588.8,8347.68,1.47
2011-02-28 14:00:00,B3688,0.173,0.0,1.23,47.43,-1.177,7588.8,8347.68,1.35
2011-02-28 15:00:00,B3688,0.173,0.0,0.95,47.43,-0.907,7588.8,8347.68,1.08
2011-02-28 16:00:00,B3688,0.173,0.0,0.61,47.43,-0.5169999999999999,7588.8,8347.68,0.69
2011-02-28 17:00:00,B3688,0.309,0.0,0.0,47.43,0.279,7588.8,8347.68,0.03
2011-02-28 18:00:00,B3688,1.131,0.0,0.0,47.43,1.131,7588.8,8347.68,0.0
2011-02-28 19:00:00,B3688,1.405,0.0,0.0,47.43,1.405,7588.8,8347.68,0.0
2011-02-28 20:00:00,B3688,0.31,0.0,0.0,47.43,0.31,7588.8,8347.68,0.0
2011-02-28 21:00:00,B3688,0.308,0.0,0.0,47.43,0.308,7588.8,8347.68,0.0
2011-02-28 22:00:00,B3688,0.308,0.0,0.0,47.43,0.308,7588.8,8347.68,0.0
2011-02-28 23:00:00,B3688,0.171,0.0,0.0,47.43,0.171,7588.8,8347.68,0.0
2011-03-01 00:00:00,B3688,2.571,2.4,0.0,47.43,2.571,7588.8,8347.68,0.0
2011-03-01 01:00:00,B3688,2.571,2.4,0.0,47.43,2.571,7588.8,8347.68,0.0
2011-03-01 02:00:00,B3688,2.571,2.4,0.0,47.43,2.571,7588.8,8347.68,0.0
2011-03-01 03:00:00,B3688,2.571,2.4,0.0,47.43,2.571,7588.8,8347.68,0.0
2011-03-01 04:00:00,B3688,2.571,2.4,0.0,47.43,2.571,7588.8,8347.68,0.0
2011-03-01 05:00:00,B3688,0.308,0.0,0.0,47.43,0.308,7588.8,8347.68,0.0
2011-03-01 06:00:00,B3688,1.131,0.0,0.0,47.43,1.131,7588.8,8347.68,0.0
2011-03-01 07:00:00,B3688,0.31,0.0,0.0,47.43,0.31,7588.8,8347.68,0.0
2011-03-01 08:00:00,B3688,0.173,0.0,0.34,47.43,-0.427,7588.8,8347.68,0.6
2011-03-01 09:00:00,B3688,0.173,0.0,0.52,47.43,-0.587,7588.8,8347.68,0.76
2011-03-01 10:00:00,B3688,0.173,0.0,0.82,47.43,-0.817,7588.8,8347.68,0.99
2011-03-01 11:00:00,B3688,0.173,0.0,1.07,47.43,-0.9869999999999999,7588.8,8347.68,1.16
2011-03-01 12:00:00,B3688,1.131,0.0,1.22,47.43,-0.15900000000000003,7588.8,8347.68,1.29
2011-03-01 13:00:00,B3688,0.309,0.0,1.22,47.43,-0.9910000000000001,7588.8,8347.68,1.3
2011-03-01 14:00:00,B3688,0.173,0.0,1.12,47.43,-1.057,7588.8,8347.68,1.23
2011-03-01 15:00:00,B3688,0.173,0.0,0.89,47.43,-0.847,7588.8,8347.68,1.02
2011-03-01 16:00:00,B3688,0.173,0.0,0.54,47.43,-0.467,7588.8,8347.68,0.64
2011-03-01 17:00:00,B3688,0.309,0.0,0.15,47.43,0.119,7588.8,8347.68,0.19
2011-03-01 18:00:00,B3688,1.131,0.0,0.0,47.43,1.131,7588.8,8347.68,0.0
2011-03-01 19:00:00,B3688,1.405,0.0,0.0,47.43,1.405,7588.8,8347.68,0.0
2011-03-01 20:00:00,B3688,0.31,0.0,0.0,47.43,0.31,7588.8,8347.68,0.0
2011-03-01 21:00:00,B3688,0.308,0.0,0.0,47.43,0.308,7588.8,8347.68,0.0
2011-03-01 22:00:00,B3688,0.308,0.0,0.0,47.43,0.308,7588.8,8347.68,0.0
2011-03-01 23:00:00,B3688,0.171,0.0,0.0,47.43,0.171,7588.8,8347.68,0.0
2011-03-02 00:00:00,B3688,2.571,2.4,0.0,47.43,2.571,7588.8,8347.68,0.0
2011-03-02 01:00:00,B3688,2.571,2.4,0.0,47.43,2.571,7588.8,8347.68,0.0
2011-03-02 02:00:00,B3688,2.571,2.4,0.0,47.43,2.571,7588.8,8347.68,0.0
2011-03-02 03:00:00,B3688,2.571,2.4,0.0,47.43,2.571,7588.8,8347.68,0.0
2011-03-02 04:00:00,B3688,2.571,2.4,0.0,47.43,2.571,7588.8,8347.68,0.0
2011-03-02 05:00:00,B3688,0.308,0.0,0.0,47.43,0.308,7588.8,8347.68,0.0
2011-03-02 06:00:00,B3688,1.131,0.0,0.0,47.43,1.131,7588.8,8347.68,0.0
2011-03-02 07:00:00,B3688,0.31,0.0,0.0,47.43,0.31,7588.8,8347.68,0.0
2011-03-02 08:00:00,B3688,0.173,0.0,0.35,47.43,-0.447,7588.8,8347.68,0.62
2011-03-02 09:00:00,B3688,0.173,0.0,0.55,47.43,-0.627,7588.8,8347.68,0.8
2011-03-02 10:00:00,B3688,0.173,0.0,0.87,47.43,-0.877,7588.8,8347.68,1.05
2011-03-02 11:00:00,B3688,0.173,0.0,1.11,47.43,-1.027,7588.8,8347.68,1.2
2011-03-02 12:00:00,B3688,1.131,0.0,1.26,47.43,-0.18900000000000006,7588.8,8347.68,1.32
2011-03-02 13:00:00,B3688,0.309,0.0,1.27,47.43,-1.0410000000000001,7588.8,8347.68,1.35
2011-03-02 14:00:00,B3688,0.173,0.0,1.2,47.43,-1.137,7588.8,8347.68,1.31
2011-03-02 15:00:00,B3688,0.173,0.0,1.07,47.43,-1.037,7588.8,8347.68,1.21
2011-03-02 16:00:00,B3688,0.173,0.0,0.68,47.43,-0.607,7588.8,8347.68,0.78
2011-03-02 17:00:00,B3688,0.309,0.0,0.16,47.43,0.10899999999999999,7588.8,8347.68,0.2
2011-03-02 18:00:00,B3688,1.131,0.0,0.0,47.43,1.131,7588.8,8347.68,0.0
2011-03-02 19:00:00,B3688,1.405,0.0,0.0,47.43,1.405,7588.8,8347.68,0.0
2011-03-02 20:00:00,B3688,0.31,0.0,0.0,47.43,0.31,7588.8,8347.68,0.0
2011-03-02 21:00:00,B3688,0.308,0.0,0.0,47.43,0.308,7588.8,8347.68,0.0
2011-03-02 22:00:00,B3688,0.308,0.0,0.0,47.43,0.308,7588.8,8347.68,0.0
2011-03-02 23:00:00,B3688,0.171,0.0,0.0,47.43,0.171,7588.8,8347.68,0.0
2011-03-03 00:00:00,B3688,2.571,2.4,0.0,47.43,2.571,7588.8,8347.68,0.0
2011-03-03 01:00:00,B3688,2.571,2.4,0.0,47.43,2.571,7588.8,8347.68,0.0
2011-03-03 02:00:00,B3688,2.571,2.4,0.0,47.43,2.571,7588.8,8347.68,0.0
2011-03-03 03:00:00,B3688,2.571,2.4,0.0,47.43,2.571,7588.8,8347.68,0.0
2011-03-03 04:00:00,B3688,2.571,2.4,0.0,47.43,2.571,7588.8,8347.68,0.0
2011-03-03 05:00:00,B3688,0.308,0.0,0.0,47.43,0.308,7588.8,8347.68,0.0
2011-03-03 06:00:00,B3688,1.131,0.0,0.0,47.43,1.131,7588.8,8347.68,0.0
2011-03-03 07:00:00,B3688,0.31,0.0,0.0,47.43,0.31,7588.8,8347.68,0.0
2011-03-03 08:00:00,B3688,0.173,0.0,0.35,47.43,-0.457,7588.8,8347.68,0.63
2011-03-03 09:00:00,B3688,0.173,0.0,0.56,47.43,-0.637,7588.8,8347.68,0.81
2011-03-03 10:00:00,B3688,0.173,0.0,0.89,47.43,-0.897,7588.8,8347.68,1.07
2011-03-03 11:00:00,B3688,0.173,0.0,1.16,47.43,-1.077,7588.8,8347.68,1.25
2011-03-03 12:00:00,B3688,1.131,0.0,1.31,47.43,-0.2489999999999999,7588.8,8347.68,1.38
2011-03-03 13:00:00,B3688,0.309,0.0,1.3,47.43,-1.071,7588.8,8347.68,1.38
2011-03-03 14:00:00,B3688,0.173,0.0,1.15,47.43,-1.077,7588.8,8347.68,1.25
2011-03-03 15:00:00,B3688,0.173,0.0,0.9,47.43,-0.837,7588.8,8347.68,1.01
2011-03-03 16:00:00,B3688,0.173,0.0,0.57,47.43,-0.48700000000000004,7588.8,8347.68,0.66
2011-03-03 17:00:00,B3688,0.309,0.0,0.18,47.43,0.089,7588.8,8347.68,0.22
2011-03-03 18:00:00,B3688,1.131,0.0,0.0,47.43,1.131,7588.8,8347.68,0.0
2011-03-03 19:00:00,B3688,1.405,0.0,0.0,47.43,1.405,7588.8,8347.68,0.0
2011-03-03 20:00:00,B3688,0.31,0.0,0.0,47.43,0.31,7588.8,8347.68,0.0
2011-03-03 21:00:00,B3688,0.308,0.0,0.0,47.43,0.308,7588.8,8347.68,0.0
2011-03-03 22:00:00,B3688,0.308,0.0,0.0,47.43,0.308,7588.8,8347.68,0.0
2011-03-03 23:00:00,B3688,0.171,0.0,0.0,47.43,0.171,7588.8,8347.68,0.0
2011-03-04 00:00:00,B3688,2.571,2.4,0.0,47.43,2.571,7588.8,8347.68,0.0
2011-03-04 01:00:00,B3688,2.571,2.4,0.0,47.43,2.571,7588.8,8347.68,0.0
2011-03-04 02:00:00,B3688,2.571,2.4,0.0,47.43,2.571,7588.8,8347.68,0.0
2011-03-04 03:00:00,B3688,2.571,2.4,0.0,47.43,2.571,7588.8,8347.68,0.0
2011-03-04 04:00:00,B3688,2.571,2.4,0.0,47.43,2.571,7588.8,8347.68,0.0
2011-03-04 05:00:00,B3688,0.308,0.0,0.0,47.43,0.308,7588.8,8347.68,0.0
2011-03-04 06:00:00,B3688,1.131,0.0,0.0,47.43,1.131,7588.8,8347.68,0.0
2011-03-04 07:00:00,B3688,0.31,0.0,0.0,47.43,0.31,7588.8,8347.68,0.0
2011-03-04 08:00:00,B3688,0.173,0.0,0.36,47.43,-0.467,7588.8,8347.68,0.64
2011-03-04 09:00:00,B3688,0.173,0.0,0.62,47.43,-0.6970000000000001,7588.8,8347.68,0.87
2011-03-04 10:00:00,B3688,0.173,0.0,1.0,47.43,-1.017,7588.8,8347.68,1.19
2011-03-04 11:00:00,B3688,0.173,0.0,1.25,47.43,-1.167,7588.8,8347.68,1.34
2011-03-04 12:00:00,B3688,1.131,0.0,1.48,47.43,-0.42900000000000005,7588.8,8347.68,1.56
2011-03-04 13:00:00,B3688,0.309,0.0,1.55,47.43,-1.351,7588.8,8347.68,1.66
2011-03-04 14:00:00,B3688,0.173,0.0,1.28,47.43,-1.2269999999999999,7588.8,8347.68,1.4
2011-03-04 15:00:00,B3688,0.173,0.0,0.98,47.43,-0.937,7588.8,8347.68,1.11
2011-03-04 16:00:00,B3688,0.173,0.0,0.66,47.43,-0.587,7588.8,8347.68,0.76
2011-03-04 17:00:00,B3688,0.309,0.0,0.17,47.43,0.099,7588.8,8347.68,0.21
2011-03-04 18:00:00,B3688,1.131,0.0,0.0,47.43,1.131,7588.8,8347.68,0.0
2011-03-04 19:00:00,B3688,1.405,0.0,0.0,47.43,1.405,7588.8,8347.68,0.0
2011-03-04 20:00:00,B3688,0.31,0.0,0.0,47.43,0.31,7588.8,8347.68,0.0
2011-03-04 21:00:00,B3688,0.308,0.0,0.0,47.43,0.308,7588.8,8347.68,0.0
2011-03-04 22:00:00,B3688,0.308,0.0,0.0,47.43,0.308,7588.8,8347.68,0.0
2011-03-04 23:00:00,B3688,0.171,0.0,0.0,47.43,0.171,7588.8,8347.68,0.0
2011-03-05 00:00:00,B3688,0.171,0.0,0.0,47.43,0.171,7588.8,8347.68,0.0
2011-03-05 01:00:00,B3688,0.171,0.0,0.0,47.43,0.171,7588.8,8347.68,0.0
2011-03-05 02:00:00,B3688,0.171,0.0,0.0,47.43,0.171,7588.8,8347.68,0.0
2011-03-05 03:00:00,B3688,0.171,0.0,0.0,47.43,0.171,7588.8,8347.68,0.0
2011-03-05 04:00:00,B3688,0.171,0.0,0.0,47.43,0.171,7588.8,8347.68,0.0
2011-03-05 05:00:00,B3688,0.308,0.0,0.0,47.43,0.308,7588.8,8347.68,0.0
2011-03-05 06:00:00,B3688,1.131,0.0,0.0,47.43,1.131,7588.8,8347.68,0.0
2011-03-05 07:00:00,B3688,0.309,0.0,0.0,47.43,0.309,7588.8,8347.68,0.0
2011-03-05 08:00:00,B3688,2.573,2.4,0.62,47.43,1.673,7588.8,8347.68,0.9
2011-03-05 09:00:00,B3688,2.573,2.4,1.1,47.43,1.163,7588.8,8347.68,1.41
2011-03-05 10:00:00,B3688,2.573,2.4,1.4,47.43,0.933,7588.8,8347.68,1.64
2011-03-05 11:00:00,B3688,2.573,2.4,1.62,47.43,0.7929999999999999,7588.8,8347.68,1.78
2011-03-05 12:00:00,B3688,3.531,2.4,1.74,47.43,1.661,7588.8,8347.68,1.87
2011-03-05 13:00:00,B3688,0.31,0.0,1.55,47.43,-1.3699999999999999,7588.8,8347.68,1.68
2011-03-05 14:00:00,B3688,0.173,0.0,1.39,47.43,-1.347,7588.8,8347.68,1.52
2011-03-05 15:00:00,B3688,0.173,0.0,1.13,47.43,-1.097,7588.8,8347.68,1.27
2011-03-05 16:00:00,B3688,0.173,0.0,0.71,47.43,-0.627,7588.8,8347.68,0.8
2011-03-05 17:00:00,B3688,0.31,0.0,0.18,47.43,0.09,7588.8,8347.68,0.22
2011-03-05 18:00:00,B3688,1.131,0.0,0.0,47.43,1.131,7588.8,8347.68,0.0
2011-03-05 19:00:00,B3688,1.405,0.0,0.0,47.43,1.405,7588.8,8347.68,0.0
2011-03-05 20:00:00,B3688,0.309,0.0,0.0,47.43,0.309,7588.8,8347.68,0.0
2011-03-05 21:00:00,B3688,0.308,0.0,0.0,47.43,0.308,7588.8,8347.68,0.0
2011-03-05 22:00:00,B3688,0.308,0.0,0.0,47.43,0.308,7588.8,8347.68,0.0
2011-03-05 23:00:00,B3688,0.171,0.0,0.0,47.43,0.171,7588.8,8347.68,0.0
2011-03-06 00:00:00,B3688,0.171,0.0,0.0,47.43,0.171,7588.8,8347.68,0.0
2011-03-06 01:00:00,B3688,0.171,0.0,0.0,47.43,0.171,7588.8,8347.68,0.0
2011-03-06 02:00:00,B3688,0.171,0.0,0.0,47.43,0.171,7588.8,8347.68,0.0
2011-03-06 03:00:00,B3688,0.171,0.0,0.0,47.43,0.171,7588.8,8347.68,0.0
2011-03-06 04:00:00,B3688,0.171,0.0,0.0,47.43,0.171,7588.8,8347.68,0.0
2011-03-06 05:00:00,B3688,0.308,0.0,0.0,47.43,0.308,7588.8,8347.68,0.0
2011-03-06 06:00:00,B3688,1.131,0.0,0.0,47.43,1.131,7588.8,8347.68,0.0
2011-03-06 07:00:00,B3688,0.309,0.0,0.0,47.43,0.309,7588.8,8347.68,0.0
2011-03-06 08:00:00,B3688,2.573,2.4,0.66,47.43,1.693,7588.8,8347.68,0.88
2011-03-06 09:00:00,B3688,2.573,2.4,1.05,47.43,1.2329999999999999,7588.8,8347.68,1.34
2011-03-06 10:00:00,B3688,2.573,2.4,1.42,47.43,0.913,7588.8,8347.68,1.66
2011-03-06 11:00:00,B3688,2.573,2.4,1.44,47.43,0.9929999999999999,7588.8,8347.68,1.58
2011-03-06 12:00:00,B3688,3.531,2.4,1.38,47.43,2.071,7588.8,8347.68,1.46
2011-03-06 13:00:00,B3688,0.31,0.0,1.44,47.43,-1.23,7588.8,8347.68,1.54
2011-03-06 14:00:00,B3688,0.173,0.0,1.34,47.43,-1.287,7588.8,8347.68,1.46
2011-03-06 15:00:00,B3688,0.173,0.0,0.99,47.43,-0.937,7588.8,8347.68,1.11
2011-03-06 16:00:00,B3688,0.173,0.0,0.65,47.43,-0.577,7588.8,8347.68,0.75
2011-03-06 17:00:00,B3688,0.309,0.0,0.2,47.43,0.069,7588.8,8347.68,0.24
2011-03-06 18:00:00,B3688,1.131,0.0,0.0,47.43,1.131,7588.8,8347.68,0.0
2011-03-06 19:00:00,B3688,1.405,0.0,0.0,47.43,1.405,7588.8,8347.68,0.0
2011-03-06 20:00:00,B3688,0.309,0.0,0.0,47.43,0.309,7588.8,8347.68,0.0
2011-03-06 21:00:00,B3688,0.308,0.0,0.0,47.43,0.308,7588.8,8347.68,0.0
2011-03-06 22:00:00,B3688,0.308,0.0,0.0,47.43,0.308,7588.8,8347.68,0.0
2011-03-06 23:00:00,B3688,0.171,0.0,0.0,47.43,0.171,7588.8,8347.68,0.0
2011-03-07 00:00:00,B3688,2.571,2.4,0.0,47.43,2.571,7588.8,8347.68,0.0
2011-03-07 01:00:00,B3688,2.571,2.4,0.0,47.43,2.571,7588.8,8347.68,0.0
2011-03-07 02:00:00,B3688,2.571,2.4,0.0,47.43,2.571,7588.8,8347.68,0.0
2011-03-07 03:00:00,B3688,2.571,2.4,0.0,47.43,2.571,7588.8,8347.68,0.0
2011-03-07 04:00:00,B3688,2.571,2.4,0.0,47.43,2.571,7588.8,8347.68,0.0
2011-03-07 05:00:00,B3688,0.308,0.0,0.0,47.43,0.308,7588.8,8347.68,0.0
2011-03-07 06:00:00,B3688,1.131,0.0,0.0,47.43,1.131,7588.8,8347.68,0.0
2011-03-07 07:00:00,B3688,0.31,0.0,0.0,47.43,0.31,7588.8,8347.68,0.0
2011-03-07 08:00:00,B3688,0.173,0.0,0.56,47.43,-0.667,7588.8,8347.68,0.84
2011-03-07 09:00:00,B3688,0.173,0.0,0.76,47.43,-0.837,7588.8,8347.68,1.01
2011-03-07 10:00:00,B3688,0.173,0.0,1.09,47.43,-1.097,7588.8,8347.68,1.27
2011-03-07 11:00:00,B3688,0.173,0.0,1.39,47.43,-1.327,7588.8,8347.68,1.5
2011-03-07 12:00:00,B3688,1.131,0.0,1.57,47.43,-0.5389999999999999,7588.8,8347.68,1.67
2011-03-07 13:00:00,B3688,0.309,0.0,1.71,47.43,-1.5210000000000001,7588.8,8347.68,1.83
2011-03-07 14:00:00,B3688,0.173,0.0,1.55,47.43,-1.517,7588.8,8347.68,1.69
2011-03-07 15:00:00,B3688,0.173,0.0,1.18,47.43,-1.157,7588.8,8347.68,1.33
2011-03-07 16:00:00,B3688,0.173,0.0,0.68,47.43,-0.567,7588.8,8347.68,0.74
2011-03-07 17:00:00,B3688,0.309,0.0,0.0,47.43,0.309,7588.8,8347.68,0.0
2011-03-07 18:00:00,B3688,1.131,0.0,0.0,47.43,1.131,7588.8,8347.68,0.0
2011-03-07 19:00:00,B3688,1.405,0.0,0.0,47.43,1.405,7588.8,8347.68,0.0
2011-03-07 20:00:00,B3688,0.31,0.0,0.0,47.43,0.31,7588.8,8347.68,0.0
2011-03-07 21:00:00,B3688,0.308,0.0,0.0,47.43,0.308,7588.8,8347.68,0.0
2011-03-07 22:00:00,B3688,0.308,0.0,0.0,47.43,0.308,7588.8,8347.68,0.0
2011-03-07 23:00:00,B3688,0.171,0.0,0.0,47.43,0.171,7588.8,8347.68,0.0
2011-03-08 00:00:00,B3688,2.571,2.4,0.0,47.43,2.571,7588.8,8347.68,0.0
2011-03-08 01:00:00,B3688,2.571,2.4,0.0,47.43,2.571,7588.8,8347.68,0.0
2011-03-08 02:00:00,B3688,2.571,2.4,0.0,47.43,2.571,7588.8,8347.68,0.0
2011-03-08 03:00:00,B3688,2.571,2.4,0.0,47.43,2.571,7588.8,8347.68,0.0
2011-03-08 04:00:00,B3688,2.571,2.4,0.0,47.43,2.571,7588.8,8347.68,0.0
2011-03-08 05:00:00,B3688,0.308,0.0,0.0,47.43,0.308,7588.8,8347.68,0.0
2011-03-08 06:00:00,B3688,1.131,0.0,0.0,47.43,1.131,7588.8,8347.68,0.0
2011-03-08 07:00:00,B3688,0.31,0.0,0.0,47.43,0.31,7588.8,8347.68,0.0
2011-03-08 08:00:00,B3688,0.173,0.0,0.71,47.43,-0.7769999999999999,7588.8,8347.68,0.95
2011-03-08 09:00:00,B3688,0.173,0.0,1.21,47.43,-1.337,7588.8,8347.68,1.51
2011-03-08 10:00:00,B3688,0.173,0.0,1.45,47.43,-1.527,7588.8,8347.68,1.7
2011-03-08 11:00:00,B3688,0.173,0.0,1.52,47.43,-1.517,7588.8,8347.68,1.69
2011-03-08 12:00:00,B3688,1.131,0.0,1.62,47.43,-0.629,7588.8,8347.68,1.76
2011-03-08 13:00:00,B3688,0.309,0.0,1.68,47.43,-1.5110000000000001,7588.8,8347.68,1.82
2011-03-08 14:00:00,B3688,0.173,0.0,1.43,47.43,-1.407,7588.8,8347.68,1.58
2011-03-08 15:00:00,B3688,0.173,0.0,1.06,47.43,-1.017,7588.8,8347.68,1.19
2011-03-08 16:00:00,B3688,0.173,0.0,0.69,47.43,-0.587,7588.8,8347.68,0.76
2011-03-08 17:00:00,B3688,0.309,0.0,0.0,47.43,0.279,7588.8,8347.68,0.03
2011-03-08 18:00:00,B3688,1.131,0.0,0.0,47.43,1.131,7588.8,8347.68,0.0
2011-03-08 19:00:00,B3688,1.405,0.0,0.0,47.43,1.405,7588.8,8347.68,0.0
2011-03-08 20:00:00,B3688,0.31,0.0,0.0,47.43,0.31,7588.8,8347.68,0.0
2011-03-08 21:00:00,B3688,0.308,0.0,0.0,47.43,0.308,7588.8,8347.68,0.0
2011-03-08 22:00:00,B3688,0.308,0.0,0.0,47.43,0.308,7588.8,8347.68,0.0
2011-03-08 23:00:00,B3688,0.171,0.0,0.0,47.43,0.171,7588.8,8347.68,0.0
2011-03-09 00:00:00,B3688,2.571,2.4,0.0,47.43,2.571,7588.8,8347.68,0.0
2011-03-09 01:00:00,B3688,2.571,2.4,0.0,47.43,2.571,7588.8,8347.68,0.0
2011-03-09 02:00:00,B3688,2.571,2.4,0.0,47.43,2.571,7588.8,8347.68,0.0
2011-03-09 03:00:00,B3688,2.571,2.4,0.0,47.43,2.571,7588.8,8347.68,0.0
2011-03-09 04:00:00,B3688,2.571,2.4,0.0,47.43,2.571,7588.8,8347.68,0.0
2011-03-09 05:00:00,B3688,0.308,0.0,0.0,47.43,0.308,7588.8,8347.68,0.0
2011-03-09 06:00:00,B3688,1.131,0.0,0.0,47.43,1.131,7588.8,8347.68,0.0
2011-03-09 07:00:00,B3688,0.31,0.0,0.0,47.43,0.31,7588.8,8347.68,0.0
2011-03-09 08:00:00,B3688,0.173,0.0,0.41,47.43,-0.5169999999999999,7588.8,8347.68,0.69
2011-03-09 09:00:00,B3688,0.173,0.0,0.77,47.43,-0.857,7588.8,8347.68,1.03
2011-03-09 10:00:00,B3688,0.173,0.0,1.14,47.43,-1.147,7588.8,8347.68,1.32
2011-03-09 11:00:00,B3688,0.173,0.0,1.41,47.43,-1.337,7588.8,8347.68,1.51
2011-03-09 12:00:00,B3688,1.131,0.0,1.52,47.43,-0.4590000000000001,7588.8,8347.68,1.59
2011-03-09 13:00:00,B3688,0.309,0.0,1.48,47.43,-1.2610000000000001,7588.8,8347.68,1.57
2011-03-09 14:00:00,B3688,0.173,0.0,1.35,47.43,-1.287,7588.8,8347.68,1.46
2011-03-09 15:00:00,B3688,0.173,0.0,1.05,47.43,-0.9969999999999999,7588.8,8347.68,1.17
2011-03-09 16:00:00,B3688,0.173,0.0,0.65,47.43,-0.567,7588.8,8347.68,0.74
2011-03-09 17:00:00,B3688,0.309,0.0,0.19,47.43,0.07899999999999999,7588.8,8347.68,0.23
2011-03-09 18:00:00,B3688,1.131,0.0,0.0,47.43,1.131,7588.8,8347.68,0.0
2011-03-09 19:00:00,B3688,1.405,0.0,0.0,47.43,1.405,7588.8,8347.68,0.0
2011-03-09 20:00:00,B3688,0.31,0.0,0.0,47.43,0.31,7588.8,8347.68,0.0
2011-03-09 21:00:00,B3688,0.308,0.0,0.0,47.43,0.308,7588.8,8347.68,0.0
2011-03-09 22:00:00,B3688,0.308,0.0,0.0,47.43,0.308,7588.8,8347.68,0.0
2011-03-09 23:00:00,B3688,0.171,0.0,0.0,47.43,0.171,7588.8,8347.68,0.0
2011-03-10 00:00:00,B3688,2.571,2.4,0.0,47.43,2.571,7588.8,8347.68,0.0
2011-03-10 01:00:00,B3688,2.571,2.4,0.0,47.43,2.571,7588.8,8347.68,0.0
2011-03-10 02:00:00,B3688,2.571,2.4,0.0,47.43,2.571,7588.8,8347.68,0.0
2011-03-10 03:00:00,B3688,2.571,2.4,0.0,47.43,2.571,7588.8,8347.68,0.0
2011-03-10 04:00:00,B3688,2.571,2.4,0.0,47.43,2.571,7588.8,8347.68,0.0
2011-03-10 05:00:00,B3688,0.308,0.0,0.0,47.43,0.308,7588.8,8347.68,0.0
2011-03-10 06:00:00,B3688,1.131,0.0,0.0,47.43,1.131,7588.8,8347.68,0.0
2011-03-10 07:00:00,B3688,0.31,0.0,0.0,47.43,0.31,7588.8,8347.68,0.0
2011-03-10 08:00:00,B3688,0.173,0.0,0.68,47.43,-0.8069999999999999,7588.8,8347.68,0.98
2011-03-10 09:00:00,B3688,0.173,0.0,0.99,47.43,-1.097,7588.8,8347.68,1.27
2011-03-10 10:00:00,B3688,0.173,0.0,1.37,47.43,-1.417,7588.8,8347.68,1.59
2011-03-10 11:00:00,B3688,0.173,0.0,1.68,47.43,-1.647,7588.8,8347.68,1.82
2011-03-10 12:00:00,B3688,1.131,0.0,1.72,47.43,-0.679,7588.8,8347.68,1.81
2011-03-10 13:00:00,B3688,0.309,0.0,1.62,47.43,-1.411,7588.8,8347.68,1.72
2011-03-10 14:00:00,B3688,0.173,0.0,1.49,47.43,-1.437,7588.8,8347.68,1.61
2011-03-10 15:00:00,B3688,0.173,0.0,1.17,47.43,-1.127,7588.8,8347.68,1.3
2011-03-10 16:00:00,B3688,0.173,0.0,0.74,47.43,-0.667,7588.8,8347.68,0.84
2011-03-10 17:00:00,B3688,0.309,0.0,0.22,47.43,0.04899999999999999,7588.8,8347.68,0.26
2011-03-10 18:00:00,B3688,1.131,0.0,0.0,47.43,1.131,7588.8,8347.68,0.0
2011-03-10 19:00:00,B3688,1.403,0.0,0.0,47.43,1.403,7588.8,8347.68,0.0
2011-03-10 20:00:00,B3688,0.31,0.0,0.0,47.43,0.31,7588.8,8347.68,0.0
2011-03-10 21:00:00,B3688,0.308,0.0,0.0,47.43,0.308,7588.8,8347.68,0.0
2011-03-10 22:00:00,B3688,0.308,0.0,0.0,47.43,0.308,7588.8,8347.68,0.0
2011-03-10 23:00:00,B3688,0.171,0.0,0.0,47.43,0.171,7588.8,8347.68,0.0
2011-03-11 00:00:00,B3688,2.571,2.4,0.0,47.43,2.571,7588.8,8347.68,0.0
2011-03-11 01:00:00,B3688,2.571,2.4,0.0,47.43,2.571,7588.8,8347.68,0.0
2011-03-11 02:00:00,B3688,2.571,2.4,0.0,47.43,2.571,7588.8,8347.68,0.0
2011-03-11 03:00:00,B3688,2.571,2.4,0.0,47.43,2.571,7588.8,8347.68,0.0
2011-03-11 04:00:00,B3688,2.571,2.4,0.0,47.43,2.571,7588.8,8347.68,0.0
2011-03-11 05:00:00,B3688,0.308,0.0,0.0,47.43,0.308,7588.8,8347.68,0.0
2011-03-11 06:00:00,B3688,1.131,0.0,0.0,47.43,1.131,7588.8,8347.68,0.0
2011-03-11 07:00:00,B3688,0.31,0.0,0.0,47.43,0.31,7588.8,8347.68,0.0
2011-03-11 08:00:00,B3688,0.173,0.0,0.58,47.43,-0.617,7588.8,8347.68,0.79
2011-03-11 09:00:00,B3688,0.173,0.0,1.0,47.43,-1.077,7588.8,8347.68,1.25
2011-03-11 10:00:00,B3688,0.173,0.0,1.49,47.43,-1.557,7588.8,8347.68,1.73
2011-03-11 11:00:00,B3688,0.173,0.0,1.52,47.43,-1.4969999999999999,7588.8,8347.68,1.67
2011-03-11 12:00:00,B3688,1.131,0.0,1.49,47.43,-0.4590000000000001,7588.8,8347.68,1.59
2011-03-11 13:00:00,B3688,0.309,0.0,1.46,47.43,-1.2610000000000001,7588.8,8347.68,1.57
2011-03-11 14:00:00,B3688,0.173,0.0,1.18,47.43,-1.117,7588.8,8347.68,1.29
2011-03-11 15:00:00,B3688,0.173,0.0,0.94,47.43,-0.887,7588.8,8347.68,1.06
2011-03-11 16:00:00,B3688,0.173,0.0,0.65,47.43,-0.5369999999999999,7588.8,8347.68,0.71
2011-03-11 17:00:00,B3688,0.309,0.0,0.0,47.43,0.289,7588.8,8347.68,0.02
2011-03-11 18:00:00,B3688,1.131,0.0,0.0,47.43,1.131,7588.8,8347.68,0.0
2011-03-11 19:00:00,B3688,1.405,0.0,0.0,47.43,1.405,7588.8,8347.68,0.0
2011-03-11 20:00:00,B3688,0.31,0.0,0.0,47.43,0.31,7588.8,8347.68,0.0
2011-03-11 21:00:00,B3688,0.308,0.0,0.0,47.43,0.308,7588.8,8347.68,0.0
2011-03-11 22:00:00,B3688,0.308,0.0,0.0,47.43,0.308,7588.8,8347.68,0.0
2011-03-11 23:00:00,B3688,0.171,0.0,0.0,47.43,0.171,7588.8,8347.68,0.0
2011-03-12 00:00:00,B3688,0.171,0.0,0.0,47.43,0.171,7588.8,8347.68,0.0
2011-03-12 01:00:00,B3688,0.171,0.0,0.0,47.43,0.171,7588.8,8347.68,0.0
2011-03-12 02:00:00,B3688,0.171,0.0,0.0,47.43,0.171,7588.8,8347.68,0.0
2011-03-12 03:00:00,B3688,0.171,0.0,0.0,47.43,0.171,7588.8,8347.68,0.0
2011-03-12 04:00:00,B3688,0.171,0.0,0.0,47.43,0.171,7588.8,8347.68,0.0
2011-03-12 05:00:00,B3688,0.308,0.0,0.0,47.43,0.308,7588.8,8347.68,0.0
2011-03-12 06:00:00,B3688,1.131,0.0,0.0,47.43,1.131,7588.8,8347.68,0.0
2011-03-12 07:00:00,B3688,0.309,0.0,0.0,47.43,0.309,7588.8,8347.68,0.0
2011-03-12 08:00:00,B3688,2.573,2.4,0.53,47.43,1.793,7588.8,8347.68,0.78
2011-03-12 09:00:00,B3688,2.573,2.4,0.99,47.43,1.313,7588.8,8347.68,1.26
2011-03-12 10:00:00,B3688,2.573,2.4,1.5,47.43,0.853,7588.8,8347.68,1.72
2011-03-12 11:00:00,B3688,2.573,2.4,1.74,47.43,0.6930000000000001,7588.8,8347.68,1.88
2011-03-12 12:00:00,B3688,3.531,2.4,1.81,47.43,1.6110000000000002,7588.8,8347.68,1.92
2011-03-12 13:00:00,B3688,0.31,0.0,1.72,47.43,-1.52,7588.8,8347.68,1.83
2011-03-12 14:00:00,B3688,0.173,0.0,1.43,47.43,-1.377,7588.8,8347.68,1.55
2011-03-12 15:00:00,B3688,0.173,0.0,1.1,47.43,-1.037,7588.8,8347.68,1.21
2011-03-12 16:00:00,B3688,0.173,0.0,0.75,47.43,-0.677,7588.8,8347.68,0.85
2011-03-12 17:00:00,B3688,0.31,0.0,0.23,47.43,0.03999999999999998,7588.8,8347.68,0.27
2011-03-12 18:00:00,B3688,1.131,0.0,0.0,47.43,1.131,7588.8,8347.68,0.0
2011-03-12 19:00:00,B3688,1.405,0.0,0.0,47.43,1.405,7588.8,8347.68,0.0
2011-03-12 20:00:00,B3688,0.309,0.0,0.0,47.43,0.309,7588.8,8347.68,0.0
2011-03-12 21:00:00,B3688,0.308,0.0,0.0,47.43,0.308,7588.8,8347.68,0.0
2011-03-12 22:00:00,B3688,0.308,0.0,0.0,47.43,0.308,7588.8,8347.68,0.0
2011-03-12 23:00:00,B3688,0.171,0.0,0.0,47.43,0.171,7588.8,8347.68,0.0
2011-03-13 00:00:00,B3688,0.171,0.0,0.0,47.43,0.171,7588.8,8347.68,0.0
2011-03-13 01:00:00,B3688,0.171,0.0,0.0,47.43,0.171,7588.8,8347.68,0.0
2011-03-13 02:00:00,B3688,0.171,0.0,0.0,47.43,0.171,7588.8,8347.68,0.0
2011-03-13 03:00:00,B3688,0.171,0.0,0.0,47.43,0.171,7588.8,8347.68,0.0
2011-03-13 04:00:00,B3688,0.171,0.0,0.0,47.43,0.171,7588.8,8347.68,0.0
2011-03-13 05:00:00,B3688,0.308,0.0,0.0,47.43,0.308,7588.8,8347.68,0.0
2011-03-13 06:00:00,B3688,1.131,0.0,0.0,47.43,1.131,7588.8,8347.68,0.0
2011-03-13 07:00:00,B3688,0.309,0.0,0.0,47.43,0.309,7588.8,8347.68,0.0
2011-03-13 08:00:00,B3688,2.573,2.4,0.58,47.43,1.823,7588.8,8347.68,0.75
2011-03-13 09:00:00,B3688,2.573,2.4,1.03,47.43,1.303,7588.8,8347.68,1.27
2011-03-13 10:00:00,B3688,2.573,2.4,1.25,47.43,1.113,7588.8,8347.68,1.46
2011-03-13 11:00:00,B3688,2.573,2.4,1.49,47.43,0.923,7588.8,8347.68,1.65
2011-03-13 12:00:00,B3688,3.531,2.4,1.72,47.43,1.661,7588.8,8347.68,1.87
2011-03-13 13:00:00,B3688,0.31,0.0,1.75,47.43,-1.5799999999999998,7588.8,8347.68,1.89
2011-03-13 14:00:00,B3688,0.173,0.0,1.68,47.43,-1.657,7588.8,8347.68,1.83
2011-03-13 15:00:00,B3688,0.173,0.0,1.34,47.43,-1.317,7588.8,8347.68,1.49
2011-03-13 16:00:00,B3688,0.173,0.0,0.87,47.43,-0.7969999999999999,7588.8,8347.68,0.97
2011-03-13 17:00:00,B3688,0.309,0.0,0.29,47.43,-0.02100000000000002,7588.8,8347.68,0.33
2011-03-13 18:00:00,B3688,1.131,0.0,0.0,47.43,1.131,7588.8,8347.68,0.0
2011-03-13 19:00:00,B3688,1.405,0.0,0.0,47.43,1.405,7588.8,8347.68,0.0
2011-03-13 20:00:00,B3688,0.309,0.0,0.0,47.43,0.309,7588.8,8347.68,0.0
2011-03-13 21:00:00,B3688,0.308,0.0,0.0,47.43,0.308,7588.8,8347.68,0.0
2011-03-13 22:00:00,B3688,0.308,0.0,0.0,47.43,0.308,7588.8,8347.68,0.0
2011-03-13 23:00:00,B3688,0.171,0.0,0.0,47.43,0.171,7588.8,8347.68,0.0
2011-03-14 00:00:00,B3688,2.571,2.4,0.0,47.43,2.571,7588.8,8347.68,0.0
2011-03-14 01:00:00,B3688,2.571,2.4,0.0,47.43,2.571,7588.8,8347.68,0.0
2011-03-14 02:00:00,B3688,2.571,2.4,0.0,47.43,2.571,7588.8,8347.68,0.0
2011-03-14 03:00:00,B3688,2.571,2.4,0.0,47.43,2.571,7588.8,8347.68,0.0
2011-03-14 04:00:00,B3688,2.571,2.4,0.0,47.43,2.571,7588.8,8347.68,0.0
2011-03-14 05:00:00,B3688,0.308,0.0,0.0,47.43,0.308,7588.8,8347.68,0.0
2011-03-14 06:00:00,B3688,1.131,0.0,0.0,47.43,1.131,7588.8,8347.68,0.0
2011-03-14 07:00:00,B3688,0.31,0.0,0.34,47.43,-0.030000000000000027,7588.8,8347.68,0.34
2011-03-14 08:00:00,B3688,0.173,0.0,0.72,47.43,-0.7470000000000001,7588.8,8347.68,0.92
2011-03-14 09:00:00,B3688,0.173,0.0,1.16,47.43,-1.257,7588.8,8347.68,1.43
2011-03-14 10:00:00,B3688,0.173,0.0,1.51,47.43,-1.587,7588.8,8347.68,1.76
2011-03-14 11:00:00,B3688,0.173,0.0,1.69,47.43,-1.7169999999999999,7588.8,8347.68,1.89
2011-03-14 12:00:00,B3688,1.131,0.0,1.95,47.43,-0.9989999999999999,7588.8,8347.68,2.13
2011-03-14 13:00:00,B3688,0.309,0.0,1.84,47.43,-1.7009999999999998,7588.8,8347.68,2.01
2011-03-14 14:00:00,B3688,0.173,0.0,1.44,47.43,-1.417,7588.8,8347.68,1.59
2011-03-14 15:00:00,B3688,0.173,0.0,1.13,47.43,-1.097,7588.8,8347.68,1.27
2011-03-14 16:00:00,B3688,0.173,0.0,0.68,47.43,-0.5569999999999999,7588.8,8347.68,0.73
2011-03-14 17:00:00,B3688,0.309,0.0,0.0,47.43,0.309,7588.8,8347.68,0.0
2011-03-14 18:00:00,B3688,1.131,0.0,0.0,47.43,1.131,7588.8,8347.68,0.0
2011-03-14 19:00:00,B3688,1.405,0.0,0.0,47.43,1.405,7588.8,8347.68,0.0
2011-03-14 20:00:00,B3688,0.31,0.0,0.0,47.43,0.31,7588.8,8347.68,0.0
2011-03-14 21:00:00,B3688,0.308,0.0,0.0,47.43,0.308,7588.8,8347.68,0.0
2011-03-14 22:00:00,B3688,0.308,0.0,0.0,47.43,0.308,7588.8,8347.68,0.0
2011-03-14 23:00:00,B3688,0.171,0.0,0.0,47.43,0.171,7588.8,8347.68,0.0
2011-03-15 00:00:00,B3688,2.571,2.4,0.0,47.43,2.571,7588.8,8347.68,0.0
2011-03-15 01:00:00,B3688,2.571,2.4,0.0,47.43,2.571,7588.8,8347.68,0.0
2011-03-15 02:00:00,B3688,2.571,2.4,0.0,47.43,2.571,7588.8,8347.68,0.0
2011-03-15 03:00:00,B3688,2.571,2.4,0.0,47.43,2.571,7588.8,8347.68,0.0
2011-03-15 04:00:00,B3688,2.571,2.4,0.0,47.43,2.571,7588.8,8347.68,0.0
2011-03-15 05:00:00,B3688,0.308,0.0,0.0,47.43,0.308,7588.8,8347.68,0.0
2011-03-15 06:00:00,B3688,1.131,0.0,0.0,47.43,1.131,7588.8,8347.68,0.0
2011-03-15 07:00:00,B3688,0.31,0.0,0.34,47.43,-0.25000000000000006,7588.8,8347.68,0.56
2011-03-15 08:00:00,B3688,0.173,0.0,0.74,47.43,-0.867,7588.8,8347.68,1.04
2011-03-15 09:00:00,B3688,0.173,0.0,1.18,47.43,-1.297,7588.8,8347.68,1.47
2011-03-15 10:00:00,B3688,0.173,0.0,1.5,47.43,-1.547,7588.8,8347.68,1.72
2011-03-15 11:00:00,B3688,0.173,0.0,1.7,47.43,-1.657,7588.8,8347.68,1.83
2011-03-15 12:00:00,B3688,1.131,0.0,1.87,47.43,-0.829,7588.8,8347.68,1.96
2011-03-15 13:00:00,B3688,0.309,0.0,1.77,47.43,-1.5510000000000002,7588.8,8347.68,1.86
2011-03-15 14:00:00,B3688,0.173,0.0,1.52,47.43,-1.4569999999999999,7588.8,8347.68,1.63
2011-03-15 15:00:00,B3688,0.173,0.0,1.24,47.43,-1.187,7588.8,8347.68,1.36
2011-03-15 16:00:00,B3688,0.173,0.0,0.88,47.43,-0.817,7588.8,8347.68,0.99
2011-03-15 17:00:00,B3688,0.309,0.0,0.27,47.43,-0.01100000000000001,7588.8,8347.68,0.32
2011-03-15 18:00:00,B3688,1.131,0.0,0.0,47.43,1.131,7588.8,8347.68,0.0
2011-03-15 19:00:00,B3688,1.405,0.0,0.0,47.43,1.405,7588.8,8347.68,0.0
2011-03-15 20:00:00,B3688,0.31,0.0,0.0,47.43,0.31,7588.8,8347.68,0.0
2011-03-15 21:00:00,B3688,0.308,0.0,0.0,47.43,0.308,7588.8,8347.68,0.0
2011-03-15 22:00:00,B3688,0.308,0.0,0.0,47.43,0.308,7588.8,8347.68,0.0
2011-03-15 23:00:00,B3688,0.171,0.0,0.0,47.43,0.171,7588.8,8347.68,0.0
2011-03-16 00:00:00,B3688,2.571,2.4,0.0,47.43,2.571,7588.8,8347.68,0.0
2011-03-16 01:00:00,B3688,2.571,2.4,0.0,47.43,2.571,7588.8,8347.68,0.0
2011-03-16 02:00:00,B3688,2.571,2.4,0.0,47.43,2.571,7588.8,8347.68,0.0
2011-03-16 03:00:00,B3688,2.571,2.4,0.0,47.43,2.571,7588.8,8347.68,0.0
2011-03-16 04:00:00,B3688,2.571,2.4,0.0,47.43,2.571,7588.8,8347.68,0.0
2011-03-16 05:00:00,B3688,0.308,0.0,0.0,47.43,0.308,7588.8,8347.68,0.0
2011-03-16 06:00:00,B3688,1.131,0.0,0.0,47.43,1.131,7588.8,8347.68,0.0
2011-03-16 07:00:00,B3688,0.31,0.0,0.22,47.43,-0.15999999999999998,7588.8,8347.68,0.47
2011-03-16 08:00:00,B3688,0.173,0.0,0.57,47.43,-0.7070000000000001,7588.8,8347.68,0.88
2011-03-16 09:00:00,B3688,0.173,0.0,1.07,47.43,-1.147,7588.8,8347.68,1.32
2011-03-16 10:00:00,B3688,0.173,0.0,1.58,47.43,-1.617,7588.8,8347.68,1.79
2011-03-16 11:00:00,B3688,0.173,0.0,1.9,47.43,-1.8569999999999998,7588.8,8347.68,2.03
2011-03-16 12:00:00,B3688,1.131,0.0,1.91,47.43,-0.859,7588.8,8347.68,1.99
2011-03-16 13:00:00,B3688,0.309,0.0,1.79,47.43,-1.571,7588.8,8347.68,1.88
2011-03-16 14:00:00,B3688,0.173,0.0,1.69,47.43,-1.637,7588.8,8347.68,1.81
2011-03-16 15:00:00,B3688,0.173,0.0,1.27,47.43,-1.2269999999999999,7588.8,8347.68,1.4
2011-03-16 16:00:00,B3688,0.173,0.0,0.73,47.43,-0.617,7588.8,8347.68,0.79
2011-03-16 17:00:00,B3688,0.309,0.0,0.0,47.43,0.289,7588.8,8347.68,0.02
2011-03-16 18:00:00,B3688,1.131,0.0,0.0,47.43,1.131,7588.8,8347.68,0.0
2011-03-16 19:00:00,B3688,1.405,0.0,0.0,47.43,1.405,7588.8,8347.68,0.0
2011-03-16 20:00:00,B3688,0.31,0.0,0.0,47.43,0.31,7588.8,8347.68,0.0
2011-03-16 21:00:00,B3688,0.308,0.0,0.0,47.43,0.308,7588.8,8347.68,0.0
2011-03-16 22:00:00,B3688,0.308,0.0,0.0,47.43,0.308,7588.8,8347.68,0.0
2011-03-16 23:00:00,B3688,0.171,0.0,0.0,47.43,0.171,7588.8,8347.68,0.0
2011-03-17 00:00:00,B3688,2.571,2.4,0.0,47.43,2.571,7588.8,8347.68,0.0
2011-03-17 01:00:00,B3688,2.571,2.4,0.0,47.43,2.571,7588.8,8347.68,0.0
2011-03-17 02:00:00,B3688,2.571,2.4,0.0,47.43,2.571,7588.8,8347.68,0.0
2011-03-17 03:00:00,B3688,2.571,2.4,0.0,47.43,2.571,7588.8,8347.68,0.0
2011-03-17 04:00:00,B3688,2.571,2.4,0.0,47.43,2.571,7588.8,8347.68,0.0
2011-03-17 05:00:00,B3688,0.308,0.0,0.0,47.43,0.308,7588.8,8347.68,0.0
2011-03-17 06:00:00,B3688,1.131,0.0,0.0,47.43,1.131,7588.8,8347.68,0.0
2011-03-17 07:00:00,B3688,0.31,0.0,0.34,47.43,-0.25000000000000006,7588.8,8347.68,0.56
2011-03-17 08:00:00,B3688,0.173,0.0,0.77,47.43,-0.927,7588.8,8347.68,1.1
2011-03-17 09:00:00,B3688,0.173,0.0,1.19,47.43,-1.297,7588.8,8347.68,1.47
2011-03-17 10:00:00,B3688,0.173,0.0,1.59,47.43,-1.617,7588.8,8347.68,1.79
2011-03-17 11:00:00,B3688,0.173,0.0,1.96,47.43,-1.9169999999999998,7588.8,8347.68,2.09
2011-03-17 12:00:00,B3688,1.131,0.0,2.09,47.43,-1.059,7588.8,8347.68,2.19
2011-03-17 13:00:00,B3688,0.309,0.0,2.03,47.43,-1.8310000000000002,7588.8,8347.68,2.14
2011-03-17 14:00:00,B3688,0.173,0.0,1.82,47.43,-1.767,7588.8,8347.68,1.94
2011-03-17 15:00:00,B3688,0.173,0.0,1.4,47.43,-1.357,7588.8,8347.68,1.53
2011-03-17 16:00:00,B3688,0.173,0.0,0.94,47.43,-0.877,7588.8,8347.68,1.05
2011-03-17 17:00:00,B3688,0.309,0.0,0.3,47.43,-0.05099999999999999,7588.8,8347.68,0.36
2011-03-17 18:00:00,B3688,1.131,0.0,0.0,47.43,1.131,7588.8,8347.68,0.0
2011-03-17 19:00:00,B3688,1.405,0.0,0.0,47.43,1.405,7588.8,8347.68,0.0
2011-03-17 20:00:00,B3688,0.31,0.0,0.0,47.43,0.31,7588.8,8347.68,0.0
2011-03-17 21:00:00,B3688,0.308,0.0,0.0,47.43,0.308,7588.8,8347.68,0.0
2011-03-17 22:00:00,B3688,0.308,0.0,0.0,47.43,0.308,7588.8,8347.68,0.0
2011-03-17 23:00:00,B3688,0.171,0.0,0.0,47.43,0.171,7588.8,8347.68,0.0
2011-03-18 00:00:00,B3688,2.571,2.4,0.0,47.43,2.571,7588.8,8347.68,0.0
2011-03-18 01:00:00,B3688,2.571,2.4,0.0,47.43,2.571,7588.8,8347.68,0.0
2011-03-18 02:00:00,B3688,2.571,2.4,0.0,47.43,2.571,7588.8,8347.68,0.0
2011-03-18 03:00:00,B3688,2.571,2.4,0.0,47.43,2.571,7588.8,8347.68,0.0
2011-03-18 04:00:00,B3688,2.571,2.4,0.0,47.43,2.571,7588.8,8347.68,0.0
2011-03-18 05:00:00,B3688,0.308,0.0,0.0,47.43,0.308,7588.8,8347.68,0.0
2011-03-18 06:00:00,B3688,1.131,0.0,0.0,47.43,1.131,7588.8,8347.68,0.0
2011-03-18 07:00:00,B3688,0.31,0.0,0.25,47.43,-0.2,7588.8,8347.68,0.51
2011-03-18 08:00:00,B3688,0.173,0.0,0.68,47.43,-0.817,7588.8,8347.68,0.99
2011-03-18 09:00:00,B3688,0.173,0.0,1.16,47.43,-1.2469999999999999,7588.8,8347.68,1.42
2011-03-18 10:00:00,B3688,0.173,0.0,1.56,47.43,-1.557,7588.8,8347.68,1.73
2011-03-18 11:00:00,B3688,0.173,0.0,1.82,47.43,-1.7469999999999999,7588.8,8347.68,1.92
2011-03-18 12:00:00,B3688,1.131,0.0,1.96,47.43,-0.8989999999999998,7588.8,8347.68,2.03
2011-03-18 13:00:00,B3688,0.309,0.0,1.92,47.43,-1.7009999999999998,7588.8,8347.68,2.01
2011-03-18 14:00:00,B3688,0.173,0.0,1.73,47.43,-1.647,7588.8,8347.68,1.82
2011-03-18 15:00:00,B3688,0.173,0.0,1.39,47.43,-1.337,7588.8,8347.68,1.51
2011-03-18 16:00:00,B3688,0.173,0.0,0.94,47.43,-0.877,7588.8,8347.68,1.05
2011-03-18 17:00:00,B3688,0.309,0.0,0.29,47.43,-0.04099999999999998,7588.8,8347.68,0.35
2011-03-18 18:00:00,B3688,1.131,0.0,0.0,47.43,1.131,7588.8,8347.68,0.0
2011-03-18 19:00:00,B3688,1.405,0.0,0.0,47.43,1.405,7588.8,8347.68,0.0
2011-03-18 20:00:00,B3688,0.31,0.0,0.0,47.43,0.31,7588.8,8347.68,0.0
2011-03-18 21:00:00,B3688,0.308,0.0,0.0,47.43,0.308,7588.8,8347.68,0.0
2011-03-18 22:00:00,B3688,0.308,0.0,0.0,47.43,0.308,7588.8,8347.68,0.0
2011-03-18 23:00:00,B3688,0.171,0.0,0.0,47.43,0.171,7588.8,8347.68,0.0
2011-03-19 00:00:00,B3688,0.171,0.0,0.0,47.43,0.171,7588.8,8347.68,0.0
2011-03-19 01:00:00,B3688,0.171,0.0,0.0,47.43,0.171,7588.8,8347.68,0.0
2011-03-19 02:00:00,B3688,0.171,0.0,0.0,47.43,0.171,7588.8,8347.68,0.0
2011-03-19 03:00:00,B3688,0.171,0.0,0.0,47.43,0.171,7588.8,8347.68,0.0
2011-03-19 04:00:00,B3688,0.171,0.0,0.0,47.43,0.171,7588.8,8347.68,0.0
2011-03-19 05:00:00,B3688,0.308,0.0,0.0,47.43,0.308,7588.8,8347.68,0.0
2011-03-19 06:00:00,B3688,1.131,0.0,0.0,47.43,1.131,7588.8,8347.68,0.0
2011-03-19 07:00:00,B3688,0.309,0.0,0.3,47.43,-0.28099999999999997,7588.8,8347.68,0.59
2011-03-19 08:00:00,B3688,2.573,2.4,0.73,47.43,1.523,7588.8,8347.68,1.05
2011-03-19 09:00:00,B3688,2.573,2.4,1.21,47.43,1.113,7588.8,8347.68,1.46
2011-03-19 10:00:00,B3688,2.573,2.4,1.61,47.43,0.7929999999999999,7588.8,8347.68,1.78
2011-03-19 11:00:00,B3688,2.573,2.4,1.87,47.43,0.603,7588.8,8347.68,1.97
2011-03-19 12:00:00,B3688,3.53,2.4,2.0,47.43,1.46,7588.8,8347.68,2.07
2011-03-19 13:00:00,B3688,0.31,0.0,1.97,47.43,-1.7399999999999998,7588.8,8347.68,2.05
2011-03-19 14:00:00,B3688,0.173,0.0,1.76,47.43,-1.687,7588.8,8347.68,1.86
2011-03-19 15:00:00,B3688,0.173,0.0,1.43,47.43,-1.367,7588.8,8347.68,1.54
2011-03-19 16:00:00,B3688,0.173,0.0,0.97,47.43,-0.897,7588.8,8347.68,1.07
2011-03-19 17:00:00,B3688,0.31,0.0,0.3,47.43,-0.04999999999999999,7588.8,8347.68,0.36
2011-03-19 18:00:00,B3688,1.13,0.0,0.0,47.43,1.13,7588.8,8347.68,0.0
2011-03-19 19:00:00,B3688,1.403,0.0,0.0,47.43,1.403,7588.8,8347.68,0.0
2011-03-19 20:00:00,B3688,0.309,0.0,0.0,47.43,0.309,7588.8,8347.68,0.0
2011-03-19 21:00:00,B3688,0.308,0.0,0.0,47.43,0.308,7588.8,8347.68,0.0
2011-03-19 22:00:00,B3688,0.308,0.0,0.0,47.43,0.308,7588.8,8347.68,0.0
2011-03-19 23:00:00,B3688,0.171,0.0,0.0,47.43,0.171,7588.8,8347.68,0.0
2011-03-20 00:00:00,B3688,0.171,0.0,0.0,47.43,0.171,7588.8,8347.68,0.0
2011-03-20 01:00:00,B3688,0.171,0.0,0.0,47.43,0.171,7588.8,8347.68,0.0
2011-03-20 02:00:00,B3688,0.171,0.0,0.0,47.43,0.171,7588.8,8347.68,0.0
2011-03-20 03:00:00,B3688,0.171,0.0,0.0,47.43,0.171,7588.8,8347.68,0.0
2011-03-20 04:00:00,B3688,0.171,0.0,0.0,47.43,0.171,7588.8,8347.68,0.0
2011-03-20 05:00:00,B3688,0.308,0.0,0.0,47.43,0.308,7588.8,8347.68,0.0
2011-03-20 06:00:00,B3688,1.131,0.0,0.0,47.43,1.131,7588.8,8347.68,0.0
2011-03-20 07:00:00,B3688,0.309,0.0,0.23,47.43,-0.191,7588.8,8347.68,0.5
2011-03-20 08:00:00,B3688,2.573,2.4,0.73,47.43,1.533,7588.8,8347.68,1.04
2011-03-20 09:00:00,B3688,2.573,2.4,1.25,47.43,1.063,7588.8,8347.68,1.51
2011-03-20 10:00:00,B3688,2.573,2.4,1.64,47.43,0.7529999999999999,7588.8,8347.68,1.82
2011-03-20 11:00:00,B3688,2.573,2.4,1.91,47.43,0.573,7588.8,8347.68,2.0
2011-03-20 12:00:00,B3688,3.53,2.4,2.03,47.43,1.4299999999999997,7588.8,8347.68,2.1
2011-03-20 13:00:00,B3688,0.308,0.0,2.0,47.43,-1.772,7588.8,8347.68,2.08
2011-03-20 14:00:00,B3688,0.171,0.0,1.79,47.43,-1.7189999999999999,7588.8,8347.68,1.89
2011-03-20 15:00:00,B3688,0.171,0.0,1.45,47.43,-1.399,7588.8,8347.68,1.57
2011-03-20 16:00:00,B3688,0.171,0.0,0.99,47.43,-0.919,7588.8,8347.68,1.09
2011-03-20 17:00:00,B3688,0.308,0.0,0.31,47.43,-0.062,7588.8,8347.68,0.37
2011-03-20 18:00:00,B3688,1.13,0.0,0.0,47.43,1.13,7588.8,8347.68,0.0
2011-03-20 19:00:00,B3688,1.403,0.0,0.0,47.43,1.403,7588.8,8347.68,0.0
2011-03-20 20:00:00,B3688,0.309,0.0,0.0,47.43,0.309,7588.8,8347.68,0.0
2011-03-20 21:00:00,B3688,0.308,0.0,0.0,47.43,0.308,7588.8,8347.68,0.0
2011-03-20 22:00:00,B3688,0.308,0.0,0.0,47.43,0.308,7588.8,8347.68,0.0
2011-03-20 23:00:00,B3688,0.171,0.0,0.0,47.43,0.171,7588.8,8347.68,0.0
2011-03-21 00:00:00,B3688,2.571,2.4,0.0,47.43,2.571,7588.8,8347.68,0.0
2011-03-21 01:00:00,B3688,2.571,2.4,0.0,47.43,2.571,7588.8,8347.68,0.0
2011-03-21 02:00:00,B3688,2.571,2.4,0.0,47.43,2.571,7588.8,8347.68,0.0
2011-03-21 03:00:00,B3688,2.571,2.4,0.0,47.43,2.571,7588.8,8347.68,0.0
2011-03-21 04:00:00,B3688,2.571,2.4,0.0,47.43,2.571,7588.8,8347.68,0.0
2011-03-21 05:00:00,B3688,0.308,0.0,0.0,47.43,0.308,7588.8,8347.68,0.0
2011-03-21 06:00:00,B3688,1.131,0.0,0.0,47.43,1.131,7588.8,8347.68,0.0
2011-03-21 07:00:00,B3688,0.31,0.0,0.24,47.43,-0.2,7588.8,8347.68,0.51
2011-03-21 08:00:00,B3688,0.173,0.0,0.75,47.43,-0.887,7588.8,8347.68,1.06
2011-03-21 09:00:00,B3688,0.173,0.0,1.28,47.43,-1.357,7588.8,8347.68,1.53
2011-03-21 10:00:00,B3688,0.173,0.0,1.67,47.43,-1.677,7588.8,8347.68,1.85
2011-03-21 11:00:00,B3688,0.173,0.0,1.95,47.43,-1.8769999999999998,7588.8,8347.68,2.05
2011-03-21 12:00:00,B3688,1.13,0.0,2.08,47.43,-1.02,7588.8,8347.68,2.15
2011-03-21 13:00:00,B3688,0.308,0.0,2.03,47.43,-1.8019999999999998,7588.8,8347.68,2.11
2011-03-21 14:00:00,B3688,0.171,0.0,1.82,47.43,-1.7489999999999999,7588.8,8347.68,1.92
2011-03-21 15:00:00,B3688,0.171,0.0,1.48,47.43,-1.419,7588.8,8347.68,1.59
2011-03-21 16:00:00,B3688,0.171,0.0,1.01,47.43,-0.9490000000000001,7588.8,8347.68,1.12
2011-03-21 17:00:00,B3688,0.308,0.0,0.47,47.43,-0.25200000000000006,7588.8,8347.68,0.56
2011-03-21 18:00:00,B3688,1.13,0.0,0.0,47.43,1.13,7588.8,8347.68,0.0
2011-03-21 19:00:00,B3688,1.403,0.0,0.0,47.43,1.403,7588.8,8347.68,0.0
2011-03-21 20:00:00,B3688,0.31,0.0,0.0,47.43,0.31,7588.8,8347.68,0.0
2011-03-21 21:00:00,B3688,0.308,0.0,0.0,47.43,0.308,7588.8,8347.68,0.0
2011-03-21 22:00:00,B3688,0.308,0.0,0.0,47.43,0.308,7588.8,8347.68,0.0
2011-03-21 23:00:00,B3688,0.171,0.0,0.0,47.43,0.171,7588.8,8347.68,0.0
2011-03-22 00:00:00,B3688,2.571,2.4,0.0,47.43,2.571,7588.8,8347.68,0.0
2011-03-22 01:00:00,B3688,2.571,2.4,0.0,47.43,2.571,7588.8,8347.68,0.0
2011-03-22 02:00:00,B3688,2.571,2.4,0.0,47.43,2.571,7588.8,8347.68,0.0
2011-03-22 03:00:00,B3688,2.571,2.4,0.0,47.43,2.571,7588.8,8347.68,0.0
2011-03-22 04:00:00,B3688,2.571,2.4,0.0,47.43,2.571,7588.8,8347.68,0.0
2011-03-22 05:00:00,B3688,0.308,0.0,0.0,47.43,0.308,7588.8,8347.68,0.0
2011-03-22 06:00:00,B3688,1.131,0.0,0.0,47.43,1.131,7588.8,8347.68,0.0
2011-03-22 07:00:00,B3688,0.31,0.0,0.27,47.43,-0.23000000000000004,7588.8,8347.68,0.54
2011-03-22 08:00:00,B3688,0.173,0.0,0.85,47.43,-0.9969999999999999,7588.8,8347.68,1.17
2011-03-22 09:00:00,B3688,0.173,0.0,1.39,47.43,-1.4869999999999999,7588.8,8347.68,1.66
2011-03-22 10:00:00,B3688,0.173,0.0,1.77,47.43,-1.787,7588.8,8347.68,1.96
2011-03-22 11:00:00,B3688,0.173,0.0,2.04,47.43,-1.9769999999999999,7588.8,8347.68,2.15
2011-03-22 12:00:00,B3688,1.13,0.0,2.08,47.43,-1.04,7588.8,8347.68,2.17
2011-03-22 13:00:00,B3688,0.309,0.0,1.97,47.43,-1.7510000000000001,7588.8,8347.68,2.06
2011-03-22 14:00:00,B3688,0.173,0.0,1.69,47.43,-1.637,7588.8,8347.68,1.81
2011-03-22 15:00:00,B3688,0.173,0.0,1.25,47.43,-1.187,7588.8,8347.68,1.36
2011-03-22 16:00:00,B3688,0.173,0.0,0.85,47.43,-0.7570000000000001,7588.8,8347.68,0.93
2011-03-22 17:00:00,B3688,0.309,0.0,0.41,47.43,-0.181,7588.8,8347.68,0.49
2011-03-22 18:00:00,B3688,1.13,0.0,0.0,47.43,1.13,7588.8,8347.68,0.0
2011-03-22 19:00:00,B3688,1.403,0.0,0.0,47.43,1.403,7588.8,8347.68,0.0
2011-03-22 20:00:00,B3688,0.31,0.0,0.0,47.43,0.31,7588.8,8347.68,0.0
2011-03-22 21:00:00,B3688,0.308,0.0,0.0,47.43,0.308,7588.8,8347.68,0.0
2011-03-22 22:00:00,B3688,0.308,0.0,0.0,47.43,0.308,7588.8,8347.68,0.0
2011-03-22 23:00:00,B3688,0.171,0.0,0.0,47.43,0.171,7588.8,8347.68,0.0
2011-03-23 00:00:00,B3688,2.571,2.4,0.0,47.43,2.571,7588.8,8347.68,0.0
2011-03-23 01:00:00,B3688,2.571,2.4,0.0,47.43,2.571,7588.8,8347.68,0.0
2011-03-23 02:00:00,B3688,2.571,2.4,0.0,47.43,2.571,7588.8,8347.68,0.0
2011-03-23 03:00:00,B3688,2.571,2.4,0.0,47.43,2.571,7588.8,8347.68,0.0
2011-03-23 04:00:00,B3688,2.571,2.4,0.0,47.43,2.571,7588.8,8347.68,0.0
2011-03-23 05:00:00,B3688,0.308,0.0,0.0,47.43,0.308,7588.8,8347.68,0.0
2011-03-23 06:00:00,B3688,1.131,0.0,0.0,47.43,1.131,7588.8,8347.68,0.0
2011-03-23 07:00:00,B3688,0.31,0.0,0.25,47.43,-0.22000000000000003,7588.8,8347.68,0.53
2011-03-23 08:00:00,B3688,0.173,0.0,0.86,47.43,-0.9969999999999999,7588.8,8347.68,1.17
2011-03-23 09:00:00,B3688,0.173,0.0,1.42,47.43,-1.507,7588.8,8347.68,1.68
2011-03-23 10:00:00,B3688,0.173,0.0,1.82,47.43,-1.827,7588.8,8347.68,2.0
2011-03-23 11:00:00,B3688,0.173,0.0,2.1,47.43,-2.027,7588.8,8347.68,2.2
2011-03-23 12:00:00,B3688,1.13,0.0,2.2,47.43,-1.15,7588.8,8347.68,2.28
2011-03-23 13:00:00,B3688,0.309,0.0,2.16,47.43,-1.9310000000000003,7588.8,8347.68,2.24
2011-03-23 14:00:00,B3688,0.173,0.0,1.93,47.43,-1.8569999999999998,7588.8,8347.68,2.03
2011-03-23 15:00:00,B3688,0.173,0.0,1.54,47.43,-1.4769999999999999,7588.8,8347.68,1.65
2011-03-23 16:00:00,B3688,0.173,0.0,1.04,47.43,-0.9669999999999999,7588.8,8347.68,1.14
2011-03-23 17:00:00,B3688,0.309,0.0,0.48,47.43,-0.26099999999999995,7588.8,8347.68,0.57
2011-03-23 18:00:00,B3688,1.13,0.0,0.0,47.43,1.13,7588.8,8347.68,0.0
2011-03-23 19:00:00,B3688,1.403,0.0,0.0,47.43,1.403,7588.8,8347.68,0.0
2011-03-23 20:00:00,B3688,0.31,0.0,0.0,47.43,0.31,7588.8,8347.68,0.0
2011-03-23 21:00:00,B3688,0.308,0.0,0.0,47.43,0.308,7588.8,8347.68,0.0
2011-03-23 22:00:00,B3688,0.308,0.0,0.0,47.43,0.308,7588.8,8347.68,0.0
2011-03-23 23:00:00,B3688,0.171,0.0,0.0,47.43,0.171,7588.8,8347.68,0.0
2011-03-24 00:00:00,B3688,2.571,2.4,0.0,47.43,2.571,7588.8,8347.68,0.0
2011-03-24 01:00:00,B3688,2.571,2.4,0.0,47.43,2.571,7588.8,8347.68,0.0
2011-03-24 02:00:00,B3688,2.571,2.4,0.0,47.43,2.571,7588.8,8347.68,0.0
2011-03-24 03:00:00,B3688,2.571,2.4,0.0,47.43,2.571,7588.8,8347.68,0.0
2011-03-24 04:00:00,B3688,2.571,2.4,0.0,47.43,2.571,7588.8,8347.68,0.0
2011-03-24 05:00:00,B3688,0.308,0.0,0.0,47.43,0.308,7588.8,8347.68,0.0
2011-03-24 06:00:00,B3688,1.131,0.0,0.0,47.43,1.131,7588.8,8347.68,0.0
2011-03-24 07:00:00,B3688,0.31,0.0,0.28,47.43,-0.23000000000000004,7588.8,8347.68,0.54
2011-03-24 08:00:00,B3688,0.173,0.0,0.9,47.43,-1.047,7588.8,8347.68,1.22
2011-03-24 09:00:00,B3688,0.173,0.0,1.43,47.43,-1.527,7588.8,8347.68,1.7
2011-03-24 10:00:00,B3688,0.173,0.0,1.79,47.43,-1.817,7588.8,8347.68,1.99
2011-03-24 11:00:00,B3688,0.173,0.0,1.91,47.43,-1.867,7588.8,8347.68,2.04
2011-03-24 12:00:00,B3688,1.13,0.0,2.02,47.43,-1.0,7588.8,8347.68,2.13
2011-03-24 13:00:00,B3688,0.309,0.0,2.01,47.43,-1.841,7588.8,8347.68,2.15
2011-03-24 14:00:00,B3688,0.173,0.0,1.86,47.43,-1.8569999999999998,7588.8,8347.68,2.03
2011-03-24 15:00:00,B3688,0.173,0.0,1.52,47.43,-1.507,7588.8,8347.68,1.68
2011-03-24 16:00:00,B3688,0.173,0.0,0.88,47.43,-0.837,7588.8,8347.68,1.01
2011-03-24 17:00:00,B3688,0.309,0.0,0.45,47.43,-0.201,7588.8,8347.68,0.51
2011-03-24 18:00:00,B3688,1.13,0.0,0.0,47.43,1.13,7588.8,8347.68,0.0
2011-03-24 19:00:00,B3688,1.403,0.0,0.0,47.43,1.403,7588.8,8347.68,0.0
2011-03-24 20:00:00,B3688,0.31,0.0,0.0,47.43,0.31,7588.8,8347.68,0.0
2011-03-24 21:00:00,B3688,0.308,0.0,0.0,47.43,0.308,7588.8,8347.68,0.0
2011-03-24 22:00:00,B3688,0.308,0.0,0.0,47.43,0.308,7588.8,8347.68,0.0
2011-03-24 23:00:00,B3688,0.171,0.0,0.0,47.43,0.171,7588.8,8347.68,0.0
2011-03-25 00:00:00,B3688,2.571,2.4,0.0,47.43,2.571,7588.8,8347.68,0.0
2011-03-25 01:00:00,B3688,2.571,2.4,0.0,47.43,2.571,7588.8,8347.68,0.0
2011-03-25 02:00:00,B3688,2.571,2.4,0.0,47.43,2.571,7588.8,8347.68,0.0
2011-03-25 03:00:00,B3688,2.571,2.4,0.0,47.43,2.571,7588.8,8347.68,0.0
2011-03-25 04:00:00,B3688,2.571,2.4,0.0,47.43,2.571,7588.8,8347.68,0.0
2011-03-25 05:00:00,B3688,0.308,0.0,0.0,47.43,0.308,7588.8,8347.68,0.0
2011-03-25 06:00:00,B3688,1.131,0.0,0.0,47.43,1.131,7588.8,8347.68,0.0
2011-03-25 07:00:00,B3688,0.31,0.0,0.31,47.43,-0.27999999999999997,7588.8,8347.68,0.59
2011-03-25 08:00:00,B3688,0.173,0.0,0.98,47.43,-1.127,7588.8,8347.68,1.3
2011-03-25 09:00:00,B3688,0.173,0.0,1.53,47.43,-1.647,7588.8,8347.68,1.82
2011-03-25 10:00:00,B3688,0.173,0.0,1.9,47.43,-1.9569999999999999,7588.8,8347.68,2.13
2011-03-25 11:00:00,B3688,0.173,0.0,2.15,47.43,-2.127,7588.8,8347.68,2.3
2011-03-25 12:00:00,B3688,1.13,0.0,2.18,47.43,-1.1600000000000001,7588.8,8347.68,2.29
2011-03-25 13:00:00,B3688,0.309,0.0,1.99,47.43,-1.801,7588.8,8347.68,2.11
2011-03-25 14:00:00,B3688,0.173,0.0,1.79,47.43,-1.7369999999999999,7588.8,8347.68,1.91
2011-03-25 15:00:00,B3688,0.173,0.0,1.41,47.43,-1.357,7588.8,8347.68,1.53
2011-03-25 16:00:00,B3688,0.173,0.0,0.91,47.43,-0.827,7588.8,8347.68,1.0
2011-03-25 17:00:00,B3688,0.309,0.0,0.44,47.43,-0.201,7588.8,8347.68,0.51
2011-03-25 18:00:00,B3688,1.13,0.0,0.0,47.43,1.13,7588.8,8347.68,0.0
2011-03-25 19:00:00,B3688,1.403,0.0,0.0,47.43,1.403,7588.8,8347.68,0.0
2011-03-25 20:00:00,B3688,0.31,0.0,0.0,47.43,0.31,7588.8,8347.68,0.0
2011-03-25 21:00:00,B3688,0.308,0.0,0.0,47.43,0.308,7588.8,8347.68,0.0
2011-03-25 22:00:00,B3688,0.308,0.0,0.0,47.43,0.308,7588.8,8347.68,0.0
2011-03-25 23:00:00,B3688,0.171,0.0,0.0,47.43,0.171,7588.8,8347.68,0.0
2011-03-26 00:00:00,B3688,0.171,0.0,0.0,47.43,0.171,7588.8,8347.68,0.0
2011-03-26 01:00:00,B3688,0.171,0.0,0.0,47.43,0.171,7588.8,8347.68,0.0
2011-03-26 02:00:00,B3688,0.171,0.0,0.0,47.43,0.171,7588.8,8347.68,0.0
2011-03-26 03:00:00,B3688,0.171,0.0,0.0,47.43,0.171,7588.8,8347.68,0.0
2011-03-26 04:00:00,B3688,0.171,0.0,0.0,47.43,0.171,7588.8,8347.68,0.0
2011-03-26 05:00:00,B3688,0.308,0.0,0.0,47.43,0.308,7588.8,8347.68,0.0
2011-03-26 06:00:00,B3688,1.131,0.0,0.0,47.43,1.131,7588.8,8347.68,0.0
2011-03-26 07:00:00,B3688,0.309,0.0,0.38,47.43,-0.311,7588.8,8347.68,0.62
2011-03-26 08:00:00,B3688,2.573,2.4,0.99,47.43,1.283,7588.8,8347.68,1.29
2011-03-26 09:00:00,B3688,2.573,2.4,1.49,47.43,0.7929999999999999,7588.8,8347.68,1.78
2011-03-26 10:00:00,B3688,2.573,2.4,1.87,47.43,0.5030000000000001,7588.8,8347.68,2.07
2011-03-26 11:00:00,B3688,2.573,2.4,2.13,47.43,0.2829999999999999,7588.8,8347.68,2.29
2011-03-26 12:00:00,B3688,3.53,2.4,2.04,47.43,1.3499999999999996,7588.8,8347.68,2.18
2011-03-26 13:00:00,B3688,0.31,0.0,1.5,47.43,-1.3,7588.8,8347.68,1.61
2011-03-26 14:00:00,B3688,0.173,0.0,0.88,47.43,-0.7969999999999999,7588.8,8347.68,0.97
2011-03-26 15:00:00,B3688,0.173,0.0,0.53,47.43,-0.38700000000000007,7588.8,8347.68,0.56
2011-03-26 16:00:00,B3688,0.173,0.0,0.51,47.43,-0.37700000000000006,7588.8,8347.68,0.55
2011-03-26 17:00:00,B3688,0.31,0.0,0.45,47.43,-0.21000000000000002,7588.8,8347.68,0.52
2011-03-26 18:00:00,B3688,1.13,0.0,0.0,47.43,1.13,7588.8,8347.68,0.0
2011-03-26 19:00:00,B3688,1.403,0.0,0.0,47.43,1.403,7588.8,8347.68,0.0
2011-03-26 20:00:00,B3688,0.309,0.0,0.0,47.43,0.309,7588.8,8347.68,0.0
2011-03-26 21:00:00,B3688,0.308,0.0,0.0,47.43,0.308,7588.8,8347.68,0.0
2011-03-26 22:00:00,B3688,0.308,0.0,0.0,47.43,0.308,7588.8,8347.68,0.0
2011-03-26 23:00:00,B3688,0.171,0.0,0.0,47.43,0.171,7588.8,8347.68,0.0
2011-03-27 00:00:00,B3688,0.171,0.0,0.0,47.43,0.171,7588.8,8347.68,0.0
2011-03-27 01:00:00,B3688,0.171,0.0,0.0,47.43,0.171,7588.8,8347.68,0.0
2011-03-27 02:00:00,B3688,0.171,0.0,0.0,47.43,0.171,7588.8,8347.68,0.0
2011-03-27 03:00:00,B3688,0.171,0.0,0.0,47.43,0.171,7588.8,8347.68,0.0
2011-03-27 04:00:00,B3688,0.171,0.0,0.0,47.43,0.171,7588.8,8347.68,0.0
2011-03-27 05:00:00,B3688,0.308,0.0,0.0,47.43,0.308,7588.8,8347.68,0.0
2011-03-27 06:00:00,B3688,1.131,0.0,0.0,47.43,1.131,7588.8,8347.68,0.0
2011-03-27 07:00:00,B3688,0.309,0.0,0.51,47.43,-0.441,7588.8,8347.68,0.75
2011-03-27 08:00:00,B3688,2.573,2.4,1.11,47.43,1.123,7588.8,8347.68,1.45
2011-03-27 09:00:00,B3688,2.573,2.4,1.59,47.43,0.683,7588.8,8347.68,1.89
2011-03-27 10:00:00,B3688,2.573,2.4,1.98,47.43,0.3729999999999998,7588.8,8347.68,2.2
2011-03-27 11:00:00,B3688,2.573,2.4,2.33,47.43,0.10299999999999976,7588.8,8347.68,2.47
2011-03-27 12:00:00,B3688,3.53,2.4,2.4,47.43,1.0099999999999998,7588.8,8347.68,2.52
2011-03-27 13:00:00,B3688,0.31,0.0,2.24,47.43,-2.07,7588.8,8347.68,2.38
2011-03-27 14:00:00,B3688,0.173,0.0,2.0,47.43,-1.9769999999999999,7588.8,8347.68,2.15
2011-03-27 15:00:00,B3688,0.173,0.0,1.46,47.43,-1.437,7588.8,8347.68,1.61
2011-03-27 16:00:00,B3688,0.173,0.0,0.85,47.43,-0.7969999999999999,7588.8,8347.68,0.97
2011-03-27 17:00:00,B3688,0.309,0.0,0.37,47.43,-0.09100000000000003,7588.8,8347.68,0.4
2011-03-27 18:00:00,B3688,1.13,0.0,0.0,47.43,1.13,7588.8,8347.68,0.0
2011-03-27 19:00:00,B3688,1.403,0.0,0.0,47.43,1.403,7588.8,8347.68,0.0
2011-03-27 20:00:00,B3688,0.309,0.0,0.0,47.43,0.309,7588.8,8347.68,0.0
2011-03-27 21:00:00,B3688,0.308,0.0,0.0,47.43,0.308,7588.8,8347.68,0.0
2011-03-27 22:00:00,B3688,0.308,0.0,0.0,47.43,0.308,7588.8,8347.68,0.0
2011-03-27 23:00:00,B3688,0.171,0.0,0.0,47.43,0.171,7588.8,8347.68,0.0
2011-03-28 00:00:00,B3688,2.571,2.4,0.0,47.43,2.571,7588.8,8347.68,0.0
2011-03-28 01:00:00,B3688,2.571,2.4,0.0,47.43,2.571,7588.8,8347.68,0.0
2011-03-28 02:00:00,B3688,2.571,2.4,0.0,47.43,2.571,7588.8,8347.68,0.0
2011-03-28 03:00:00,B3688,2.571,2.4,0.0,47.43,2.571,7588.8,8347.68,0.0
2011-03-28 04:00:00,B3688,2.571,2.4,0.0,47.43,2.571,7588.8,8347.68,0.0
2011-03-28 05:00:00,B3688,0.308,0.0,0.0,47.43,0.308,7588.8,8347.68,0.0
2011-03-28 06:00:00,B3688,1.131,0.0,0.0,47.43,1.131,7588.8,8347.68,0.0
2011-03-28 07:00:00,B3688,0.31,0.0,0.54,47.43,-0.43,7588.8,8347.68,0.74
2011-03-28 08:00:00,B3688,0.173,0.0,1.12,47.43,-1.267,7588.8,8347.68,1.44
2011-03-28 09:00:00,B3688,0.173,0.0,1.6,47.43,-1.7469999999999999,7588.8,8347.68,1.92
2011-03-28 10:00:00,B3688,0.173,0.0,1.93,47.43,-2.007,7588.8,8347.68,2.18
2011-03-28 11:00:00,B3688,0.173,0.0,2.11,47.43,-2.117,7588.8,8347.68,2.29
2011-03-28 12:00:00,B3688,1.13,0.0,2.15,47.43,-1.15,7588.8,8347.68,2.28
2011-03-28 13:00:00,B3688,0.309,0.0,2.0,47.43,-1.821,7588.8,8347.68,2.13
2011-03-28 14:00:00,B3688,0.173,0.0,1.57,47.43,-1.507,7588.8,8347.68,1.68
2011-03-28 15:00:00,B3688,0.173,0.0,1.15,47.43,-1.087,7588.8,8347.68,1.26
2011-03-28 16:00:00,B3688,0.173,0.0,0.62,47.43,-0.48700000000000004,7588.8,8347.68,0.66
2011-03-28 17:00:00,B3688,0.309,0.0,0.0,47.43,0.309,7588.8,8347.68,0.0
2011-03-28 18:00:00,B3688,1.13,0.0,0.0,47.43,1.13,7588.8,8347.68,0.0
2011-03-28 19:00:00,B3688,1.403,0.0,0.0,47.43,1.403,7588.8,8347.68,0.0
2011-03-28 20:00:00,B3688,0.31,0.0,0.0,47.43,0.31,7588.8,8347.68,0.0
2011-03-28 21:00:00,B3688,0.308,0.0,0.0,47.43,0.308,7588.8,8347.68,0.0
2011-03-28 22:00:00,B3688,0.308,0.0,0.0,47.43,0.308,7588.8,8347.68,0.0
2011-03-28 23:00:00,B3688,0.171,0.0,0.0,47.43,0.171,7588.8,8347.68,0.0
2011-03-29 00:00:00,B3688,2.571,2.4,0.0,47.43,2.571,7588.8,8347.68,0.0
2011-03-29 01:00:00,B3688,2.571,2.4,0.0,47.43,2.571,7588.8,8347.68,0.0
2011-03-29 02:00:00,B3688,2.571,2.4,0.0,47.43,2.571,7588.8,8347.68,0.0
2011-03-29 03:00:00,B3688,2.571,2.4,0.0,47.43,2.571,7588.8,8347.68,0.0
2011-03-29 04:00:00,B3688,2.571,2.4,0.0,47.43,2.571,7588.8,8347.68,0.0
2011-03-29 05:00:00,B3688,0.308,0.0,0.0,47.43,0.308,7588.8,8347.68,0.0
2011-03-29 06:00:00,B3688,1.131,0.0,0.0,47.43,1.131,7588.8,8347.68,0.0
2011-03-29 07:00:00,B3688,0.31,0.0,0.65,47.43,-0.5700000000000001,7588.8,8347.68,0.88
2011-03-29 08:00:00,B3688,0.173,0.0,1.17,47.43,-1.327,7588.8,8347.68,1.5
2011-03-29 09:00:00,B3688,0.173,0.0,1.81,47.43,-1.987,7588.8,8347.68,2.16
2011-03-29 10:00:00,B3688,0.173,0.0,2.32,47.43,-2.427,7588.8,8347.68,2.6
2011-03-29 11:00:00,B3688,0.173,0.0,2.5,47.43,-2.477,7588.8,8347.68,2.65
2011-03-29 12:00:00,B3688,1.13,0.0,2.52,47.43,-1.48,7588.8,8347.68,2.61
2011-03-29 13:00:00,B3688,0.309,0.0,2.43,47.43,-2.2209999999999996,7588.8,8347.68,2.53
2011-03-29 14:00:00,B3688,0.173,0.0,2.2,47.43,-2.137,7588.8,8347.68,2.31
2011-03-29 15:00:00,B3688,0.173,0.0,1.79,47.43,-1.7469999999999999,7588.8,8347.68,1.92
2011-03-29 16:00:00,B3688,0.173,0.0,1.26,47.43,-1.2169999999999999,7588.8,8347.68,1.39
2011-03-29 17:00:00,B3688,0.309,0.0,0.62,47.43,-0.40099999999999997,7588.8,8347.68,0.71
2011-03-29 18:00:00,B3688,1.13,0.0,0.0,47.43,1.13,7588.8,8347.68,0.0
2011-03-29 19:00:00,B3688,1.403,0.0,0.0,47.43,1.403,7588.8,8347.68,0.0
2011-03-29 20:00:00,B3688,0.31,0.0,0.0,47.43,0.31,7588.8,8347.68,0.0
2011-03-29 21:00:00,B3688,0.308,0.0,0.0,47.43,0.308,7588.8,8347.68,0.0
2011-03-29 22:00:00,B3688,0.308,0.0,0.0,47.43,0.308,7588.8,8347.68,0.0
2011-03-29 23:00:00,B3688,0.171,0.0,0.0,47.43,0.171,7588.8,8347.68,0.0
2011-03-30 00:00:00,B3688,2.571,2.4,0.0,47.43,2.571,7588.8,8347.68,0.0
2011-03-30 01:00:00,B3688,2.571,2.4,0.0,47.43,2.571,7588.8,8347.68,0.0
2011-03-30 02:00:00,B3688,2.571,2.4,0.0,47.43,2.571,7588.8,8347.68,0.0
2011-03-30 03:00:00,B3688,2.571,2.4,0.0,47.43,2.571,7588.8,8347.68,0.0
2011-03-30 04:00:00,B3688,2.571,2.4,0.0,47.43,2.571,7588.8,8347.68,0.0
2011-03-30 05:00:00,B3688,0.308,0.0,0.0,47.43,0.308,7588.8,8347.68,0.0
2011-03-30 06:00:00,B3688,1.131,0.0,0.0,47.43,1.131,7588.8,8347.68,0.0
2011-03-30 07:00:00,B3688,0.31,0.0,0.67,47.43,-0.6599999999999999,7588.8,8347.68,0.97
2011-03-30 08:00:00,B3688,0.173,0.0,1.31,47.43,-1.507,7588.8,8347.68,1.68
2011-03-30 09:00:00,B3688,0.173,0.0,1.86,47.43,-2.057,7588.8,8347.68,2.23
2011-03-30 10:00:00,B3688,0.173,0.0,2.31,47.43,-2.437,7588.8,8347.68,2.61
2011-03-30 11:00:00,B3688,0.173,0.0,2.57,47.43,-2.567,7588.8,8347.68,2.74
2011-03-30 12:00:00,B3688,1.13,0.0,2.62,47.43,-1.6,7588.8,8347.68,2.73
2011-03-30 13:00:00,B3688,0.309,0.0,2.52,47.43,-2.3209999999999997,7588.8,8347.68,2.63
2011-03-30 14:00:00,B3688,0.173,0.0,2.19,47.43,-2.127,7588.8,8347.68,2.3
2011-03-30 15:00:00,B3688,0.173,0.0,1.78,47.43,-1.7169999999999999,7588.8,8347.68,1.89
2011-03-30 16:00:00,B3688,0.173,0.0,1.27,47.43,-1.2069999999999999,7588.8,8347.68,1.38
2011-03-30 17:00:00,B3688,0.309,0.0,0.64,47.43,-0.421,7588.8,8347.68,0.73
2011-03-30 18:00:00,B3688,1.13,0.0,0.0,47.43,1.13,7588.8,8347.68,0.0
2011-03-30 19:00:00,B3688,1.403,0.0,0.0,47.43,1.403,7588.8,8347.68,0.0
2011-03-30 20:00:00,B3688,0.31,0.0,0.0,47.43,0.31,7588.8,8347.68,0.0
2011-03-30 21:00:00,B3688,0.308,0.0,0.0,47.43,0.308,7588.8,8347.68,0.0
2011-03-30 22:00:00,B3688,0.308,0.0,0.0,47.43,0.308,7588.8,8347.68,0.0
2011-03-30 23:00:00,B3688,0.171,0.0,0.0,47.43,0.171,7588.8,8347.68,0.0
2011-03-31 00:00:00,B3688,2.571,2.4,0.0,47.43,2.571,7588.8,8347.68,0.0
2011-03-31 01:00:00,B3688,2.571,2.4,0.0,47.43,2.571,7588.8,8347.68,0.0
2011-03-31 02:00:00,B3688,2.571,2.4,0.0,47.43,2.571,7588.8,8347.68,0.0
2011-03-31 03:00:00,B3688,2.571,2.4,0.0,47.43,2.571,7588.8,8347.68,0.0
2011-03-31 04:00:00,B3688,2.571,2.4,0.0,47.43,2.571,7588.8,8347.68,0.0
2011-03-31 05:00:00,B3688,0.308,0.0,0.0,47.43,0.308,7588.8,8347.68,0.0
2011-03-31 06:00:00,B3688,1.131,0.0,0.0,47.43,1.131,7588.8,8347.68,0.0
2011-03-31 07:00:00,B3688,0.31,0.0,0.66,47.43,-0.6799999999999999,7588.8,8347.68,0.99
2011-03-31 08:00:00,B3688,0.173,0.0,1.22,47.43,-1.347,7588.8,8347.68,1.52
2011-03-31 09:00:00,B3688,0.173,0.0,1.78,47.43,-1.8569999999999998,7588.8,8347.68,2.03
2011-03-31 10:00:00,B3688,0.173,0.0,2.14,47.43,-2.147,7588.8,8347.68,2.32
2011-03-31 11:00:00,B3688,0.173,0.0,2.39,47.43,-2.317,7588.8,8347.68,2.49
2011-03-31 12:00:00,B3688,1.13,0.0,2.48,47.43,-1.42,7588.8,8347.68,2.55
2011-03-31 13:00:00,B3688,0.308,0.0,2.44,47.43,-2.212,7588.8,8347.68,2.52
2011-03-31 14:00:00,B3688,0.171,0.0,2.21,47.43,-2.129,7588.8,8347.68,2.3
2011-03-31 15:00:00,B3688,0.171,0.0,1.82,47.43,-1.759,7588.8,8347.68,1.93
2011-03-31 16:00:00,B3688,0.171,0.0,1.3,47.43,-1.2489999999999999,7588.8,8347.68,1.42
2011-03-31 17:00:00,B3688,0.308,0.0,0.67,47.43,-0.452,7588.8,8347.68,0.76
2011-03-31 18:00:00,B3688,1.13,0.0,0.0,47.43,1.13,7588.8,8347.68,0.0
2011-03-31 19:00:00,B3688,1.403,0.0,0.0,47.43,1.403,7588.8,8347.68,0.0
2011-03-31 20:00:00,B3688,0.308,0.0,0.0,47.43,0.308,7588.8,8347.68,0.0
2011-03-31 21:00:00,B3688,0.308,0.0,0.0,47.43,0.308,7588.8,8347.68,0.0
2011-03-31 22:00:00,B3688,0.308,0.0,0.0,47.43,0.308,7588.8,8347.68,0.0
2011-03-31 23:00:00,B3688,0.171,0.0,0.0,47.43,0.171,7588.8,8347.68,0.0
2011-04-01 00:00:00,B3688,2.571,2.4,0.0,47.43,2.571,7588.8,8347.68,0.0
2011-04-01 01:00:00,B3688,2.571,2.4,0.0,47.43,2.571,7588.8,8347.68,0.0
2011-04-01 02:00:00,B3688,2.571,2.4,0.0,47.43,2.571,7588.8,8347.68,0.0
2011-04-01 03:00:00,B3688,2.571,2.4,0.0,47.43,2.571,7588.8,8347.68,0.0
2011-04-01 04:00:00,B3688,2.571,2.4,0.0,47.43,2.571,7588.8,8347.68,0.0
2011-04-01 05:00:00,B3688,0.308,0.0,0.0,47.43,0.308,7588.8,8347.68,0.0
2011-04-01 06:00:00,B3688,1.131,0.0,0.0,47.43,1.131,7588.8,8347.68,0.0
2011-04-01 07:00:00,B3688,0.31,0.0,0.69,47.43,-0.6100000000000001,7588.8,8347.68,0.92
2011-04-01 08:00:00,B3688,0.173,0.0,1.38,47.43,-1.587,7588.8,8347.68,1.76
2011-04-01 09:00:00,B3688,0.173,0.0,1.91,47.43,-2.097,7588.8,8347.68,2.27
2011-04-01 10:00:00,B3688,0.173,0.0,2.28,47.43,-2.397,7588.8,8347.68,2.57
2011-04-01 11:00:00,B3688,0.173,0.0,2.38,47.43,-2.427,7588.8,8347.68,2.6
2011-04-01 12:00:00,B3688,1.13,0.0,2.31,47.43,-1.35,7588.8,8347.68,2.48
2011-04-01 13:00:00,B3688,0.309,0.0,2.04,47.43,-1.8710000000000002,7588.8,8347.68,2.18
2011-04-01 14:00:00,B3688,0.173,0.0,1.82,47.43,-1.787,7588.8,8347.68,1.96
2011-04-01 15:00:00,B3688,0.173,0.0,1.76,47.43,-1.7469999999999999,7588.8,8347.68,1.92
2011-04-01 16:00:00,B3688,0.173,0.0,1.39,47.43,-1.367,7588.8,8347.68,1.54
2011-04-01 17:00:00,B3688,0.309,0.0,0.72,47.43,-0.5109999999999999,7588.8,8347.68,0.82
2011-04-01 18:00:00,B3688,1.131,0.0,0.0,47.43,1.131,7588.8,8347.68,0.0
2011-04-01 19:00:00,B3688,1.403,0.0,0.0,47.43,1.403,7588.8,8347.68,0.0
2011-04-01 20:00:00,B3688,0.31,0.0,0.0,47.43,0.31,7588.8,8347.68,0.0
2011-04-01 21:00:00,B3688,0.308,0.0,0.0,47.43,0.308,7588.8,8347.68,0.0
2011-04-01 22:00:00,B3688,0.308,0.0,0.0,47.43,0.308,7588.8,8347.68,0.0
2011-04-01 23:00:00,B3688,0.171,0.0,0.0,47.43,0.171,7588.8,8347.68,0.0
2011-04-02 00:00:00,B3688,0.171,0.0,0.0,47.43,0.171,7588.8,8347.68,0.0
2011-04-02 01:00:00,B3688,0.171,0.0,0.0,47.43,0.171,7588.8,8347.68,0.0
2011-04-02 02:00:00,B3688,0.171,0.0,0.0,47.43,0.171,7588.8,8347.68,0.0
2011-04-02 03:00:00,B3688,0.171,0.0,0.0,47.43,0.171,7588.8,8347.68,0.0
2011-04-02 04:00:00,B3688,0.171,0.0,0.0,47.43,0.171,7588.8,8347.68,0.0
2011-04-02 05:00:00,B3688,0.308,0.0,0.0,47.43,0.308,7588.8,8347.68,0.0
2011-04-02 06:00:00,B3688,1.131,0.0,0.0,47.43,1.131,7588.8,8347.68,0.0
2011-04-02 07:00:00,B3688,0.309,0.0,0.76,47.43,-0.821,7588.8,8347.68,1.13
2011-04-02 08:00:00,B3688,2.573,2.4,1.34,47.43,0.913,7588.8,8347.68,1.66
2011-04-02 09:00:00,B3688,2.573,2.4,1.9,47.43,0.4129999999999998,7588.8,8347.68,2.16
2011-04-02 10:00:00,B3688,2.573,2.4,2.26,47.43,0.1429999999999998,7588.8,8347.68,2.43
2011-04-02 11:00:00,B3688,2.573,2.4,2.49,47.43,-0.016999999999999904,7588.8,8347.68,2.59
2011-04-02 12:00:00,B3688,3.53,2.4,2.57,47.43,0.8899999999999997,7588.8,8347.68,2.64
2011-04-02 13:00:00,B3688,0.31,0.0,2.5,47.43,-2.27,7588.8,8347.68,2.58
2011-04-02 14:00:00,B3688,0.173,0.0,2.26,47.43,-2.187,7588.8,8347.68,2.36
2011-04-02 15:00:00,B3688,0.173,0.0,1.88,47.43,-1.817,7588.8,8347.68,1.99
2011-04-02 16:00:00,B3688,0.173,0.0,1.36,47.43,-1.307,7588.8,8347.68,1.48
2011-04-02 17:00:00,B3688,0.31,0.0,0.7,47.43,-0.49000000000000005,7588.8,8347.68,0.8
2011-04-02 18:00:00,B3688,1.13,0.0,0.0,47.43,1.13,7588.8,8347.68,0.0
2011-04-02 19:00:00,B3688,1.403,0.0,0.0,47.43,1.403,7588.8,8347.68,0.0
2011-04-02 20:00:00,B3688,0.309,0.0,0.0,47.43,0.309,7588.8,8347.68,0.0
2011-04-02 21:00:00,B3688,0.308,0.0,0.0,47.43,0.308,7588.8,8347.68,0.0
2011-04-02 22:00:00,B3688,0.308,0.0,0.0,47.43,0.308,7588.8,8347.68,0.0
2011-04-02 23:00:00,B3688,0.171,0.0,0.0,47.43,0.171,7588.8,8347.68,0.0
2011-04-03 00:00:00,B3688,0.171,0.0,0.0,47.43,0.171,7588.8,8347.68,0.0
2011-04-03 01:00:00,B3688,0.171,0.0,0.0,47.43,0.171,7588.8,8347.68,0.0
2011-04-03 02:00:00,B3688,0.171,0.0,0.0,47.43,0.171,7588.8,8347.68,0.0
2011-04-03 03:00:00,B3688,0.171,0.0,0.0,47.43,0.171,7588.8,8347.68,0.0
2011-04-03 04:00:00,B3688,0.171,0.0,0.0,47.43,0.171,7588.8,8347.68,0.0
2011-04-03 05:00:00,B3688,0.308,0.0,0.0,47.43,0.308,7588.8,8347.68,0.0
2011-04-03 06:00:00,B3688,1.131,0.0,0.0,47.43,1.131,7588.8,8347.68,0.0
2011-04-03 07:00:00,B3688,0.309,0.0,0.81,47.43,-0.891,7588.8,8347.68,1.2
2011-04-03 08:00:00,B3688,2.573,2.4,1.39,47.43,0.873,7588.8,8347.68,1.7
2011-04-03 09:00:00,B3688,2.573,2.4,1.94,47.43,0.383,7588.8,8347.68,2.19
2011-04-03 10:00:00,B3688,2.573,2.4,2.3,47.43,0.10299999999999976,7588.8,8347.68,2.47
2011-04-03 11:00:00,B3688,2.573,2.4,2.52,47.43,-0.04700000000000015,7588.8,8347.68,2.62
2011-04-03 12:00:00,B3688,3.53,2.4,2.61,47.43,0.8499999999999996,7588.8,8347.68,2.68
2011-04-03 13:00:00,B3688,0.308,0.0,2.54,47.43,-2.3120000000000003,7588.8,8347.68,2.62
2011-04-03 14:00:00,B3688,0.171,0.0,2.29,47.43,-2.2190000000000003,7588.8,8347.68,2.39
2011-04-03 15:00:00,B3688,0.171,0.0,1.9,47.43,-1.8389999999999997,7588.8,8347.68,2.01
2011-04-03 16:00:00,B3688,0.171,0.0,1.37,47.43,-1.319,7588.8,8347.68,1.49
2011-04-03 17:00:00,B3688,0.308,0.0,0.72,47.43,-0.502,7588.8,8347.68,0.81
2011-04-03 18:00:00,B3688,1.13,0.0,0.0,47.43,1.13,7588.8,8347.68,0.0
2011-04-03 19:00:00,B3688,1.403,0.0,0.0,47.43,1.403,7588.8,8347.68,0.0
2011-04-03 20:00:00,B3688,0.309,0.0,0.0,47.43,0.309,7588.8,8347.68,0.0
2011-04-03 21:00:00,B3688,0.308,0.0,0.0,47.43,0.308,7588.8,8347.68,0.0
2011-04-03 22:00:00,B3688,0.308,0.0,0.0,47.43,0.308,7588.8,8347.68,0.0
2011-04-03 23:00:00,B3688,0.171,0.0,0.0,47.43,0.171,7588.8,8347.68,0.0
2011-04-04 00:00:00,B3688,2.571,2.4,0.0,47.43,2.571,7588.8,8347.68,0.0
2011-04-04 01:00:00,B3688,2.571,2.4,0.0,47.43,2.571,7588.8,8347.68,0.0
2011-04-04 02:00:00,B3688,2.571,2.4,0.0,47.43,2.571,7588.8,8347.68,0.0
2011-04-04 03:00:00,B3688,2.571,2.4,0.0,47.43,2.571,7588.8,8347.68,0.0
2011-04-04 04:00:00,B3688,2.571,2.4,0.0,47.43,2.571,7588.8,8347.68,0.0
2011-04-04 05:00:00,B3688,0.308,0.0,0.0,47.43,0.308,7588.8,8347.68,0.0
2011-04-04 06:00:00,B3688,1.131,0.0,0.0,47.43,1.131,7588.8,8347.68,0.0
2011-04-04 07:00:00,B3688,0.31,0.0,0.87,47.43,-0.96,7588.8,8347.68,1.27
2011-04-04 08:00:00,B3688,0.173,0.0,1.44,47.43,-1.577,7588.8,8347.68,1.75
2011-04-04 09:00:00,B3688,0.173,0.0,1.99,47.43,-2.067,7588.8,8347.68,2.24
2011-04-04 10:00:00,B3688,0.173,0.0,2.35,47.43,-2.347,7588.8,8347.68,2.52
2011-04-04 11:00:00,B3688,0.171,0.0,2.59,47.43,-2.519,7588.8,8347.68,2.69
2011-04-04 12:00:00,B3688,1.13,0.0,2.67,47.43,-1.6100000000000003,7588.8,8347.68,2.74
2011-04-04 13:00:00,B3688,0.308,0.0,2.59,47.43,-2.362,7588.8,8347.68,2.67
2011-04-04 14:00:00,B3688,0.171,0.0,2.34,47.43,-2.269,7588.8,8347.68,2.44
2011-04-04 15:00:00,B3688,0.171,0.0,1.95,47.43,-1.889,7588.8,8347.68,2.06
2011-04-04 16:00:00,B3688,0.171,0.0,1.44,47.43,-1.389,7588.8,8347.68,1.56
2011-04-04 17:00:00,B3688,0.308,0.0,0.77,47.43,-0.562,7588.8,8347.68,0.87
2011-04-04 18:00:00,B3688,1.13,0.0,0.0,47.43,1.13,7588.8,8347.68,0.0
2011-04-04 19:00:00,B3688,1.403,0.0,0.0,47.43,1.403,7588.8,8347.68,0.0
2011-04-04 20:00:00,B3688,0.308,0.0,0.0,47.43,0.308,7588.8,8347.68,0.0
2011-04-04 21:00:00,B3688,0.308,0.0,0.0,47.43,0.308,7588.8,8347.68,0.0
2011-04-04 22:00:00,B3688,0.308,0.0,0.0,47.43,0.308,7588.8,8347.68,0.0
2011-04-04 23:00:00,B3688,0.171,0.0,0.0,47.43,0.171,7588.8,8347.68,0.0
2011-04-05 00:00:00,B3688,2.571,2.4,0.0,47.43,2.571,7588.8,8347.68,0.0
2011-04-05 01:00:00,B3688,2.571,2.4,0.0,47.43,2.571,7588.8,8347.68,0.0
2011-04-05 02:00:00,B3688,2.571,2.4,0.0,47.43,2.571,7588.8,8347.68,0.0
2011-04-05 03:00:00,B3688,2.571,2.4,0.0,47.43,2.571,7588.8,8347.68,0.0
2011-04-05 04:00:00,B3688,2.571,2.4,0.0,47.43,2.571,7588.8,8347.68,0.0
2011-04-05 05:00:00,B3688,0.308,0.0,0.0,47.43,0.308,7588.8,8347.68,0.0
2011-04-05 06:00:00,B3688,1.13,0.0,0.0,47.43,1.13,7588.8,8347.68,0.0
2011-04-05 07:00:00,B3688,0.31,0.0,0.92,47.43,-1.02,7588.8,8347.68,1.33
2011-04-05 08:00:00,B3688,0.171,0.0,1.49,47.43,-1.629,7588.8,8347.68,1.8
2011-04-05 09:00:00,B3688,0.171,0.0,2.02,47.43,-2.099,7588.8,8347.68,2.27
2011-04-05 10:00:00,B3688,0.171,0.0,2.41,47.43,-2.4090000000000003,7588.8,8347.68,2.58
2011-04-05 11:00:00,B3688,0.171,0.0,2.64,47.43,-2.5690000000000004,7588.8,8347.68,2.74
2011-04-05 12:00:00,B3688,1.13,0.0,2.74,47.43,-1.6800000000000002,7588.8,8347.68,2.81
2011-04-05 13:00:00,B3688,0.308,0.0,2.66,47.43,-2.4320000000000004,7588.8,8347.68,2.74
2011-04-05 14:00:00,B3688,0.171,0.0,2.38,47.43,-2.309,7588.8,8347.68,2.48
2011-04-05 15:00:00,B3688,0.171,0.0,1.98,47.43,-1.9189999999999998,7588.8,8347.68,2.09
2011-04-05 16:00:00,B3688,0.171,0.0,1.45,47.43,-1.399,7588.8,8347.68,1.57
2011-04-05 17:00:00,B3688,0.308,0.0,0.79,47.43,-0.5720000000000001,7588.8,8347.68,0.88
2011-04-05 18:00:00,B3688,1.13,0.0,0.0,47.43,1.13,7588.8,8347.68,0.0
2011-04-05 19:00:00,B3688,1.403,0.0,0.0,47.43,1.403,7588.8,8347.68,0.0
2011-04-05 20:00:00,B3688,0.308,0.0,0.0,47.43,0.308,7588.8,8347.68,0.0
2011-04-05 21:00:00,B3688,0.308,0.0,0.0,47.43,0.308,7588.8,8347.68,0.0
2011-04-05 22:00:00,B3688,0.308,0.0,0.0,47.43,0.308,7588.8,8347.68,0.0
2011-04-05 23:00:00,B3688,0.171,0.0,0.0,47.43,0.171,7588.8,8347.68,0.0
2011-04-06 00:00:00,B3688,2.571,2.4,0.0,47.43,2.571,7588.8,8347.68,0.0
2011-04-06 01:00:00,B3688,2.571,2.4,0.0,47.43,2.571,7588.8,8347.68,0.0
2011-04-06 02:00:00,B3688,2.571,2.4,0.0,47.43,2.571,7588.8,8347.68,0.0
2011-04-06 03:00:00,B3688,2.571,2.4,0.0,47.43,2.571,7588.8,8347.68,0.0
2011-04-06 04:00:00,B3688,2.571,2.4,0.0,47.43,2.571,7588.8,8347.68,0.0
2011-04-06 05:00:00,B3688,0.308,0.0,0.0,47.43,0.308,7588.8,8347.68,0.0
2011-04-06 06:00:00,B3688,1.13,0.0,0.0,47.43,1.13,7588.8,8347.68,0.0
2011-04-06 07:00:00,B3688,0.308,0.0,0.98,47.43,-1.1119999999999999,7588.8,8347.68,1.42
2011-04-06 08:00:00,B3688,0.171,0.0,1.6,47.43,-1.779,7588.8,8347.68,1.95
2011-04-06 09:00:00,B3688,0.171,0.0,2.18,47.43,-2.3190000000000004,7588.8,8347.68,2.49
2011-04-06 10:00:00,B3688,0.171,0.0,2.58,47.43,-2.6590000000000003,7588.8,8347.68,2.83
2011-04-06 11:00:00,B3688,0.171,0.0,2.72,47.43,-2.7390000000000003,7588.8,8347.68,2.91
2011-04-06 12:00:00,B3688,1.13,0.0,2.67,47.43,-1.7200000000000002,7588.8,8347.68,2.85
2011-04-06 13:00:00,B3688,0.308,0.0,2.56,47.43,-2.442,7588.8,8347.68,2.75
2011-04-06 14:00:00,B3688,0.171,0.0,2.18,47.43,-2.1990000000000003,7588.8,8347.68,2.37
2011-04-06 15:00:00,B3688,0.171,0.0,1.84,47.43,-1.8389999999999997,7588.8,8347.68,2.01
2011-04-06 16:00:00,B3688,0.171,0.0,1.41,47.43,-1.389,7588.8,8347.68,1.56
2011-04-06 17:00:00,B3688,0.308,0.0,0.65,47.43,-0.412,7588.8,8347.68,0.72
2011-04-06 18:00:00,B3688,1.13,0.0,0.0,47.43,1.13,7588.8,8347.68,0.0
2011-04-06 19:00:00,B3688,1.403,0.0,0.0,47.43,1.403,7588.8,8347.68,0.0
2011-04-06 20:00:00,B3688,0.308,0.0,0.0,47.43,0.308,7588.8,8347.68,0.0
2011-04-06 21:00:00,B3688,0.308,0.0,0.0,47.43,0.308,7588.8,8347.68,0.0
2011-04-06 22:00:00,B3688,0.308,0.0,0.0,47.43,0.308,7588.8,8347.68,0.0
2011-04-06 23:00:00,B3688,0.171,0.0,0.0,47.43,0.171,7588.8,8347.68,0.0
2011-04-07 00:00:00,B3688,2.571,2.4,0.0,47.43,2.571,7588.8,8347.68,0.0
2011-04-07 01:00:00,B3688,2.571,2.4,0.0,47.43,2.571,7588.8,8347.68,0.0
2011-04-07 02:00:00,B3688,2.571,2.4,0.0,47.43,2.571,7588.8,8347.68,0.0
2011-04-07 03:00:00,B3688,2.571,2.4,0.0,47.43,2.571,7588.8,8347.68,0.0
2011-04-07 04:00:00,B3688,2.571,2.4,0.0,47.43,2.571,7588.8,8347.68,0.0
2011-04-07 05:00:00,B3688,0.308,0.0,0.0,47.43,0.308,7588.8,8347.68,0.0
2011-04-07 06:00:00,B3688,1.13,0.0,0.0,47.43,1.13,7588.8,8347.68,0.0
2011-04-07 07:00:00,B3688,0.308,0.0,0.99,47.43,-1.1119999999999999,7588.8,8347.68,1.42
2011-04-07 08:00:00,B3688,0.171,0.0,1.62,47.43,-1.799,7588.8,8347.68,1.97
2011-04-07 09:00:00,B3688,0.171,0.0,2.14,47.43,-2.269,7588.8,8347.68,2.44
2011-04-07 10:00:00,B3688,0.171,0.0,2.53,47.43,-2.5690000000000004,7588.8,8347.68,2.74
2011-04-07 11:00:00,B3688,0.171,0.0,2.8,47.43,-2.769,7588.8,8347.68,2.94
2011-04-07 12:00:00,B3688,1.13,0.0,2.94,47.43,-1.94,7588.8,8347.68,3.07
2011-04-07 13:00:00,B3688,0.308,0.0,2.81,47.43,-2.6420000000000003,7588.8,8347.68,2.95
2011-04-07 14:00:00,B3688,0.171,0.0,2.5,47.43,-2.4690000000000003,7588.8,8347.68,2.64
2011-04-07 15:00:00,B3688,0.171,0.0,2.07,47.43,-2.0290000000000004,7588.8,8347.68,2.2
2011-04-07 16:00:00,B3688,0.171,0.0,1.5,47.43,-1.4589999999999999,7588.8,8347.68,1.63
2011-04-07 17:00:00,B3688,0.308,0.0,0.79,47.43,-0.5720000000000001,7588.8,8347.68,0.88
2011-04-07 18:00:00,B3688,1.13,0.0,0.0,47.43,1.13,7588.8,8347.68,0.0
2011-04-07 19:00:00,B3688,1.403,0.0,0.0,47.43,1.403,7588.8,8347.68,0.0
2011-04-07 20:00:00,B3688,0.308,0.0,0.0,47.43,0.308,7588.8,8347.68,0.0
2011-04-07 21:00:00,B3688,0.308,0.0,0.0,47.43,0.308,7588.8,8347.68,0.0
2011-04-07 22:00:00,B3688,0.308,0.0,0.0,47.43,0.308,7588.8,8347.68,0.0
2011-04-07 23:00:00,B3688,0.171,0.0,0.0,47.43,0.171,7588.8,8347.68,0.0
2011-04-08 00:00:00,B3688,2.571,2.4,0.0,47.43,2.571,7588.8,8347.68,0.0
2011-04-08 01:00:00,B3688,2.571,2.4,0.0,47.43,2.571,7588.8,8347.68,0.0
2011-04-08 02:00:00,B3688,2.571,2.4,0.0,47.43,2.571,7588.8,8347.68,0.0
2011-04-08 03:00:00,B3688,2.571,2.4,0.0,47.43,2.571,7588.8,8347.68,0.0
2011-04-08 04:00:00,B3688,2.571,2.4,0.0,47.43,2.571,7588.8,8347.68,0.0
2011-04-08 05:00:00,B3688,0.308,0.0,0.0,47.43,0.308,7588.8,8347.68,0.0
2011-04-08 06:00:00,B3688,1.13,0.0,0.0,47.43,1.13,7588.8,8347.68,0.0
2011-04-08 07:00:00,B3688,0.308,0.0,0.5,47.43,-0.342,7588.8,8347.68,0.65
2011-04-08 08:00:00,B3688,0.171,0.0,1.21,47.43,-1.339,7588.8,8347.68,1.51
2011-04-08 09:00:00,B3688,0.171,0.0,1.86,47.43,-2.039,7588.8,8347.68,2.21
2011-04-08 10:00:00,B3688,0.171,0.0,1.91,47.43,-2.019,7588.8,8347.68,2.19
2011-04-08 11:00:00,B3688,0.171,0.0,2.11,47.43,-2.129,7588.8,8347.68,2.3
2011-04-08 12:00:00,B3688,1.13,0.0,2.47,47.43,-1.4700000000000002,7588.8,8347.68,2.6
2011-04-08 13:00:00,B3688,0.308,0.0,2.49,47.43,-2.302,7588.8,8347.68,2.61
2011-04-08 14:00:00,B3688,0.171,0.0,2.05,47.43,-2.019,7588.8,8347.68,2.19
2011-04-08 15:00:00,B3688,0.171,0.0,1.47,47.43,-1.4589999999999999,7588.8,8347.68,1.63
2011-04-08 16:00:00,B3688,0.171,0.0,0.98,47.43,-0.9390000000000001,7588.8,8347.68,1.11
2011-04-08 17:00:00,B3688,0.308,0.0,0.59,47.43,-0.342,7588.8,8347.68,0.65
2011-04-08 18:00:00,B3688,1.13,0.0,0.0,47.43,1.13,7588.8,8347.68,0.0
2011-04-08 19:00:00,B3688,1.403,0.0,0.0,47.43,1.403,7588.8,8347.68,0.0
2011-04-08 20:00:00,B3688,0.308,0.0,0.0,47.43,0.308,7588.8,8347.68,0.0
2011-04-08 21:00:00,B3688,0.308,0.0,0.0,47.43,0.308,7588.8,8347.68,0.0
2011-04-08 22:00:00,B3688,0.308,0.0,0.0,47.43,0.308,7588.8,8347.68,0.0
2011-04-08 23:00:00,B3688,0.171,0.0,0.0,47.43,0.171,7588.8,8347.68,0.0
2011-04-09 00:00:00,B3688,0.171,0.0,0.0,47.43,0.171,7588.8,8347.68,0.0
2011-04-09 01:00:00,B3688,0.171,0.0,0.0,47.43,0.171,7588.8,8347.68,0.0
2011-04-09 02:00:00,B3688,0.171,0.0,0.0,47.43,0.171,7588.8,8347.68,0.0
2011-04-09 03:00:00,B3688,0.171,0.0,0.0,47.43,0.171,7588.8,8347.68,0.0
2011-04-09 04:00:00,B3688,0.171,0.0,0.0,47.43,0.171,7588.8,8347.68,0.0
2011-04-09 05:00:00,B3688,0.308,0.0,0.0,47.43,0.308,7588.8,8347.68,0.0
2011-04-09 06:00:00,B3688,1.129,0.0,0.0,47.43,1.129,7588.8,8347.68,0.0
2011-04-09 07:00:00,B3688,0.309,0.0,0.79,47.43,-0.7110000000000001,7588.8,8347.68,1.02
2011-04-09 08:00:00,B3688,2.573,2.4,0.84,47.43,1.533,7588.8,8347.68,1.04
2011-04-09 09:00:00,B3688,2.573,2.4,0.83,47.43,1.6429999999999998,7588.8,8347.68,0.93
2011-04-09 10:00:00,B3688,2.573,2.4,1.28,47.43,1.093,7588.8,8347.68,1.48
2011-04-09 11:00:00,B3688,2.573,2.4,1.33,47.43,1.083,7588.8,8347.68,1.49
2011-04-09 12:00:00,B3688,3.53,2.4,1.01,47.43,2.4,7588.8,8347.68,1.13
2011-04-09 13:00:00,B3688,0.308,0.0,1.07,47.43,-0.8819999999999999,7588.8,8347.68,1.19
2011-04-09 14:00:00,B3688,0.173,0.0,1.35,47.43,-1.327,7588.8,8347.68,1.5
2011-04-09 15:00:00,B3688,0.173,0.0,1.32,47.43,-1.287,7588.8,8347.68,1.46
2011-04-09 16:00:00,B3688,0.173,0.0,0.88,47.43,-0.817,7588.8,8347.68,0.99
2011-04-09 17:00:00,B3688,0.31,0.0,0.48,47.43,-0.21000000000000002,7588.8,8347.68,0.52
2011-04-09 18:00:00,B3688,1.13,0.0,0.0,47.43,1.13,7588.8,8347.68,0.0
2011-04-09 19:00:00,B3688,1.403,0.0,0.0,47.43,1.403,7588.8,8347.68,0.0
2011-04-09 20:00:00,B3688,0.308,0.0,0.0,47.43,0.308,7588.8,8347.68,0.0
2011-04-09 21:00:00,B3688,0.308,0.0,0.0,47.43,0.308,7588.8,8347.68,0.0
2011-04-09 22:00:00,B3688,0.308,0.0,0.0,47.43,0.308,7588.8,8347.68,0.0
2011-04-09 23:00:00,B3688,0.171,0.0,0.0,47.43,0.171,7588.8,8347.68,0.0
2011-04-10 00:00:00,B3688,0.171,0.0,0.0,47.43,0.171,7588.8,8347.68,0.0
2011-04-10 01:00:00,B3688,0.171,0.0,0.0,47.43,0.171,7588.8,8347.68,0.0
2011-04-10 02:00:00,B3688,0.171,0.0,0.0,47.43,0.171,7588.8,8347.68,0.0
2011-04-10 03:00:00,B3688,0.171,0.0,0.0,47.43,0.171,7588.8,8347.68,0.0
2011-04-10 04:00:00,B3688,0.171,0.0,0.0,47.43,0.171,7588.8,8347.68,0.0
2011-04-10 05:00:00,B3688,0.308,0.0,0.0,47.43,0.308,7588.8,8347.68,0.0
2011-04-10 06:00:00,B3688,1.129,0.0,0.0,47.43,1.129,7588.8,8347.68,0.0
2011-04-10 07:00:00,B3688,0.308,0.0,0.6,47.43,-0.48200000000000004,7588.8,8347.68,0.79
2011-04-10 08:00:00,B3688,2.573,2.4,1.18,47.43,1.103,7588.8,8347.68,1.47
2011-04-10 09:00:00,B3688,2.573,2.4,1.75,47.43,0.5030000000000001,7588.8,8347.68,2.07
2011-04-10 10:00:00,B3688,2.573,2.4,2.03,47.43,0.2829999999999999,7588.8,8347.68,2.29
2011-04-10 11:00:00,B3688,2.573,2.4,2.33,47.43,0.06300000000000017,7588.8,8347.68,2.51
2011-04-10 12:00:00,B3688,3.53,2.4,2.64,47.43,0.75,7588.8,8347.68,2.78
2011-04-10 13:00:00,B3688,0.308,0.0,2.4,47.43,-2.242,7588.8,8347.68,2.55
2011-04-10 14:00:00,B3688,0.171,0.0,1.95,47.43,-1.929,7588.8,8347.68,2.1
2011-04-10 15:00:00,B3688,0.171,0.0,1.49,47.43,-1.4589999999999999,7588.8,8347.68,1.63
2011-04-10 16:00:00,B3688,0.173,0.0,0.96,47.43,-0.897,7588.8,8347.68,1.07
2011-04-10 17:00:00,B3688,0.308,0.0,0.45,47.43,-0.182,7588.8,8347.68,0.49
2011-04-10 18:00:00,B3688,1.13,0.0,0.0,47.43,1.13,7588.8,8347.68,0.0
2011-04-10 19:00:00,B3688,1.403,0.0,0.0,47.43,1.403,7588.8,8347.68,0.0
2011-04-10 20:00:00,B3688,0.308,0.0,0.0,47.43,0.308,7588.8,8347.68,0.0
2011-04-10 21:00:00,B3688,0.308,0.0,0.0,47.43,0.308,7588.8,8347.68,0.0
2011-04-10 22:00:00,B3688,0.308,0.0,0.0,47.43,0.308,7588.8,8347.68,0.0
2011-04-10 23:00:00,B3688,0.171,0.0,0.0,47.43,0.171,7588.8,8347.68,0.0
2011-04-11 00:00:00,B3688,2.571,2.4,0.0,47.43,2.571,7588.8,8347.68,0.0
2011-04-11 01:00:00,B3688,2.571,2.4,0.0,47.43,2.571,7588.8,8347.68,0.0
2011-04-11 02:00:00,B3688,2.571,2.4,0.0,47.43,2.571,7588.8,8347.68,0.0
2011-04-11 03:00:00,B3688,2.571,2.4,0.0,47.43,2.571,7588.8,8347.68,0.0
2011-04-11 04:00:00,B3688,2.571,2.4,0.0,47.43,2.571,7588.8,8347.68,0.0
2011-04-11 05:00:00,B3688,0.308,0.0,0.0,47.43,0.308,7588.8,8347.68,0.0
2011-04-11 06:00:00,B3688,1.13,0.0,0.0,47.43,1.13,7588.8,8347.68,0.0
2011-04-11 07:00:00,B3688,0.31,0.0,0.56,47.43,-0.44,7588.8,8347.68,0.75
2011-04-11 08:00:00,B3688,0.173,0.0,1.27,47.43,-1.387,7588.8,8347.68,1.56
2011-04-11 09:00:00,B3688,0.173,0.0,1.83,47.43,-1.9569999999999999,7588.8,8347.68,2.13
2011-04-11 10:00:00,B3688,0.173,0.0,2.1,47.43,-2.157,7588.8,8347.68,2.33
2011-04-11 11:00:00,B3688,0.173,0.0,2.67,47.43,-2.657,7588.8,8347.68,2.83
2011-04-11 12:00:00,B3688,1.13,0.0,2.9,47.43,-1.9100000000000001,7588.8,8347.68,3.04
2011-04-11 13:00:00,B3688,0.309,0.0,2.28,47.43,-2.121,7588.8,8347.68,2.43
2011-04-11 14:00:00,B3688,0.173,0.0,1.87,47.43,-1.827,7588.8,8347.68,2.0
2011-04-11 15:00:00,B3688,0.173,0.0,1.87,47.43,-1.8369999999999997,7588.8,8347.68,2.01
2011-04-11 16:00:00,B3688,0.173,0.0,1.22,47.43,-1.177,7588.8,8347.68,1.35
2011-04-11 17:00:00,B3688,0.309,0.0,0.55,47.43,-0.291,7588.8,8347.68,0.6
2011-04-11 18:00:00,B3688,1.13,0.0,0.0,47.43,1.13,7588.8,8347.68,0.0
2011-04-11 19:00:00,B3688,1.403,0.0,0.0,47.43,1.403,7588.8,8347.68,0.0
2011-04-11 20:00:00,B3688,0.31,0.0,0.0,47.43,0.31,7588.8,8347.68,0.0
2011-04-11 21:00:00,B3688,0.308,0.0,0.0,47.43,0.308,7588.8,8347.68,0.0
2011-04-11 22:00:00,B3688,0.308,0.0,0.0,47.43,0.308,7588.8,8347.68,0.0
2011-04-11 23:00:00,B3688,0.171,0.0,0.0,47.43,0.171,7588.8,8347.68,0.0
2011-04-12 00:00:00,B3688,2.571,2.4,0.0,47.43,2.571,7588.8,8347.68,0.0
2011-04-12 01:00:00,B3688,2.571,2.4,0.0,47.43,2.571,7588.8,8347.68,0.0
2011-04-12 02:00:00,B3688,2.571,2.4,0.0,47.43,2.571,7588.8,8347.68,0.0
2011-04-12 03:00:00,B3688,2.571,2.4,0.0,47.43,2.571,7588.8,8347.68,0.0
2011-04-12 04:00:00,B3688,2.571,2.4,0.0,47.43,2.571,7588.8,8347.68,0.0
2011-04-12 05:00:00,B3688,0.308,0.0,0.0,47.43,0.308,7588.8,8347.68,0.0
2011-04-12 06:00:00,B3688,1.131,0.0,0.0,47.43,1.131,7588.8,8347.68,0.0
2011-04-12 07:00:00,B3688,0.31,0.0,1.02,47.43,-1.1199999999999999,7588.8,8347.68,1.43
2011-04-12 08:00:00,B3688,0.173,0.0,1.57,47.43,-1.7069999999999999,7588.8,8347.68,1.88
2011-04-12 09:00:00,B3688,0.173,0.0,2.1,47.43,-2.207,7588.8,8347.68,2.38
2011-04-12 10:00:00,B3688,0.173,0.0,2.39,47.43,-2.417,7588.8,8347.68,2.59
2011-04-12 11:00:00,B3688,0.173,0.0,2.63,47.43,-2.577,7588.8,8347.68,2.75
2011-04-12 12:00:00,B3688,1.131,0.0,2.78,47.43,-1.739,7588.8,8347.68,2.87
2011-04-12 13:00:00,B3688,0.309,0.0,2.66,47.43,-2.4509999999999996,7588.8,8347.68,2.76
2011-04-12 14:00:00,B3688,0.173,0.0,2.31,47.43,-2.237,7588.8,8347.68,2.41
2011-04-12 15:00:00,B3688,0.173,0.0,2.02,47.43,-1.9769999999999999,7588.8,8347.68,2.15
2011-04-12 16:00:00,B3688,0.173,0.0,1.56,47.43,-1.507,7588.8,8347.68,1.68
2011-04-12 17:00:00,B3688,0.309,0.0,0.85,47.43,-0.631,7588.8,8347.68,0.94
2011-04-12 18:00:00,B3688,1.131,0.0,0.0,47.43,1.121,7588.8,8347.68,0.01
2011-04-12 19:00:00,B3688,1.405,0.0,0.0,47.43,1.405,7588.8,8347.68,0.0
2011-04-12 20:00:00,B3688,0.31,0.0,0.0,47.43,0.31,7588.8,8347.68,0.0
2011-04-12 21:00:00,B3688,0.308,0.0,0.0,47.43,0.308,7588.8,8347.68,0.0
2011-04-12 22:00:00,B3688,0.308,0.0,0.0,47.43,0.308,7588.8,8347.68,0.0
2011-04-12 23:00:00,B3688,0.171,0.0,0.0,47.43,0.171,7588.8,8347.68,0.0
2011-04-13 00:00:00,B3688,2.571,2.4,0.0,47.43,2.571,7588.8,8347.68,0.0
2011-04-13 01:00:00,B3688,2.571,2.4,0.0,47.43,2.571,7588.8,8347.68,0.0
2011-04-13 02:00:00,B3688,2.571,2.4,0.0,47.43,2.571,7588.8,8347.68,0.0
2011-04-13 03:00:00,B3688,2.571,2.4,0.0,47.43,2.571,7588.8,8347.68,0.0
2011-04-13 04:00:00,B3688,2.571,2.4,0.0,47.43,2.571,7588.8,8347.68,0.0
2011-04-13 05:00:00,B3688,0.308,0.0,0.0,47.43,0.308,7588.8,8347.68,0.0
2011-04-13 06:00:00,B3688,1.131,0.0,0.0,47.43,1.131,7588.8,8347.68,0.0
2011-04-13 07:00:00,B3688,0.31,0.0,1.17,47.43,-1.3399999999999999,7588.8,8347.68,1.65
2011-04-13 08:00:00,B3688,0.173,0.0,1.8,47.43,-1.987,7588.8,8347.68,2.16
2011-04-13 09:00:00,B3688,0.173,0.0,2.21,47.43,-2.347,7588.8,8347.68,2.52
2011-04-13 10:00:00,B3688,0.173,0.0,2.63,47.43,-2.717,7588.8,8347.68,2.89
2011-04-13 11:00:00,B3688,0.173,0.0,3.01,47.43,-3.017,7588.8,8347.68,3.19
2011-04-13 12:00:00,B3688,1.131,0.0,3.12,47.43,-2.099,7588.8,8347.68,3.23
2011-04-13 13:00:00,B3688,0.309,0.0,3.05,47.43,-2.871,7588.8,8347.68,3.18
2011-04-13 14:00:00,B3688,0.173,0.0,2.66,47.43,-2.627,7588.8,8347.68,2.8
2011-04-13 15:00:00,B3688,0.173,0.0,2.08,47.43,-2.057,7588.8,8347.68,2.23
2011-04-13 16:00:00,B3688,0.173,0.0,1.45,47.43,-1.417,7588.8,8347.68,1.59
2011-04-13 17:00:00,B3688,0.309,0.0,0.75,47.43,-0.5209999999999999,7588.8,8347.68,0.83
2011-04-13 18:00:00,B3688,1.131,0.0,0.0,47.43,1.131,7588.8,8347.68,0.0
2011-04-13 19:00:00,B3688,1.405,0.0,0.0,47.43,1.405,7588.8,8347.68,0.0
2011-04-13 20:00:00,B3688,0.31,0.0,0.0,47.43,0.31,7588.8,8347.68,0.0
2011-04-13 21:00:00,B3688,0.308,0.0,0.0,47.43,0.308,7588.8,8347.68,0.0
2011-04-13 22:00:00,B3688,0.308,0.0,0.0,47.43,0.308,7588.8,8347.68,0.0
2011-04-13 23:00:00,B3688,0.171,0.0,0.0,47.43,0.171,7588.8,8347.68,0.0
2011-04-14 00:00:00,B3688,2.571,2.4,0.0,47.43,2.571,7588.8,8347.68,0.0
2011-04-14 01:00:00,B3688,2.571,2.4,0.0,47.43,2.571,7588.8,8347.68,0.0
2011-04-14 02:00:00,B3688,2.571,2.4,0.0,47.43,2.571,7588.8,8347.68,0.0
2011-04-14 03:00:00,B3688,2.571,2.4,0.0,47.43,2.571,7588.8,8347.68,0.0
2011-04-14 04:00:00,B3688,2.571,2.4,0.0,47.43,2.571,7588.8,8347.68,0.0
2011-04-14 05:00:00,B3688,0.308,0.0,0.0,47.43,0.308,7588.8,8347.68,0.0
2011-04-14 06:00:00,B3688,1.131,0.0,0.0,47.43,1.131,7588.8,8347.68,0.0
2011-04-14 07:00:00,B3688,0.31,0.0,1.2,47.43,-1.3699999999999999,7588.8,8347.68,1.68
2011-04-14 08:00:00,B3688,0.173,0.0,1.76,47.43,-1.9169999999999998,7588.8,8347.68,2.09
2011-04-14 09:00:00,B3688,0.173,0.0,2.23,47.43,-2.327,7588.8,8347.68,2.5
2011-04-14 10:00:00,B3688,0.173,0.0,2.62,47.43,-2.647,7588.8,8347.68,2.82
2011-04-14 11:00:00,B3688,0.173,0.0,2.85,47.43,-2.807,7588.8,8347.68,2.98
2011-04-14 12:00:00,B3688,1.131,0.0,2.89,47.43,-1.849,7588.8,8347.68,2.98
2011-04-14 13:00:00,B3688,0.309,0.0,2.73,47.43,-2.541,7588.8,8347.68,2.85
2011-04-14 14:00:00,B3688,0.173,0.0,2.49,47.43,-2.447,7588.8,8347.68,2.62
2011-04-14 15:00:00,B3688,0.173,0.0,2.11,47.43,-2.057,7588.8,8347.68,2.23
2011-04-14 16:00:00,B3688,0.173,0.0,1.56,47.43,-1.517,7588.8,8347.68,1.69
2011-04-14 17:00:00,B3688,0.309,0.0,0.89,47.43,-0.671,7588.8,8347.68,0.98
2011-04-14 18:00:00,B3688,1.131,0.0,0.0,47.43,1.121,7588.8,8347.68,0.01
2011-04-14 19:00:00,B3688,1.405,0.0,0.0,47.43,1.405,7588.8,8347.68,0.0
2011-04-14 20:00:00,B3688,0.31,0.0,0.0,47.43,0.31,7588.8,8347.68,0.0
2011-04-14 21:00:00,B3688,0.308,0.0,0.0,47.43,0.308,7588.8,8347.68,0.0
2011-04-14 22:00:00,B3688,0.308,0.0,0.0,47.43,0.308,7588.8,8347.68,0.0
2011-04-14 23:00:00,B3688,0.171,0.0,0.0,47.43,0.171,7588.8,8347.68,0.0
2011-04-15 00:00:00,B3688,2.571,2.4,0.0,47.43,2.571,7588.8,8347.68,0.0
2011-04-15 01:00:00,B3688,2.571,2.4,0.0,47.43,2.571,7588.8,8347.68,0.0
2011-04-15 02:00:00,B3688,2.571,2.4,0.0,47.43,2.571,7588.8,8347.68,0.0
2011-04-15 03:00:00,B3688,2.571,2.4,0.0,47.43,2.571,7588.8,8347.68,0.0
2011-04-15 04:00:00,B3688,2.571,2.4,0.0,47.43,2.571,7588.8,8347.68,0.0
2011-04-15 05:00:00,B3688,0.308,0.0,0.0,47.43,0.308,7588.8,8347.68,0.0
2011-04-15 06:00:00,B3688,1.131,0.0,0.0,47.43,1.131,7588.8,8347.68,0.0
2011-04-15 07:00:00,B3688,0.31,0.0,1.41,47.43,-1.69,7588.8,8347.68,2.0
2011-04-15 08:00:00,B3688,0.173,0.0,2.06,47.43,-2.227,7588.8,8347.68,2.4
2011-04-15 09:00:00,B3688,0.173,0.0,2.58,47.43,-2.667,7588.8,8347.68,2.84
2011-04-15 10:00:00,B3688,0.173,0.0,2.93,47.43,-2.937,7588.8,8347.68,3.11
2011-04-15 11:00:00,B3688,0.173,0.0,3.15,47.43,-3.077,7588.8,8347.68,3.25
2011-04-15 12:00:00,B3688,1.13,0.0,3.2,47.43,-2.15,7588.8,8347.68,3.28
2011-04-15 13:00:00,B3688,0.309,0.0,3.1,47.43,-2.871,7588.8,8347.68,3.18
2011-04-15 14:00:00,B3688,0.173,0.0,2.85,47.43,-2.777,7588.8,8347.68,2.95
2011-04-15 15:00:00,B3688,0.173,0.0,2.42,47.43,-2.3569999999999998,7588.8,8347.68,2.53
2011-04-15 16:00:00,B3688,0.173,0.0,1.82,47.43,-1.767,7588.8,8347.68,1.94
2011-04-15 17:00:00,B3688,0.309,0.0,1.07,47.43,-0.861,7588.8,8347.68,1.17
2011-04-15 18:00:00,B3688,1.13,0.0,0.0,47.43,1.1099999999999999,7588.8,8347.68,0.02
2011-04-15 19:00:00,B3688,1.403,0.0,0.0,47.43,1.403,7588.8,8347.68,0.0
2011-04-15 20:00:00,B3688,0.31,0.0,0.0,47.43,0.31,7588.8,8347.68,0.0
2011-04-15 21:00:00,B3688,0.308,0.0,0.0,47.43,0.308,7588.8,8347.68,0.0
2011-04-15 22:00:00,B3688,0.308,0.0,0.0,47.43,0.308,7588.8,8347.68,0.0
2011-04-15 23:00:00,B3688,0.171,0.0,0.0,47.43,0.171,7588.8,8347.68,0.0
2011-04-16 00:00:00,B3688,0.171,0.0,0.0,47.43,0.171,7588.8,8347.68,0.0
2011-04-16 01:00:00,B3688,0.171,0.0,0.0,47.43,0.171,7588.8,8347.68,0.0
2011-04-16 02:00:00,B3688,0.171,0.0,0.0,47.43,0.171,7588.8,8347.68,0.0
2011-04-16 03:00:00,B3688,0.171,0.0,0.0,47.43,0.171,7588.8,8347.68,0.0
2011-04-16 04:00:00,B3688,0.171,0.0,0.0,47.43,0.171,7588.8,8347.68,0.0
2011-04-16 05:00:00,B3688,0.308,0.0,0.0,47.43,0.308,7588.8,8347.68,0.0
2011-04-16 06:00:00,B3688,1.131,0.0,0.0,47.43,1.131,7588.8,8347.68,0.0
2011-04-16 07:00:00,B3688,0.309,0.0,1.23,47.43,-1.2710000000000001,7588.8,8347.68,1.58
2011-04-16 08:00:00,B3688,2.573,2.4,1.93,47.43,0.21300000000000008,7588.8,8347.68,2.36
2011-04-16 09:00:00,B3688,2.573,2.4,2.52,47.43,-0.3770000000000002,7588.8,8347.68,2.95
2011-04-16 10:00:00,B3688,2.573,2.4,2.85,47.43,-0.6270000000000002,7588.8,8347.68,3.2
2011-04-16 11:00:00,B3688,2.573,2.4,3.04,47.43,-0.7269999999999999,7588.8,8347.68,3.3
2011-04-16 12:00:00,B3688,3.53,2.4,3.14,47.43,0.18999999999999995,7588.8,8347.68,3.34
2011-04-16 13:00:00,B3688,0.31,0.0,3.01,47.43,-2.89,7588.8,8347.68,3.2
2011-04-16 14:00:00,B3688,0.173,0.0,2.69,47.43,-2.707,7588.8,8347.68,2.88
2011-04-16 15:00:00,B3688,0.173,0.0,2.16,47.43,-2.167,7588.8,8347.68,2.34
2011-04-16 16:00:00,B3688,0.173,0.0,1.44,47.43,-1.417,7588.8,8347.68,1.59
2011-04-16 17:00:00,B3688,0.31,0.0,0.74,47.43,-0.49000000000000005,7588.8,8347.68,0.8
2011-04-16 18:00:00,B3688,1.13,0.0,0.0,47.43,1.13,7588.8,8347.68,0.0
2011-04-16 19:00:00,B3688,1.403,0.0,0.0,47.43,1.403,7588.8,8347.68,0.0
2011-04-16 20:00:00,B3688,0.309,0.0,0.0,47.43,0.309,7588.8,8347.68,0.0
2011-04-16 21:00:00,B3688,0.308,0.0,0.0,47.43,0.308,7588.8,8347.68,0.0
2011-04-16 22:00:00,B3688,0.308,0.0,0.0,47.43,0.308,7588.8,8347.68,0.0
2011-04-16 23:00:00,B3688,0.171,0.0,0.0,47.43,0.171,7588.8,8347.68,0.0
2011-04-17 00:00:00,B3688,0.171,0.0,0.0,47.43,0.171,7588.8,8347.68,0.0
2011-04-17 01:00:00,B3688,0.171,0.0,0.0,47.43,0.171,7588.8,8347.68,0.0
2011-04-17 02:00:00,B3688,0.171,0.0,0.0,47.43,0.171,7588.8,8347.68,0.0
2011-04-17 03:00:00,B3688,0.171,0.0,0.0,47.43,0.171,7588.8,8347.68,0.0
2011-04-17 04:00:00,B3688,0.171,0.0,0.0,47.43,0.171,7588.8,8347.68,0.0
2011-04-17 05:00:00,B3688,0.308,0.0,0.0,47.43,0.308,7588.8,8347.68,0.0
2011-04-17 06:00:00,B3688,1.131,0.0,0.0,47.43,1.131,7588.8,8347.68,0.0
2011-04-17 07:00:00,B3688,0.309,0.0,1.48,47.43,-1.7910000000000001,7588.8,8347.68,2.1
2011-04-17 08:00:00,B3688,2.573,2.4,2.11,47.43,0.12299999999999978,7588.8,8347.68,2.45
2011-04-17 09:00:00,B3688,2.573,2.4,2.59,47.43,-0.2869999999999999,7588.8,8347.68,2.86
2011-04-17 10:00:00,B3688,2.573,2.4,2.9,47.43,-0.5369999999999999,7588.8,8347.68,3.11
2011-04-17 11:00:00,B3688,2.573,2.4,3.11,47.43,-0.6670000000000003,7588.8,8347.68,3.24
2011-04-17 12:00:00,B3688,3.53,2.4,3.17,47.43,0.2599999999999998,7588.8,8347.68,3.27
2011-04-17 13:00:00,B3688,0.31,0.0,2.92,47.43,-2.76,7588.8,8347.68,3.07
2011-04-17 14:00:00,B3688,0.173,0.0,2.38,47.43,-2.407,7588.8,8347.68,2.58
2011-04-17 15:00:00,B3688,0.173,0.0,1.61,47.43,-1.607,7588.8,8347.68,1.78
2011-04-17 16:00:00,B3688,0.173,0.0,0.91,47.43,-0.857,7588.8,8347.68,1.03
2011-04-17 17:00:00,B3688,0.309,0.0,0.37,47.43,-0.061,7588.8,8347.68,0.37
2011-04-17 18:00:00,B3688,1.13,0.0,0.0,47.43,1.13,7588.8,8347.68,0.0
2011-04-17 19:00:00,B3688,1.403,0.0,0.0,47.43,1.403,7588.8,8347.68,0.0
2011-04-17 20:00:00,B3688,0.309,0.0,0.0,47.43,0.309,7588.8,8347.68,0.0
2011-04-17 21:00:00,B3688,0.308,0.0,0.0,47.43,0.308,7588.8,8347.68,0.0
2011-04-17 22:00:00,B3688,0.308,0.0,0.0,47.43,0.308,7588.8,8347.68,0.0
2011-04-17 23:00:00,B3688,0.171,0.0,0.0,47.43,0.171,7588.8,8347.68,0.0
2011-04-18 00:00:00,B3688,2.571,2.4,0.0,47.43,2.571,7588.8,8347.68,0.0
2011-04-18 01:00:00,B3688,2.571,2.4,0.0,47.43,2.571,7588.8,8347.68,0.0
2011-04-18 02:00:00,B3688,2.571,2.4,0.0,47.43,2.571,7588.8,8347.68,0.0
2011-04-18 03:00:00,B3688,2.571,2.4,0.0,47.43,2.571,7588.8,8347.68,0.0
2011-04-18 04:00:00,B3688,2.571,2.4,0.0,47.43,2.571,7588.8,8347.68,0.0
2011-04-18 05:00:00,B3688,0.308,0.0,0.0,47.43,0.308,7588.8,8347.68,0.0
2011-04-18 06:00:00,B3688,1.131,0.0,0.0,47.43,1.131,7588.8,8347.68,0.0
2011-04-18 07:00:00,B3688,0.31,0.0,0.99,47.43,-0.96,7588.8,8347.68,1.27
2011-04-18 08:00:00,B3688,0.173,0.0,1.34,47.43,-1.4669999999999999,7588.8,8347.68,1.64
2011-04-18 09:00:00,B3688,0.173,0.0,1.33,47.43,-1.407,7588.8,8347.68,1.58
2011-04-18 10:00:00,B3688,0.173,0.0,1.86,47.43,-1.947,7588.8,8347.68,2.12
2011-04-18 11:00:00,B3688,0.173,0.0,2.23,47.43,-2.267,7588.8,8347.68,2.44
2011-04-18 12:00:00,B3688,1.13,0.0,1.79,47.43,-0.81,7588.8,8347.68,1.94
2011-04-18 13:00:00,B3688,0.309,0.0,1.5,47.43,-1.331,7588.8,8347.68,1.64
2011-04-18 14:00:00,B3688,0.173,0.0,1.35,47.43,-1.317,7588.8,8347.68,1.49
2011-04-18 15:00:00,B3688,0.173,0.0,1.02,47.43,-0.9669999999999999,7588.8,8347.68,1.14
2011-04-18 16:00:00,B3688,0.173,0.0,0.59,47.43,-0.447,7588.8,8347.68,0.62
2011-04-18 17:00:00,B3688,0.309,0.0,0.0,47.43,0.309,7588.8,8347.68,0.0
2011-04-18 18:00:00,B3688,1.131,0.0,0.0,47.43,1.131,7588.8,8347.68,0.0
2011-04-18 19:00:00,B3688,1.403,0.0,0.0,47.43,1.403,7588.8,8347.68,0.0
2011-04-18 20:00:00,B3688,0.31,0.0,0.0,47.43,0.31,7588.8,8347.68,0.0
2011-04-18 21:00:00,B3688,0.308,0.0,0.0,47.43,0.308,7588.8,8347.68,0.0
2011-04-18 22:00:00,B3688,0.308,0.0,0.0,47.43,0.308,7588.8,8347.68,0.0
2011-04-18 23:00:00,B3688,0.171,0.0,0.0,47.43,0.171,7588.8,8347.68,0.0
2011-04-19 00:00:00,B3688,2.571,2.4,0.0,47.43,2.571,7588.8,8347.68,0.0
2011-04-19 01:00:00,B3688,2.571,2.4,0.0,47.43,2.571,7588.8,8347.68,0.0
2011-04-19 02:00:00,B3688,2.571,2.4,0.0,47.43,2.571,7588.8,8347.68,0.0
2011-04-19 03:00:00,B3688,2.571,2.4,0.0,47.43,2.571,7588.8,8347.68,0.0
2011-04-19 04:00:00,B3688,2.571,2.4,0.0,47.43,2.571,7588.8,8347.68,0.0
2011-04-19 05:00:00,B3688,0.308,0.0,0.0,47.43,0.308,7588.8,8347.68,0.0
2011-04-19 06:00:00,B3688,1.131,0.0,0.0,47.43,1.131,7588.8,8347.68,0.0
2011-04-19 07:00:00,B3688,0.31,0.0,1.35,47.43,-1.55,7588.8,8347.68,1.86
2011-04-19 08:00:00,B3688,0.173,0.0,2.12,47.43,-2.327,7588.8,8347.68,2.5
2011-04-19 09:00:00,B3688,0.173,0.0,2.67,47.43,-2.8369999999999997,7588.8,8347.68,3.01
2011-04-19 10:00:00,B3688,0.173,0.0,2.91,47.43,-3.017,7588.8,8347.68,3.19
2011-04-19 11:00:00,B3688,0.173,0.0,3.04,47.43,-3.047,7588.8,8347.68,3.22
2011-04-19 12:00:00,B3688,1.13,0.0,3.22,47.43,-2.21,7588.8,8347.68,3.34
2011-04-19 13:00:00,B3688,0.309,0.0,3.03,47.43,-2.8609999999999998,7588.8,8347.68,3.17
2011-04-19 14:00:00,B3688,0.173,0.0,2.62,47.43,-2.5869999999999997,7588.8,8347.68,2.76
2011-04-19 15:00:00,B3688,0.173,0.0,2.23,47.43,-2.187,7588.8,8347.68,2.36
2011-04-19 16:00:00,B3688,0.173,0.0,1.7,47.43,-1.657,7588.8,8347.68,1.83
2011-04-19 17:00:00,B3688,0.309,0.0,0.85,47.43,-0.621,7588.8,8347.68,0.93
2011-04-19 18:00:00,B3688,1.131,0.0,0.0,47.43,1.131,7588.8,8347.68,0.0
2011-04-19 19:00:00,B3688,1.403,0.0,0.0,47.43,1.403,7588.8,8347.68,0.0
2011-04-19 20:00:00,B3688,0.31,0.0,0.0,47.43,0.31,7588.8,8347.68,0.0
2011-04-19 21:00:00,B3688,0.308,0.0,0.0,47.43,0.308,7588.8,8347.68,0.0
2011-04-19 22:00:00,B3688,0.308,0.0,0.0,47.43,0.308,7588.8,8347.68,0.0
2011-04-19 23:00:00,B3688,0.171,0.0,0.0,47.43,0.171,7588.8,8347.68,0.0
2011-04-20 00:00:00,B3688,2.571,2.4,0.0,47.43,2.571,7588.8,8347.68,0.0
2011-04-20 01:00:00,B3688,2.571,2.4,0.0,47.43,2.571,7588.8,8347.68,0.0
2011-04-20 02:00:00,B3688,2.571,2.4,0.0,47.43,2.571,7588.8,8347.68,0.0
2011-04-20 03:00:00,B3688,2.571,2.4,0.0,47.43,2.571,7588.8,8347.68,0.0
2011-04-20 04:00:00,B3688,2.571,2.4,0.0,47.43,2.571,7588.8,8347.68,0.0
2011-04-20 05:00:00,B3688,0.308,0.0,0.0,47.43,0.308,7588.8,8347.68,0.0
2011-04-20 06:00:00,B3688,1.131,0.0,0.0,47.43,1.131,7588.8,8347.68,0.0
2011-04-20 07:00:00,B3688,0.31,0.0,1.17,47.43,-1.24,7588.8,8347.68,1.55
2011-04-20 08:00:00,B3688,0.173,0.0,1.59,47.43,-1.7469999999999999,7588.8,8347.68,1.92
2011-04-20 09:00:00,B3688,0.173,0.0,2.15,47.43,-2.247,7588.8,8347.68,2.42
2011-04-20 10:00:00,B3688,0.173,0.0,2.74,47.43,-2.777,7588.8,8347.68,2.95
2011-04-20 11:00:00,B3688,0.173,0.0,2.99,47.43,-2.977,7588.8,8347.68,3.15
2011-04-20 12:00:00,B3688,1.131,0.0,3.03,47.43,-2.029,7588.8,8347.68,3.16
2011-04-20 13:00:00,B3688,0.309,0.0,2.91,47.43,-2.751,7588.8,8347.68,3.06
2011-04-20 14:00:00,B3688,0.173,0.0,2.65,47.43,-2.627,7588.8,8347.68,2.8
2011-04-20 15:00:00,B3688,0.173,0.0,2.17,47.43,-2.137,7588.8,8347.68,2.31
2011-04-20 16:00:00,B3688,0.173,0.0,1.58,47.43,-1.547,7588.8,8347.68,1.72
2011-04-20 17:00:00,B3688,0.309,0.0,0.87,47.43,-0.641,7588.8,8347.68,0.95
2011-04-20 18:00:00,B3688,1.131,0.0,0.0,47.43,1.121,7588.8,8347.68,0.01
2011-04-20 19:00:00,B3688,1.405,0.0,0.0,47.43,1.405,7588.8,8347.68,0.0
2011-04-20 20:00:00,B3688,0.31,0.0,0.0,47.43,0.31,7588.8,8347.68,0.0
2011-04-20 21:00:00,B3688,0.308,0.0,0.0,47.43,0.308,7588.8,8347.68,0.0
2011-04-20 22:00:00,B3688,0.308,0.0,0.0,47.43,0.308,7588.8,8347.68,0.0
2011-04-20 23:00:00,B3688,0.171,0.0,0.0,47.43,0.171,7588.8,8347.68,0.0
2011-04-21 00:00:00,B3688,2.571,2.4,0.0,47.43,2.571,7588.8,8347.68,0.0
2011-04-21 01:00:00,B3688,2.571,2.4,0.0,47.43,2.571,7588.8,8347.68,0.0
2011-04-21 02:00:00,B3688,2.571,2.4,0.0,47.43,2.571,7588.8,8347.68,0.0
2011-04-21 03:00:00,B3688,2.571,2.4,0.0,47.43,2.571,7588.8,8347.68,0.0
2011-04-21 04:00:00,B3688,2.571,2.4,0.0,47.43,2.571,7588.8,8347.68,0.0
2011-04-21 05:00:00,B3688,0.308,0.0,0.0,47.43,0.308,7588.8,8347.68,0.0
2011-04-21 06:00:00,B3688,1.131,0.0,0.0,47.43,1.131,7588.8,8347.68,0.0
2011-04-21 07:00:00,B3688,0.31,0.0,1.23,47.43,-1.3399999999999999,7588.8,8347.68,1.65
2011-04-21 08:00:00,B3688,0.173,0.0,1.84,47.43,-2.067,7588.8,8347.68,2.24
2011-04-21 09:00:00,B3688,0.173,0.0,2.47,47.43,-2.647,7588.8,8347.68,2.82
2011-04-21 10:00:00,B3688,0.173,0.0,2.87,47.43,-2.957,7588.8,8347.68,3.13
2011-04-21 11:00:00,B3688,0.173,0.0,3.01,47.43,-2.997,7588.8,8347.68,3.17
2011-04-21 12:00:00,B3688,1.131,0.0,3.12,47.43,-2.1189999999999998,7588.8,8347.68,3.25
2011-04-21 13:00:00,B3688,0.309,0.0,2.88,47.43,-2.691,7588.8,8347.68,3.0
2011-04-21 14:00:00,B3688,0.173,0.0,2.5,47.43,-2.437,7588.8,8347.68,2.61
2011-04-21 15:00:00,B3688,0.173,0.0,2.05,47.43,-1.9969999999999999,7588.8,8347.68,2.17
2011-04-21 16:00:00,B3688,0.173,0.0,1.54,47.43,-1.4869999999999999,7588.8,8347.68,1.66
2011-04-21 17:00:00,B3688,0.309,0.0,0.99,47.43,-0.7710000000000001,7588.8,8347.68,1.08
2011-04-21 18:00:00,B3688,1.131,0.0,0.0,47.43,1.111,7588.8,8347.68,0.02
2011-04-21 19:00:00,B3688,1.403,0.0,0.0,47.43,1.403,7588.8,8347.68,0.0
2011-04-21 20:00:00,B3688,0.31,0.0,0.0,47.43,0.31,7588.8,8347.68,0.0
2011-04-21 21:00:00,B3688,0.308,0.0,0.0,47.43,0.308,7588.8,8347.68,0.0
2011-04-21 22:00:00,B3688,0.308,0.0,0.0,47.43,0.308,7588.8,8347.68,0.0
2011-04-21 23:00:00,B3688,0.171,0.0,0.0,47.43,0.171,7588.8,8347.68,0.0
2011-04-22 00:00:00,B3688,2.571,2.4,0.0,47.43,2.571,7588.8,8347.68,0.0
2011-04-22 01:00:00,B3688,2.571,2.4,0.0,47.43,2.571,7588.8,8347.68,0.0
2011-04-22 02:00:00,B3688,2.571,2.4,0.0,47.43,2.571,7588.8,8347.68,0.0
2011-04-22 03:00:00,B3688,2.571,2.4,0.0,47.43,2.571,7588.8,8347.68,0.0
2011-04-22 04:00:00,B3688,2.571,2.4,0.0,47.43,2.571,7588.8,8347.68,0.0
2011-04-22 05:00:00,B3688,0.308,0.0,0.0,47.43,0.308,7588.8,8347.68,0.0
2011-04-22 06:00:00,B3688,1.131,0.0,0.0,47.43,1.131,7588.8,8347.68,0.0
2011-04-22 07:00:00,B3688,0.31,0.0,1.5,47.43,-1.79,7588.8,8347.68,2.1
2011-04-22 08:00:00,B3688,0.173,0.0,2.0,47.43,-2.147,7588.8,8347.68,2.32
2011-04-22 09:00:00,B3688,0.173,0.0,2.33,47.43,-2.437,7588.8,8347.68,2.61
2011-04-22 10:00:00,B3688,0.173,0.0,2.69,47.43,-2.747,7588.8,8347.68,2.92
2011-04-22 11:00:00,B3688,0.173,0.0,2.87,47.43,-2.847,7588.8,8347.68,3.02
2011-04-22 12:00:00,B3688,1.131,0.0,2.98,47.43,-1.949,7588.8,8347.68,3.08
2011-04-22 13:00:00,B3688,0.309,0.0,3.01,47.43,-2.8009999999999997,7588.8,8347.68,3.11
2011-04-22 14:00:00,B3688,0.173,0.0,2.96,47.43,-2.907,7588.8,8347.68,3.08
2011-04-22 15:00:00,B3688,0.173,0.0,2.55,47.43,-2.507,7588.8,8347.68,2.68
2011-04-22 16:00:00,B3688,0.173,0.0,1.96,47.43,-1.927,7588.8,8347.68,2.1
2011-04-22 17:00:00,B3688,0.309,0.0,1.16,47.43,-0.9510000000000001,7588.8,8347.68,1.26
2011-04-22 18:00:00,B3688,1.131,0.0,0.0,47.43,1.111,7588.8,8347.68,0.02
2011-04-22 19:00:00,B3688,1.403,0.0,0.0,47.43,1.403,7588.8,8347.68,0.0
2011-04-22 20:00:00,B3688,0.31,0.0,0.0,47.43,0.31,7588.8,8347.68,0.0
2011-04-22 21:00:00,B3688,0.308,0.0,0.0,47.43,0.308,7588.8,8347.68,0.0
2011-04-22 22:00:00,B3688,0.308,0.0,0.0,47.43,0.308,7588.8,8347.68,0.0
2011-04-22 23:00:00,B3688,0.171,0.0,0.0,47.43,0.171,7588.8,8347.68,0.0
2011-04-23 00:00:00,B3688,0.171,0.0,0.0,47.43,0.171,7588.8,8347.68,0.0
2011-04-23 01:00:00,B3688,0.171,0.0,0.0,47.43,0.171,7588.8,8347.68,0.0
2011-04-23 02:00:00,B3688,0.171,0.0,0.0,47.43,0.171,7588.8,8347.68,0.0
2011-04-23 03:00:00,B3688,0.171,0.0,0.0,47.43,0.171,7588.8,8347.68,0.0
2011-04-23 04:00:00,B3688,0.171,0.0,0.0,47.43,0.171,7588.8,8347.68,0.0
2011-04-23 05:00:00,B3688,0.308,0.0,0.0,47.43,0.308,7588.8,8347.68,0.0
2011-04-23 06:00:00,B3688,1.131,0.0,0.29,47.43,0.6910000000000001,7588.8,8347.68,0.44
2011-04-23 07:00:00,B3688,0.309,0.0,1.63,47.43,-1.961,7588.8,8347.68,2.27
2011-04-23 08:00:00,B3688,2.573,2.4,2.3,47.43,-0.08700000000000019,7588.8,8347.68,2.66
2011-04-23 09:00:00,B3688,2.573,2.4,2.64,47.43,-0.387,7588.8,8347.68,2.96
2011-04-23 10:00:00,B3688,2.573,2.4,2.83,47.43,-0.5369999999999999,7588.8,8347.68,3.11
2011-04-23 11:00:00,B3688,2.573,2.4,3.14,47.43,-0.7469999999999999,7588.8,8347.68,3.32
2011-04-23 12:00:00,B3688,3.53,2.4,2.92,47.43,0.48,7588.8,8347.68,3.05
2011-04-23 13:00:00,B3688,0.31,0.0,2.48,47.43,-2.31,7588.8,8347.68,2.62
2011-04-23 14:00:00,B3688,0.173,0.0,2.41,47.43,-2.367,7588.8,8347.68,2.54
2011-04-23 15:00:00,B3688,0.173,0.0,2.16,47.43,-2.127,7588.8,8347.68,2.3
2011-04-23 16:00:00,B3688,0.173,0.0,1.63,47.43,-1.597,7588.8,8347.68,1.77
2011-04-23 17:00:00,B3688,0.31,0.0,0.99,47.43,-0.76,7588.8,8347.68,1.07
2011-04-23 18:00:00,B3688,1.13,0.0,0.0,47.43,1.1099999999999999,7588.8,8347.68,0.02
2011-04-23 19:00:00,B3688,1.403,0.0,0.0,47.43,1.403,7588.8,8347.68,0.0
2011-04-23 20:00:00,B3688,0.309,0.0,0.0,47.43,0.309,7588.8,8347.68,0.0
2011-04-23 21:00:00,B3688,0.308,0.0,0.0,47.43,0.308,7588.8,8347.68,0.0
2011-04-23 22:00:00,B3688,0.308,0.0,0.0,47.43,0.308,7588.8,8347.68,0.0
2011-04-23 23:00:00,B3688,0.171,0.0,0.0,47.43,0.171,7588.8,8347.68,0.0
2011-04-24 00:00:00,B3688,0.171,0.0,0.0,47.43,0.171,7588.8,8347.68,0.0
2011-04-24 01:00:00,B3688,0.171,0.0,0.0,47.43,0.171,7588.8,8347.68,0.0
2011-04-24 02:00:00,B3688,0.171,0.0,0.0,47.43,0.171,7588.8,8347.68,0.0
2011-04-24 03:00:00,B3688,0.171,0.0,0.0,47.43,0.171,7588.8,8347.68,0.0
2011-04-24 04:00:00,B3688,0.171,0.0,0.0,47.43,0.171,7588.8,8347.68,0.0
2011-04-24 05:00:00,B3688,0.308,0.0,0.0,47.43,0.308,7588.8,8347.68,0.0
2011-04-24 06:00:00,B3688,1.131,0.0,0.35,47.43,0.631,7588.8,8347.68,0.5
2011-04-24 07:00:00,B3688,0.309,0.0,1.34,47.43,-1.5010000000000001,7588.8,8347.68,1.81
2011-04-24 08:00:00,B3688,2.573,2.4,2.11,47.43,0.052999999999999936,7588.8,8347.68,2.52
2011-04-24 09:00:00,B3688,2.573,2.4,2.41,47.43,-0.18699999999999983,7588.8,8347.68,2.76
2011-04-24 10:00:00,B3688,2.573,2.4,2.47,47.43,-0.16700000000000026,7588.8,8347.68,2.74
2011-04-24 11:00:00,B3688,2.573,2.4,2.55,47.43,-0.14700000000000024,7588.8,8347.68,2.72
2011-04-24 12:00:00,B3688,3.53,2.4,2.71,47.43,0.6799999999999997,7588.8,8347.68,2.85
2011-04-24 13:00:00,B3688,0.308,0.0,2.74,47.43,-2.592,7588.8,8347.68,2.9
2011-04-24 14:00:00,B3688,0.173,0.0,2.58,47.43,-2.557,7588.8,8347.68,2.73
2011-04-24 15:00:00,B3688,0.173,0.0,2.23,47.43,-2.197,7588.8,8347.68,2.37
2011-04-24 16:00:00,B3688,0.173,0.0,1.7,47.43,-1.647,7588.8,8347.68,1.82
2011-04-24 17:00:00,B3688,0.309,0.0,1.07,47.43,-0.851,7588.8,8347.68,1.16
2011-04-24 18:00:00,B3688,1.13,0.0,0.0,47.43,1.1099999999999999,7588.8,8347.68,0.02
2011-04-24 19:00:00,B3688,1.403,0.0,0.0,47.43,1.403,7588.8,8347.68,0.0
2011-04-24 20:00:00,B3688,0.309,0.0,0.0,47.43,0.309,7588.8,8347.68,0.0
2011-04-24 21:00:00,B3688,0.308,0.0,0.0,47.43,0.308,7588.8,8347.68,0.0
2011-04-24 22:00:00,B3688,0.308,0.0,0.0,47.43,0.308,7588.8,8347.68,0.0
2011-04-24 23:00:00,B3688,0.171,0.0,0.0,47.43,0.171,7588.8,8347.68,0.0
2011-04-25 00:00:00,B3688,2.571,2.4,0.0,47.43,2.571,7588.8,8347.68,0.0
2011-04-25 01:00:00,B3688,2.571,2.4,0.0,47.43,2.571,7588.8,8347.68,0.0
2011-04-25 02:00:00,B3688,2.571,2.4,0.0,47.43,2.571,7588.8,8347.68,0.0
2011-04-25 03:00:00,B3688,2.571,2.4,0.0,47.43,2.571,7588.8,8347.68,0.0
2011-04-25 04:00:00,B3688,2.571,2.4,0.0,47.43,2.571,7588.8,8347.68,0.0
2011-04-25 05:00:00,B3688,0.308,0.0,0.0,47.43,0.308,7588.8,8347.68,0.0
2011-04-25 06:00:00,B3688,1.131,0.0,0.23,47.43,0.731,7588.8,8347.68,0.4
2011-04-25 07:00:00,B3688,0.31,0.0,1.82,47.43,-2.26,7588.8,8347.68,2.57
2011-04-25 08:00:00,B3688,0.173,0.0,2.43,47.43,-2.577,7588.8,8347.68,2.75
2011-04-25 09:00:00,B3688,0.173,0.0,2.86,47.43,-2.957,7588.8,8347.68,3.13
2011-04-25 10:00:00,B3688,0.173,0.0,3.2,47.43,-3.247,7588.8,8347.68,3.42
2011-04-25 11:00:00,B3688,0.173,0.0,3.4,47.43,-3.377,7588.8,8347.68,3.55
2011-04-25 12:00:00,B3688,1.13,0.0,3.43,47.43,-2.41,7588.8,8347.68,3.54
2011-04-25 13:00:00,B3688,0.308,0.0,3.29,47.43,-3.112,7588.8,8347.68,3.42
2011-04-25 14:00:00,B3688,0.171,0.0,3.05,47.43,-3.0090000000000003,7588.8,8347.68,3.18
2011-04-25 15:00:00,B3688,0.171,0.0,2.54,47.43,-2.4890000000000003,7588.8,8347.68,2.66
2011-04-25 16:00:00,B3688,0.171,0.0,1.96,47.43,-1.909,7588.8,8347.68,2.08
2011-04-25 17:00:00,B3688,0.308,0.0,1.24,47.43,-1.022,7588.8,8347.68,1.33
2011-04-25 18:00:00,B3688,1.13,0.0,0.32,47.43,0.7899999999999998,7588.8,8347.68,0.34
2011-04-25 19:00:00,B3688,1.403,0.0,0.0,47.43,1.403,7588.8,8347.68,0.0
2011-04-25 20:00:00,B3688,0.308,0.0,0.0,47.43,0.308,7588.8,8347.68,0.0
2011-04-25 21:00:00,B3688,0.308,0.0,0.0,47.43,0.308,7588.8,8347.68,0.0
2011-04-25 22:00:00,B3688,0.308,0.0,0.0,47.43,0.308,7588.8,8347.68,0.0
2011-04-25 23:00:00,B3688,0.171,0.0,0.0,47.43,0.171,7588.8,8347.68,0.0
2011-04-26 00:00:00,B3688,2.571,2.4,0.0,47.43,2.571,7588.8,8347.68,0.0
2011-04-26 01:00:00,B3688,2.571,2.4,0.0,47.43,2.571,7588.8,8347.68,0.0
2011-04-26 02:00:00,B3688,2.571,2.4,0.0,47.43,2.571,7588.8,8347.68,0.0
2011-04-26 03:00:00,B3688,2.571,2.4,0.0,47.43,2.571,7588.8,8347.68,0.0
2011-04-26 04:00:00,B3688,2.571,2.4,0.0,47.43,2.571,7588.8,8347.68,0.0
2011-04-26 05:00:00,B3688,0.308,0.0,0.0,47.43,0.308,7588.8,8347.68,0.0
2011-04-26 06:00:00,B3688,1.13,0.0,0.29,47.43,0.6699999999999999,7588.8,8347.68,0.46
2011-04-26 07:00:00,B3688,0.308,0.0,1.76,47.43,-2.1620000000000004,7588.8,8347.68,2.47
2011-04-26 08:00:00,B3688,0.171,0.0,2.39,47.43,-2.539,7588.8,8347.68,2.71
2011-04-26 09:00:00,B3688,0.171,0.0,2.82,47.43,-2.8890000000000002,7588.8,8347.68,3.06
2011-04-26 10:00:00,B3688,0.171,0.0,3.14,47.43,-3.149,7588.8,8347.68,3.32
2011-04-26 11:00:00,B3688,0.171,0.0,3.33,47.43,-3.269,7588.8,8347.68,3.44
2011-04-26 12:00:00,B3688,1.13,0.0,3.36,47.43,-2.3000000000000003,7588.8,8347.68,3.43
2011-04-26 13:00:00,B3688,0.308,0.0,3.25,47.43,-3.0220000000000002,7588.8,8347.68,3.33
2011-04-26 14:00:00,B3688,0.171,0.0,2.97,47.43,-2.899,7588.8,8347.68,3.07
2011-04-26 15:00:00,B3688,0.171,0.0,2.56,47.43,-2.4890000000000003,7588.8,8347.68,2.66
2011-04-26 16:00:00,B3688,0.171,0.0,1.99,47.43,-1.9389999999999998,7588.8,8347.68,2.11
2011-04-26 17:00:00,B3688,0.308,0.0,1.25,47.43,-1.032,7588.8,8347.68,1.34
2011-04-26 18:00:00,B3688,1.13,0.0,0.33,47.43,0.7699999999999999,7588.8,8347.68,0.36
2011-04-26 19:00:00,B3688,1.403,0.0,0.0,47.43,1.403,7588.8,8347.68,0.0
2011-04-26 20:00:00,B3688,0.308,0.0,0.0,47.43,0.308,7588.8,8347.68,0.0
2011-04-26 21:00:00,B3688,0.308,0.0,0.0,47.43,0.308,7588.8,8347.68,0.0
2011-04-26 22:00:00,B3688,0.308,0.0,0.0,47.43,0.308,7588.8,8347.68,0.0
2011-04-26 23:00:00,B3688,0.171,0.0,0.0,47.43,0.171,7588.8,8347.68,0.0
2011-04-27 00:00:00,B3688,2.571,2.4,0.0,47.43,2.571,7588.8,8347.68,0.0
2011-04-27 01:00:00,B3688,2.571,2.4,0.0,47.43,2.571,7588.8,8347.68,0.0
2011-04-27 02:00:00,B3688,2.571,2.4,0.0,47.43,2.571,7588.8,8347.68,0.0
2011-04-27 03:00:00,B3688,2.571,2.4,0.0,47.43,2.571,7588.8,8347.68,0.0
2011-04-27 04:00:00,B3688,2.571,2.4,0.0,47.43,2.571,7588.8,8347.68,0.0
2011-04-27 05:00:00,B3688,0.308,0.0,0.0,47.43,0.308,7588.8,8347.68,0.0
2011-04-27 06:00:00,B3688,1.13,0.0,0.23,47.43,0.72,7588.8,8347.68,0.41
2011-04-27 07:00:00,B3688,0.308,0.0,1.87,47.43,-2.342,7588.8,8347.68,2.65
2011-04-27 08:00:00,B3688,0.171,0.0,2.47,47.43,-2.619,7588.8,8347.68,2.79
2011-04-27 09:00:00,B3688,0.171,0.0,2.91,47.43,-3.019,7588.8,8347.68,3.19
2011-04-27 10:00:00,B3688,0.171,0.0,3.23,47.43,-3.2790000000000004,7588.8,8347.68,3.45
2011-04-27 11:00:00,B3688,0.171,0.0,3.49,47.43,-3.479,7588.8,8347.68,3.65
2011-04-27 12:00:00,B3688,1.13,0.0,3.46,47.43,-2.45,7588.8,8347.68,3.58
2011-04-27 13:00:00,B3688,0.308,0.0,3.36,47.43,-3.192,7588.8,8347.68,3.5
2011-04-27 14:00:00,B3688,0.171,0.0,3.05,47.43,-3.039,7588.8,8347.68,3.21
2011-04-27 15:00:00,B3688,0.171,0.0,2.55,47.43,-2.5490000000000004,7588.8,8347.68,2.72
2011-04-27 16:00:00,B3688,0.171,0.0,1.95,47.43,-1.929,7588.8,8347.68,2.1
2011-04-27 17:00:00,B3688,0.308,0.0,1.27,47.43,-1.062,7588.8,8347.68,1.37
2011-04-27 18:00:00,B3688,1.13,0.0,0.35,47.43,0.7499999999999999,7588.8,8347.68,0.38
2011-04-27 19:00:00,B3688,1.403,0.0,0.0,47.43,1.403,7588.8,8347.68,0.0
2011-04-27 20:00:00,B3688,0.308,0.0,0.0,47.43,0.308,7588.8,8347.68,0.0
2011-04-27 21:00:00,B3688,0.308,0.0,0.0,47.43,0.308,7588.8,8347.68,0.0
2011-04-27 22:00:00,B3688,0.308,0.0,0.0,47.43,0.308,7588.8,8347.68,0.0
2011-04-27 23:00:00,B3688,0.171,0.0,0.0,47.43,0.171,7588.8,8347.68,0.0
2011-04-28 00:00:00,B3688,2.571,2.4,0.0,47.43,2.571,7588.8,8347.68,0.0
2011-04-28 01:00:00,B3688,2.571,2.4,0.0,47.43,2.571,7588.8,8347.68,0.0
2011-04-28 02:00:00,B3688,2.571,2.4,0.0,47.43,2.571,7588.8,8347.68,0.0
2011-04-28 03:00:00,B3688,2.571,2.4,0.0,47.43,2.571,7588.8,8347.68,0.0
2011-04-28 04:00:00,B3688,2.571,2.4,0.0,47.43,2.571,7588.8,8347.68,0.0
2011-04-28 05:00:00,B3688,0.308,0.0,0.0,47.43,0.308,7588.8,8347.68,0.0
2011-04-28 06:00:00,B3688,1.13,0.0,0.22,47.43,0.7299999999999999,7588.8,8347.68,0.4
2011-04-28 07:00:00,B3688,0.308,0.0,1.95,47.43,-2.462,7588.8,8347.68,2.77
2011-04-28 08:00:00,B3688,0.171,0.0,2.56,47.43,-2.709,7588.8,8347.68,2.88
2011-04-28 09:00:00,B3688,0.171,0.0,2.98,47.43,-3.0690000000000004,7588.8,8347.68,3.24
2011-04-28 10:00:00,B3688,0.171,0.0,3.3,47.43,-3.3190000000000004,7588.8,8347.68,3.49
2011-04-28 11:00:00,B3688,0.171,0.0,3.49,47.43,-3.439,7588.8,8347.68,3.61
2011-04-28 12:00:00,B3688,1.13,0.0,3.53,47.43,-2.48,7588.8,8347.68,3.61
2011-04-28 13:00:00,B3688,0.308,0.0,3.45,47.43,-3.232,7588.8,8347.68,3.54
2011-04-28 14:00:00,B3688,0.171,0.0,3.16,47.43,-3.089,7588.8,8347.68,3.26
2011-04-28 15:00:00,B3688,0.171,0.0,2.74,47.43,-2.689,7588.8,8347.68,2.86
2011-04-28 16:00:00,B3688,0.171,0.0,2.15,47.43,-2.099,7588.8,8347.68,2.27
2011-04-28 17:00:00,B3688,0.308,0.0,1.4,47.43,-1.192,7588.8,8347.68,1.5
2011-04-28 18:00:00,B3688,1.13,0.0,0.39,47.43,0.71,7588.8,8347.68,0.42
2011-04-28 19:00:00,B3688,1.403,0.0,0.0,47.43,1.403,7588.8,8347.68,0.0
2011-04-28 20:00:00,B3688,0.308,0.0,0.0,47.43,0.308,7588.8,8347.68,0.0
2011-04-28 21:00:00,B3688,0.308,0.0,0.0,47.43,0.308,7588.8,8347.68,0.0
2011-04-28 22:00:00,B3688,0.308,0.0,0.0,47.43,0.308,7588.8,8347.68,0.0
2011-04-28 23:00:00,B3688,0.171,0.0,0.0,47.43,0.171,7588.8,8347.68,0.0
2011-04-29 00:00:00,B3688,2.571,2.4,0.0,47.43,2.571,7588.8,8347.68,0.0
2011-04-29 01:00:00,B3688,2.571,2.4,0.0,47.43,2.571,7588.8,8347.68,0.0
2011-04-29 02:00:00,B3688,2.571,2.4,0.0,47.43,2.571,7588.8,8347.68,0.0
2011-04-29 03:00:00,B3688,2.571,2.4,0.0,47.43,2.571,7588.8,8347.68,0.0
2011-04-29 04:00:00,B3688,2.571,2.4,0.0,47.43,2.571,7588.8,8347.68,0.0
2011-04-29 05:00:00,B3688,0.308,0.0,0.0,47.43,0.308,7588.8,8347.68,0.0
2011-04-29 06:00:00,B3688,1.13,0.0,0.51,47.43,0.44999999999999984,7588.8,8347.68,0.68
2011-04-29 07:00:00,B3688,0.308,0.0,1.49,47.43,-1.662,7588.8,8347.68,1.97
2011-04-29 08:00:00,B3688,0.171,0.0,2.13,47.43,-2.359,7588.8,8347.68,2.53
2011-04-29 09:00:00,B3688,0.171,0.0,2.67,47.43,-2.869,7588.8,8347.68,3.04
2011-04-29 10:00:00,B3688,0.171,0.0,3.08,47.43,-3.209,7588.8,8347.68,3.38
2011-04-29 11:00:00,B3688,0.171,0.0,3.11,47.43,-3.1390000000000002,7588.8,8347.68,3.31
2011-04-29 12:00:00,B3688,1.13,0.0,3.16,47.43,-2.16,7588.8,8347.68,3.29
2011-04-29 13:00:00,B3688,0.308,0.0,3.26,47.43,-3.072,7588.8,8347.68,3.38
2011-04-29 14:00:00,B3688,0.171,0.0,2.99,47.43,-2.939,7588.8,8347.68,3.11
2011-04-29 15:00:00,B3688,0.171,0.0,2.66,47.43,-2.629,7588.8,8347.68,2.8
2011-04-29 16:00:00,B3688,0.171,0.0,1.95,47.43,-1.929,7588.8,8347.68,2.1
2011-04-29 17:00:00,B3688,0.308,0.0,1.19,47.43,-0.982,7588.8,8347.68,1.29
2011-04-29 18:00:00,B3688,1.13,0.0,0.36,47.43,0.7399999999999999,7588.8,8347.68,0.39
2011-04-29 19:00:00,B3688,1.403,0.0,0.0,47.43,1.403,7588.8,8347.68,0.0
2011-04-29 20:00:00,B3688,0.308,0.0,0.0,47.43,0.308,7588.8,8347.68,0.0
2011-04-29 21:00:00,B3688,0.308,0.0,0.0,47.43,0.308,7588.8,8347.68,0.0
2011-04-29 22:00:00,B3688,0.308,0.0,0.0,47.43,0.308,7588.8,8347.68,0.0
2011-04-29 23:00:00,B3688,0.171,0.0,0.0,47.43,0.171,7588.8,8347.68,0.0
2011-04-30 00:00:00,B3688,0.171,0.0,0.0,47.43,0.171,7588.8,8347.68,0.0
2011-04-30 01:00:00,B3688,0.171,0.0,0.0,47.43,0.171,7588.8,8347.68,0.0
2011-04-30 02:00:00,B3688,0.171,0.0,0.0,47.43,0.171,7588.8,8347.68,0.0
2011-04-30 03:00:00,B3688,0.171,0.0,0.0,47.43,0.171,7588.8,8347.68,0.0
2011-04-30 04:00:00,B3688,0.171,0.0,0.0,47.43,0.171,7588.8,8347.68,0.0
2011-04-30 05:00:00,B3688,0.308,0.0,0.0,47.43,0.308,7588.8,8347.68,0.0
2011-04-30 06:00:00,B3688,1.129,0.0,0.43,47.43,0.489,7588.8,8347.68,0.64
2011-04-30 07:00:00,B3688,0.308,0.0,1.67,47.43,-1.942,7588.8,8347.68,2.25
2011-04-30 08:00:00,B3688,2.571,2.4,2.1,47.43,0.03100000000000014,7588.8,8347.68,2.54
2011-04-30 09:00:00,B3688,2.571,2.4,2.34,47.43,-0.1589999999999998,7588.8,8347.68,2.73
2011-04-30 10:00:00,B3688,2.571,2.4,2.64,47.43,-0.3889999999999998,7588.8,8347.68,2.96
2011-04-30 11:00:00,B3688,2.571,2.4,2.74,47.43,-0.399,7588.8,8347.68,2.97
2011-04-30 12:00:00,B3688,3.53,2.4,2.64,47.43,0.69,7588.8,8347.68,2.84
2011-04-30 13:00:00,B3688,0.308,0.0,2.47,47.43,-2.362,7588.8,8347.68,2.67
2011-04-30 14:00:00,B3688,0.171,0.0,2.2,47.43,-2.1990000000000003,7588.8,8347.68,2.37
2011-04-30 15:00:00,B3688,0.171,0.0,1.83,47.43,-1.819,7588.8,8347.68,1.99
2011-04-30 16:00:00,B3688,0.171,0.0,1.51,47.43,-1.4889999999999999,7588.8,8347.68,1.66
2011-04-30 17:00:00,B3688,0.308,0.0,0.98,47.43,-0.752,7588.8,8347.68,1.06
2011-04-30 18:00:00,B3688,1.13,0.0,0.0,47.43,1.1099999999999999,7588.8,8347.68,0.02
2011-04-30 19:00:00,B3688,1.403,0.0,0.0,47.43,1.403,7588.8,8347.68,0.0
2011-04-30 20:00:00,B3688,0.308,0.0,0.0,47.43,0.308,7588.8,8347.68,0.0
2011-04-30 21:00:00,B3688,0.308,0.0,0.0,47.43,0.308,7588.8,8347.68,0.0
2011-04-30 22:00:00,B3688,0.308,0.0,0.0,47.43,0.308,7588.8,8347.68,0.0
2011-04-30 23:00:00,B3688,0.171,0.0,0.0,47.43,0.171,7588.8,8347.68,0.0
2011-05-01 00:00:00,B3688,0.171,0.0,0.0,47.43,0.171,7588.8,8347.68,0.0
2011-05-01 01:00:00,B3688,0.171,0.0,0.0,47.43,0.171,7588.8,8347.68,0.0
2011-05-01 02:00:00,B3688,0.171,0.0,0.0,47.43,0.171,7588.8,8347.68,0.0
2011-05-01 03:00:00,B3688,0.171,0.0,0.0,47.43,0.171,7588.8,8347.68,0.0
2011-05-01 04:00:00,B3688,0.171,0.0,0.0,47.43,0.171,7588.8,8347.68,0.0
2011-05-01 05:00:00,B3688,0.308,0.0,0.0,47.43,0.308,7588.8,8347.68,0.0
2011-05-01 06:00:00,B3688,1.129,0.0,0.41,47.43,0.539,7588.8,8347.68,0.59
2011-05-01 07:00:00,B3688,0.308,0.0,1.69,47.43,-1.9919999999999998,7588.8,8347.68,2.3
2011-05-01 08:00:00,B3688,2.571,2.4,2.52,47.43,-0.32899999999999974,7588.8,8347.68,2.9
2011-05-01 09:00:00,B3688,2.571,2.4,3.06,47.43,-0.7789999999999999,7588.8,8347.68,3.35
2011-05-01 10:00:00,B3688,2.571,2.4,3.44,47.43,-1.0589999999999997,7588.8,8347.68,3.63
2011-05-01 11:00:00,B3688,2.571,2.4,3.65,47.43,-1.1889999999999996,7588.8,8347.68,3.76
2011-05-01 12:00:00,B3688,3.53,2.4,3.69,47.43,-0.22999999999999998,7588.8,8347.68,3.76
2011-05-01 13:00:00,B3688,0.308,0.0,3.58,47.43,-3.3520000000000003,7588.8,8347.68,3.66
2011-05-01 14:00:00,B3688,0.171,0.0,3.31,47.43,-3.2390000000000003,7588.8,8347.68,3.41
2011-05-01 15:00:00,B3688,0.171,0.0,2.87,47.43,-2.809,7588.8,8347.68,2.98
2011-05-01 16:00:00,B3688,0.171,0.0,2.27,47.43,-2.2190000000000003,7588.8,8347.68,2.39
2011-05-01 17:00:00,B3688,0.308,0.0,1.5,47.43,-1.292,7588.8,8347.68,1.6
2011-05-01 18:00:00,B3688,1.13,0.0,0.43,47.43,0.6599999999999999,7588.8,8347.68,0.47
2011-05-01 19:00:00,B3688,1.403,0.0,0.0,47.43,1.403,7588.8,8347.68,0.0
2011-05-01 20:00:00,B3688,0.308,0.0,0.0,47.43,0.308,7588.8,8347.68,0.0
2011-05-01 21:00:00,B3688,0.308,0.0,0.0,47.43,0.308,7588.8,8347.68,0.0
2011-05-01 22:00:00,B3688,0.308,0.0,0.0,47.43,0.308,7588.8,8347.68,0.0
2011-05-01 23:00:00,B3688,0.171,0.0,0.0,47.43,0.171,7588.8,8347.68,0.0
2011-05-02 00:00:00,B3688,2.571,2.4,0.0,47.43,2.571,7588.8,8347.68,0.0
2011-05-02 01:00:00,B3688,2.571,2.4,0.0,47.43,2.571,7588.8,8347.68,0.0
2011-05-02 02:00:00,B3688,2.571,2.4,0.0,47.43,2.571,7588.8,8347.68,0.0
2011-05-02 03:00:00,B3688,2.571,2.4,0.0,47.43,2.571,7588.8,8347.68,0.0
2011-05-02 04:00:00,B3688,2.571,2.4,0.0,47.43,2.571,7588.8,8347.68,0.0
2011-05-02 05:00:00,B3688,0.308,0.0,0.0,47.43,0.308,7588.8,8347.68,0.0
2011-05-02 06:00:00,B3688,1.13,0.0,0.23,47.43,0.7,7588.8,8347.68,0.43
2011-05-02 07:00:00,B3688,0.308,0.0,2.12,47.43,-2.702,7588.8,8347.68,3.01
2011-05-02 08:00:00,B3688,0.171,0.0,2.72,47.43,-2.869,7588.8,8347.68,3.04
2011-05-02 09:00:00,B3688,0.171,0.0,3.1,47.43,-3.189,7588.8,8347.68,3.36
2011-05-02 10:00:00,B3688,0.171,0.0,3.42,47.43,-3.4290000000000003,7588.8,8347.68,3.6
2011-05-02 11:00:00,B3688,0.171,0.0,3.6,47.43,-3.539,7588.8,8347.68,3.71
2011-05-02 12:00:00,B3688,1.13,0.0,3.63,47.43,-2.5700000000000003,7588.8,8347.68,3.7
2011-05-02 13:00:00,B3688,0.308,0.0,3.52,47.43,-3.2920000000000003,7588.8,8347.68,3.6
2011-05-02 14:00:00,B3688,0.171,0.0,3.23,47.43,-3.1590000000000003,7588.8,8347.68,3.33
2011-05-02 15:00:00,B3688,0.171,0.0,2.79,47.43,-2.729,7588.8,8347.68,2.9
2011-05-02 16:00:00,B3688,0.171,0.0,2.21,47.43,-2.1590000000000003,7588.8,8347.68,2.33
2011-05-02 17:00:00,B3688,0.308,0.0,1.46,47.43,-1.242,7588.8,8347.68,1.55
2011-05-02 18:00:00,B3688,1.13,0.0,0.42,47.43,0.6699999999999999,7588.8,8347.68,0.46
2011-05-02 19:00:00,B3688,1.403,0.0,0.0,47.43,1.403,7588.8,8347.68,0.0
2011-05-02 20:00:00,B3688,0.308,0.0,0.0,47.43,0.308,7588.8,8347.68,0.0
2011-05-02 21:00:00,B3688,0.308,0.0,0.0,47.43,0.308,7588.8,8347.68,0.0
2011-05-02 22:00:00,B3688,0.308,0.0,0.0,47.43,0.308,7588.8,8347.68,0.0
2011-05-02 23:00:00,B3688,0.171,0.0,0.0,47.43,0.171,7588.8,8347.68,0.0
2011-05-03 00:00:00,B3688,2.571,2.4,0.0,47.43,2.571,7588.8,8347.68,0.0
2011-05-03 01:00:00,B3688,2.571,2.4,0.0,47.43,2.571,7588.8,8347.68,0.0
2011-05-03 02:00:00,B3688,2.571,2.4,0.0,47.43,2.571,7588.8,8347.68,0.0
2011-05-03 03:00:00,B3688,2.571,2.4,0.0,47.43,2.571,7588.8,8347.68,0.0
2011-05-03 04:00:00,B3688,2.571,2.4,0.0,47.43,2.571,7588.8,8347.68,0.0
2011-05-03 05:00:00,B3688,0.308,0.0,0.0,47.43,0.308,7588.8,8347.68,0.0
2011-05-03 06:00:00,B3688,1.13,0.0,0.23,47.43,0.7,7588.8,8347.68,0.43
2011-05-03 07:00:00,B3688,0.308,0.0,2.12,47.43,-2.712,7588.8,8347.68,3.02
2011-05-03 08:00:00,B3688,0.171,0.0,2.73,47.43,-2.869,7588.8,8347.68,3.04
2011-05-03 09:00:00,B3688,0.171,0.0,3.11,47.43,-3.189,7588.8,8347.68,3.36
2011-05-03 10:00:00,B3688,0.171,0.0,3.42,47.43,-3.4290000000000003,7588.8,8347.68,3.6
2011-05-03 11:00:00,B3688,0.171,0.0,3.6,47.43,-3.539,7588.8,8347.68,3.71
2011-05-03 12:00:00,B3688,1.13,0.0,3.64,47.43,-2.58,7588.8,8347.68,3.71
2011-05-03 13:00:00,B3688,0.308,0.0,3.53,47.43,-3.3120000000000003,7588.8,8347.68,3.62
2011-05-03 14:00:00,B3688,0.171,0.0,3.27,47.43,-3.1990000000000003,7588.8,8347.68,3.37
2011-05-03 15:00:00,B3688,0.171,0.0,2.84,47.43,-2.7790000000000004,7588.8,8347.68,2.95
2011-05-03 16:00:00,B3688,0.171,0.0,2.25,47.43,-2.1990000000000003,7588.8,8347.68,2.37
2011-05-03 17:00:00,B3688,0.308,0.0,1.5,47.43,-1.282,7588.8,8347.68,1.59
2011-05-03 18:00:00,B3688,1.13,0.0,0.44,47.43,0.6499999999999999,7588.8,8347.68,0.48
2011-05-03 19:00:00,B3688,1.403,0.0,0.0,47.43,1.403,7588.8,8347.68,0.0
2011-05-03 20:00:00,B3688,0.308,0.0,0.0,47.43,0.308,7588.8,8347.68,0.0
2011-05-03 21:00:00,B3688,0.308,0.0,0.0,47.43,0.308,7588.8,8347.68,0.0
2011-05-03 22:00:00,B3688,0.308,0.0,0.0,47.43,0.308,7588.8,8347.68,0.0
2011-05-03 23:00:00,B3688,0.171,0.0,0.0,47.43,0.171,7588.8,8347.68,0.0
2011-05-04 00:00:00,B3688,2.571,2.4,0.0,47.43,2.571,7588.8,8347.68,0.0
2011-05-04 01:00:00,B3688,2.571,2.4,0.0,47.43,2.571,7588.8,8347.68,0.0
2011-05-04 02:00:00,B3688,2.571,2.4,0.0,47.43,2.571,7588.8,8347.68,0.0
2011-05-04 03:00:00,B3688,2.571,2.4,0.0,47.43,2.571,7588.8,8347.68,0.0
2011-05-04 04:00:00,B3688,2.571,2.4,0.0,47.43,2.571,7588.8,8347.68,0.0
2011-05-04 05:00:00,B3688,0.308,0.0,0.0,47.43,0.308,7588.8,8347.68,0.0
2011-05-04 06:00:00,B3688,1.13,0.0,0.24,47.43,0.6799999999999999,7588.8,8347.68,0.45
2011-05-04 07:00:00,B3688,0.308,0.0,2.18,47.43,-2.7920000000000003,7588.8,8347.68,3.1
2011-05-04 08:00:00,B3688,0.171,0.0,2.79,47.43,-2.939,7588.8,8347.68,3.11
2011-05-04 09:00:00,B3688,0.171,0.0,3.18,47.43,-3.2590000000000003,7588.8,8347.68,3.43
2011-05-04 10:00:00,B3688,0.171,0.0,3.48,47.43,-3.4890000000000003,7588.8,8347.68,3.66
2011-05-04 11:00:00,B3688,0.171,0.0,3.66,47.43,-3.599,7588.8,8347.68,3.77
2011-05-04 12:00:00,B3688,1.13,0.0,3.7,47.43,-2.65,7588.8,8347.68,3.78
2011-05-04 13:00:00,B3688,0.308,0.0,3.59,47.43,-3.362,7588.8,8347.68,3.67
2011-05-04 14:00:00,B3688,0.171,0.0,3.32,47.43,-3.249,7588.8,8347.68,3.42
2011-05-04 15:00:00,B3688,0.171,0.0,2.89,47.43,-2.829,7588.8,8347.68,3.0
2011-05-04 16:00:00,B3688,0.171,0.0,2.3,47.43,-2.249,7588.8,8347.68,2.42
2011-05-04 17:00:00,B3688,0.308,0.0,1.55,47.43,-1.3319999999999999,7588.8,8347.68,1.64
2011-05-04 18:00:00,B3688,1.13,0.0,0.46,47.43,0.6299999999999999,7588.8,8347.68,0.5
2011-05-04 19:00:00,B3688,1.403,0.0,0.0,47.43,1.403,7588.8,8347.68,0.0
2011-05-04 20:00:00,B3688,0.308,0.0,0.0,47.43,0.308,7588.8,8347.68,0.0
2011-05-04 21:00:00,B3688,0.308,0.0,0.0,47.43,0.308,7588.8,8347.68,0.0
2011-05-04 22:00:00,B3688,0.308,0.0,0.0,47.43,0.308,7588.8,8347.68,0.0
2011-05-04 23:00:00,B3688,0.171,0.0,0.0,47.43,0.171,7588.8,8347.68,0.0
2011-05-05 00:00:00,B3688,2.571,2.4,0.0,47.43,2.571,7588.8,8347.68,0.0
2011-05-05 01:00:00,B3688,2.571,2.4,0.0,47.43,2.571,7588.8,8347.68,0.0
2011-05-05 02:00:00,B3688,2.571,2.4,0.0,47.43,2.571,7588.8,8347.68,0.0
2011-05-05 03:00:00,B3688,2.571,2.4,0.0,47.43,2.571,7588.8,8347.68,0.0
2011-05-05 04:00:00,B3688,2.571,2.4,0.0,47.43,2.571,7588.8,8347.68,0.0
2011-05-05 05:00:00,B3688,0.308,0.0,0.0,47.43,0.308,7588.8,8347.68,0.0
2011-05-05 06:00:00,B3688,1.13,0.0,0.33,47.43,0.5699999999999998,7588.8,8347.68,0.56
2011-05-05 07:00:00,B3688,0.308,0.0,2.16,47.43,-2.742,7588.8,8347.68,3.05
2011-05-05 08:00:00,B3688,0.171,0.0,2.85,47.43,-3.0090000000000003,7588.8,8347.68,3.18
2011-05-05 09:00:00,B3688,0.171,0.0,3.24,47.43,-3.329,7588.8,8347.68,3.5
2011-05-05 10:00:00,B3688,0.171,0.0,3.51,47.43,-3.519,7588.8,8347.68,3.69
2011-05-05 11:00:00,B3688,0.171,0.0,3.71,47.43,-3.649,7588.8,8347.68,3.82
2011-05-05 12:00:00,B3688,1.13,0.0,3.71,47.43,-2.66,7588.8,8347.68,3.79
2011-05-05 13:00:00,B3688,0.308,0.0,3.63,47.43,-3.402,7588.8,8347.68,3.71
2011-05-05 14:00:00,B3688,0.171,0.0,3.37,47.43,-3.2990000000000004,7588.8,8347.68,3.47
2011-05-05 15:00:00,B3688,0.171,0.0,2.91,47.43,-2.859,7588.8,8347.68,3.03
2011-05-05 16:00:00,B3688,0.171,0.0,2.31,47.43,-2.269,7588.8,8347.68,2.44
2011-05-05 17:00:00,B3688,0.308,0.0,1.58,47.43,-1.3719999999999999,7588.8,8347.68,1.68
2011-05-05 18:00:00,B3688,1.13,0.0,0.48,47.43,0.5999999999999999,7588.8,8347.68,0.53
2011-05-05 19:00:00,B3688,1.403,0.0,0.0,47.43,1.403,7588.8,8347.68,0.0
2011-05-05 20:00:00,B3688,0.308,0.0,0.0,47.43,0.308,7588.8,8347.68,0.0
2011-05-05 21:00:00,B3688,0.308,0.0,0.0,47.43,0.308,7588.8,8347.68,0.0
2011-05-05 22:00:00,B3688,0.308,0.0,0.0,47.43,0.308,7588.8,8347.68,0.0
2011-05-05 23:00:00,B3688,0.171,0.0,0.0,47.43,0.171,7588.8,8347.68,0.0
2011-05-06 00:00:00,B3688,2.571,2.4,0.0,47.43,2.571,7588.8,8347.68,0.0
2011-05-06 01:00:00,B3688,2.571,2.4,0.0,47.43,2.571,7588.8,8347.68,0.0
2011-05-06 02:00:00,B3688,2.571,2.4,0.0,47.43,2.571,7588.8,8347.68,0.0
2011-05-06 03:00:00,B3688,2.571,2.4,0.0,47.43,2.571,7588.8,8347.68,0.0
2011-05-06 04:00:00,B3688,2.571,2.4,0.0,47.43,2.571,7588.8,8347.68,0.0
2011-05-06 05:00:00,B3688,0.308,0.0,0.0,47.43,0.308,7588.8,8347.68,0.0
2011-05-06 06:00:00,B3688,1.13,0.0,0.34,47.43,0.5499999999999999,7588.8,8347.68,0.58
2011-05-06 07:00:00,B3688,0.308,0.0,2.18,47.43,-2.742,7588.8,8347.68,3.05
2011-05-06 08:00:00,B3688,0.171,0.0,2.84,47.43,-3.0490000000000004,7588.8,8347.68,3.22
2011-05-06 09:00:00,B3688,0.171,0.0,3.24,47.43,-3.369,7588.8,8347.68,3.54
2011-05-06 10:00:00,B3688,0.171,0.0,3.55,47.43,-3.609,7588.8,8347.68,3.78
2011-05-06 11:00:00,B3688,0.171,0.0,3.73,47.43,-3.7190000000000003,7588.8,8347.68,3.89
2011-05-06 12:00:00,B3688,1.13,0.0,3.76,47.43,-2.75,7588.8,8347.68,3.88
2011-05-06 13:00:00,B3688,0.308,0.0,3.68,47.43,-3.482,7588.8,8347.68,3.79
2011-05-06 14:00:00,B3688,0.171,0.0,3.44,47.43,-3.369,7588.8,8347.68,3.54
2011-05-06 15:00:00,B3688,0.171,0.0,3.0,47.43,-2.9490000000000003,7588.8,8347.68,3.12
2011-05-06 16:00:00,B3688,0.171,0.0,2.4,47.43,-2.349,7588.8,8347.68,2.52
2011-05-06 17:00:00,B3688,0.308,0.0,1.44,47.43,-1.222,7588.8,8347.68,1.53
2011-05-06 18:00:00,B3688,1.13,0.0,0.41,47.43,0.6799999999999999,7588.8,8347.68,0.45
2011-05-06 19:00:00,B3688,1.403,0.0,0.0,47.43,1.403,7588.8,8347.68,0.0
2011-05-06 20:00:00,B3688,0.308,0.0,0.0,47.43,0.308,7588.8,8347.68,0.0
2011-05-06 21:00:00,B3688,0.308,0.0,0.0,47.43,0.308,7588.8,8347.68,0.0
2011-05-06 22:00:00,B3688,0.308,0.0,0.0,47.43,0.308,7588.8,8347.68,0.0
2011-05-06 23:00:00,B3688,0.171,0.0,0.0,47.43,0.171,7588.8,8347.68,0.0
2011-05-07 00:00:00,B3688,0.171,0.0,0.0,47.43,0.171,7588.8,8347.68,0.0
2011-05-07 01:00:00,B3688,0.171,0.0,0.0,47.43,0.171,7588.8,8347.68,0.0
2011-05-07 02:00:00,B3688,0.171,0.0,0.0,47.43,0.171,7588.8,8347.68,0.0
2011-05-07 03:00:00,B3688,0.171,0.0,0.0,47.43,0.171,7588.8,8347.68,0.0
2011-05-07 04:00:00,B3688,0.171,0.0,0.0,47.43,0.171,7588.8,8347.68,0.0
2011-05-07 05:00:00,B3688,0.308,0.0,0.0,47.43,0.308,7588.8,8347.68,0.0
2011-05-07 06:00:00,B3688,1.129,0.0,0.51,47.43,0.389,7588.8,8347.68,0.74
2011-05-07 07:00:00,B3688,0.308,0.0,1.89,47.43,-2.262,7588.8,8347.68,2.57
2011-05-07 08:00:00,B3688,2.571,2.4,2.57,47.43,-0.4389999999999996,7588.8,8347.68,3.01
2011-05-07 09:00:00,B3688,2.571,2.4,2.95,47.43,-0.7689999999999997,7588.8,8347.68,3.34
2011-05-07 10:00:00,B3688,2.571,2.4,3.28,47.43,-1.0189999999999997,7588.8,8347.68,3.59
2011-05-07 11:00:00,B3688,2.571,2.4,3.41,47.43,-1.049,7588.8,8347.68,3.62
2011-05-07 12:00:00,B3688,3.53,2.4,3.19,47.43,0.20999999999999996,7588.8,8347.68,3.32
2011-05-07 13:00:00,B3688,0.308,0.0,2.79,47.43,-2.6020000000000003,7588.8,8347.68,2.91
2011-05-07 14:00:00,B3688,0.171,0.0,2.87,47.43,-2.839,7588.8,8347.68,3.01
2011-05-07 15:00:00,B3688,0.171,0.0,2.82,47.43,-2.7790000000000004,7588.8,8347.68,2.95
2011-05-07 16:00:00,B3688,0.171,0.0,2.27,47.43,-2.2190000000000003,7588.8,8347.68,2.39
2011-05-07 17:00:00,B3688,0.308,0.0,1.52,47.43,-1.302,7588.8,8347.68,1.61
2011-05-07 18:00:00,B3688,1.13,0.0,0.47,47.43,0.6099999999999999,7588.8,8347.68,0.52
2011-05-07 19:00:00,B3688,1.403,0.0,0.0,47.43,1.403,7588.8,8347.68,0.0
2011-05-07 20:00:00,B3688,0.308,0.0,0.0,47.43,0.308,7588.8,8347.68,0.0
2011-05-07 21:00:00,B3688,0.308,0.0,0.0,47.43,0.308,7588.8,8347.68,0.0
2011-05-07 22:00:00,B3688,0.308,0.0,0.0,47.43,0.308,7588.8,8347.68,0.0
2011-05-07 23:00:00,B3688,0.171,0.0,0.0,47.43,0.171,7588.8,8347.68,0.0
2011-05-08 00:00:00,B3688,0.171,0.0,0.0,47.43,0.171,7588.8,8347.68,0.0
2011-05-08 01:00:00,B3688,0.171,0.0,0.0,47.43,0.171,7588.8,8347.68,0.0
2011-05-08 02:00:00,B3688,0.171,0.0,0.0,47.43,0.171,7588.8,8347.68,0.0
2011-05-08 03:00:00,B3688,0.171,0.0,0.0,47.43,0.171,7588.8,8347.68,0.0
2011-05-08 04:00:00,B3688,0.171,0.0,0.0,47.43,0.171,7588.8,8347.68,0.0
2011-05-08 05:00:00,B3688,0.308,0.0,0.0,47.43,0.308,7588.8,8347.68,0.0
2011-05-08 06:00:00,B3688,1.129,0.0,0.41,47.43,0.489,7588.8,8347.68,0.64
2011-05-08 07:00:00,B3688,0.308,0.0,2.04,47.43,-2.5220000000000002,7588.8,8347.68,2.83
2011-05-08 08:00:00,B3688,2.571,2.4,2.74,47.43,-0.569,7588.8,8347.68,3.14
2011-05-08 09:00:00,B3688,2.571,2.4,3.17,47.43,-0.8889999999999998,7588.8,8347.68,3.46
2011-05-08 10:00:00,B3688,2.571,2.4,3.53,47.43,-1.1589999999999998,7588.8,8347.68,3.73
2011-05-08 11:00:00,B3688,2.571,2.4,3.69,47.43,-1.2389999999999999,7588.8,8347.68,3.81
2011-05-08 12:00:00,B3688,3.53,2.4,3.71,47.43,-0.27,7588.8,8347.68,3.8
2011-05-08 13:00:00,B3688,0.308,0.0,3.58,47.43,-3.3720000000000003,7588.8,8347.68,3.68
2011-05-08 14:00:00,B3688,0.171,0.0,3.35,47.43,-3.2790000000000004,7588.8,8347.68,3.45
2011-05-08 15:00:00,B3688,0.171,0.0,2.91,47.43,-2.849,7588.8,8347.68,3.02
2011-05-08 16:00:00,B3688,0.171,0.0,2.32,47.43,-2.269,7588.8,8347.68,2.44
2011-05-08 17:00:00,B3688,0.308,0.0,1.58,47.43,-1.3619999999999999,7588.8,8347.68,1.67
2011-05-08 18:00:00,B3688,1.13,0.0,0.49,47.43,0.5899999999999999,7588.8,8347.68,0.54
2011-05-08 19:00:00,B3688,1.403,0.0,0.0,47.43,1.403,7588.8,8347.68,0.0
2011-05-08 20:00:00,B3688,0.308,0.0,0.0,47.43,0.308,7588.8,8347.68,0.0
2011-05-08 21:00:00,B3688,0.308,0.0,0.0,47.43,0.308,7588.8,8347.68,0.0
2011-05-08 22:00:00,B3688,0.308,0.0,0.0,47.43,0.308,7588.8,8347.68,0.0
2011-05-08 23:00:00,B3688,0.171,0.0,0.0,47.43,0.171,7588.8,8347.68,0.0
2011-05-09 00:00:00,B3688,2.571,2.4,0.0,47.43,2.571,7588.8,8347.68,0.0
2011-05-09 01:00:00,B3688,2.571,2.4,0.0,47.43,2.571,7588.8,8347.68,0.0
2011-05-09 02:00:00,B3688,2.571,2.4,0.0,47.43,2.571,7588.8,8347.68,0.0
2011-05-09 03:00:00,B3688,2.571,2.4,0.0,47.43,2.571,7588.8,8347.68,0.0
2011-05-09 04:00:00,B3688,2.571,2.4,0.0,47.43,2.571,7588.8,8347.68,0.0
2011-05-09 05:00:00,B3688,0.308,0.0,0.0,47.43,0.308,7588.8,8347.68,0.0
2011-05-09 06:00:00,B3688,1.13,0.0,0.42,47.43,0.4999999999999999,7588.8,8347.68,0.63
2011-05-09 07:00:00,B3688,0.308,0.0,1.98,47.43,-2.422,7588.8,8347.68,2.73
2011-05-09 08:00:00,B3688,0.171,0.0,2.77,47.43,-2.959,7588.8,8347.68,3.13
2011-05-09 09:00:00,B3688,0.171,0.0,3.2,47.43,-3.289,7588.8,8347.68,3.46
2011-05-09 10:00:00,B3688,0.171,0.0,3.54,47.43,-3.5690000000000004,7588.8,8347.68,3.74
2011-05-09 11:00:00,B3688,0.171,0.0,3.72,47.43,-3.669,7588.8,8347.68,3.84
2011-05-09 12:00:00,B3688,1.13,0.0,3.73,47.43,-2.68,7588.8,8347.68,3.81
2011-05-09 13:00:00,B3688,0.308,0.0,3.63,47.43,-3.402,7588.8,8347.68,3.71
2011-05-09 14:00:00,B3688,0.171,0.0,3.37,47.43,-3.2990000000000004,7588.8,8347.68,3.47
2011-05-09 15:00:00,B3688,0.171,0.0,2.89,47.43,-2.829,7588.8,8347.68,3.0
2011-05-09 16:00:00,B3688,0.171,0.0,2.28,47.43,-2.229,7588.8,8347.68,2.4
2011-05-09 17:00:00,B3688,0.308,0.0,1.53,47.43,-1.3219999999999998,7588.8,8347.68,1.63
2011-05-09 18:00:00,B3688,1.13,0.0,0.49,47.43,0.5899999999999999,7588.8,8347.68,0.54
2011-05-09 19:00:00,B3688,1.403,0.0,0.0,47.43,1.403,7588.8,8347.68,0.0
2011-05-09 20:00:00,B3688,0.308,0.0,0.0,47.43,0.308,7588.8,8347.68,0.0
2011-05-09 21:00:00,B3688,0.308,0.0,0.0,47.43,0.308,7588.8,8347.68,0.0
2011-05-09 22:00:00,B3688,0.308,0.0,0.0,47.43,0.308,7588.8,8347.68,0.0
2011-05-09 23:00:00,B3688,0.171,0.0,0.0,47.43,0.171,7588.8,8347.68,0.0
2011-05-10 00:00:00,B3688,2.571,2.4,0.0,47.43,2.571,7588.8,8347.68,0.0
2011-05-10 01:00:00,B3688,2.571,2.4,0.0,47.43,2.571,7588.8,8347.68,0.0
2011-05-10 02:00:00,B3688,2.571,2.4,0.0,47.43,2.571,7588.8,8347.68,0.0
2011-05-10 03:00:00,B3688,2.571,2.4,0.0,47.43,2.571,7588.8,8347.68,0.0
2011-05-10 04:00:00,B3688,2.571,2.4,0.0,47.43,2.571,7588.8,8347.68,0.0
2011-05-10 05:00:00,B3688,0.308,0.0,0.0,47.43,0.308,7588.8,8347.68,0.0
2011-05-10 06:00:00,B3688,1.13,0.0,0.44,47.43,0.46999999999999986,7588.8,8347.68,0.66
2011-05-10 07:00:00,B3688,0.308,0.0,1.9,47.43,-2.2720000000000002,7588.8,8347.68,2.58
2011-05-10 08:00:00,B3688,0.171,0.0,2.62,47.43,-2.839,7588.8,8347.68,3.01
2011-05-10 09:00:00,B3688,0.171,0.0,3.13,47.43,-3.269,7588.8,8347.68,3.44
2011-05-10 10:00:00,B3688,0.171,0.0,3.49,47.43,-3.559,7588.8,8347.68,3.73
2011-05-10 11:00:00,B3688,0.171,0.0,3.7,47.43,-3.6790000000000003,7588.8,8347.68,3.85
2011-05-10 12:00:00,B3688,1.13,0.0,3.75,47.43,-2.72,7588.8,8347.68,3.85
2011-05-10 13:00:00,B3688,0.308,0.0,3.67,47.43,-3.462,7588.8,8347.68,3.77
2011-05-10 14:00:00,B3688,0.171,0.0,3.39,47.43,-3.329,7588.8,8347.68,3.5
2011-05-10 15:00:00,B3688,0.171,0.0,2.93,47.43,-2.879,7588.8,8347.68,3.05
2011-05-10 16:00:00,B3688,0.171,0.0,2.3,47.43,-2.269,7588.8,8347.68,2.44
2011-05-10 17:00:00,B3688,0.308,0.0,1.46,47.43,-1.282,7588.8,8347.68,1.59
2011-05-10 18:00:00,B3688,1.13,0.0,0.46,47.43,0.6299999999999999,7588.8,8347.68,0.5
2011-05-10 19:00:00,B3688,1.403,0.0,0.0,47.43,1.403,7588.8,8347.68,0.0
2011-05-10 20:00:00,B3688,0.308,0.0,0.0,47.43,0.308,7588.8,8347.68,0.0
2011-05-10 21:00:00,B3688,0.308,0.0,0.0,47.43,0.308,7588.8,8347.68,0.0
2011-05-10 22:00:00,B3688,0.308,0.0,0.0,47.43,0.308,7588.8,8347.68,0.0
2011-05-10 23:00:00,B3688,0.171,0.0,0.0,47.43,0.171,7588.8,8347.68,0.0
2011-05-11 00:00:00,B3688,2.571,2.4,0.0,47.43,2.571,7588.8,8347.68,0.0
2011-05-11 01:00:00,B3688,2.571,2.4,0.0,47.43,2.571,7588.8,8347.68,0.0
2011-05-11 02:00:00,B3688,2.571,2.4,0.0,47.43,2.571,7588.8,8347.68,0.0
2011-05-11 03:00:00,B3688,2.571,2.4,0.0,47.43,2.571,7588.8,8347.68,0.0
2011-05-11 04:00:00,B3688,2.571,2.4,0.0,47.43,2.571,7588.8,8347.68,0.0
2011-05-11 05:00:00,B3688,0.308,0.0,0.0,47.43,0.308,7588.8,8347.68,0.0
2011-05-11 06:00:00,B3688,1.13,0.0,0.53,47.43,0.3999999999999999,7588.8,8347.68,0.73
2011-05-11 07:00:00,B3688,0.308,0.0,1.71,47.43,-1.982,7588.8,8347.68,2.29
2011-05-11 08:00:00,B3688,0.171,0.0,2.55,47.43,-2.809,7588.8,8347.68,2.98
2011-05-11 09:00:00,B3688,0.171,0.0,3.15,47.43,-3.289,7588.8,8347.68,3.46
2011-05-11 10:00:00,B3688,0.171,0.0,3.61,47.43,-3.6590000000000003,7588.8,8347.68,3.83
2011-05-11 11:00:00,B3688,0.171,0.0,3.84,47.43,-3.789,7588.8,8347.68,3.96
2011-05-11 12:00:00,B3688,1.13,0.0,3.9,47.43,-2.8400000000000003,7588.8,8347.68,3.97
2011-05-11 13:00:00,B3688,0.308,0.0,3.79,47.43,-3.572,7588.8,8347.68,3.88
2011-05-11 14:00:00,B3688,0.171,0.0,3.54,47.43,-3.4690000000000003,7588.8,8347.68,3.64
2011-05-11 15:00:00,B3688,0.171,0.0,3.11,47.43,-3.0490000000000004,7588.8,8347.68,3.22
2011-05-11 16:00:00,B3688,0.171,0.0,2.52,47.43,-2.4690000000000003,7588.8,8347.68,2.64
2011-05-11 17:00:00,B3688,0.308,0.0,1.74,47.43,-1.532,7588.8,8347.68,1.84
2011-05-11 18:00:00,B3688,1.13,0.0,0.56,47.43,0.5099999999999999,7588.8,8347.68,0.62
2011-05-11 19:00:00,B3688,1.403,0.0,0.0,47.43,1.403,7588.8,8347.68,0.0
2011-05-11 20:00:00,B3688,0.308,0.0,0.0,47.43,0.308,7588.8,8347.68,0.0
2011-05-11 21:00:00,B3688,0.308,0.0,0.0,47.43,0.308,7588.8,8347.68,0.0
2011-05-11 22:00:00,B3688,0.308,0.0,0.0,47.43,0.308,7588.8,8347.68,0.0
2011-05-11 23:00:00,B3688,0.171,0.0,0.0,47.43,0.171,7588.8,8347.68,0.0
2011-05-12 00:00:00,B3688,2.571,2.4,0.0,47.43,2.571,7588.8,8347.68,0.0
2011-05-12 01:00:00,B3688,2.571,2.4,0.0,47.43,2.571,7588.8,8347.68,0.0
2011-05-12 02:00:00,B3688,2.571,2.4,0.0,47.43,2.571,7588.8,8347.68,0.0
2011-05-12 03:00:00,B3688,2.571,2.4,0.0,47.43,2.571,7588.8,8347.68,0.0
2011-05-12 04:00:00,B3688,2.571,2.4,0.0,47.43,2.571,7588.8,8347.68,0.0
2011-05-12 05:00:00,B3688,0.308,0.0,0.0,47.43,0.308,7588.8,8347.68,0.0
2011-05-12 06:00:00,B3688,1.13,0.0,0.27,47.43,0.6099999999999999,7588.8,8347.68,0.52
2011-05-12 07:00:00,B3688,0.308,0.0,2.45,47.43,-3.192,7588.8,8347.68,3.5
2011-05-12 08:00:00,B3688,0.171,0.0,3.04,47.43,-3.2190000000000003,7588.8,8347.68,3.39
2011-05-12 09:00:00,B3688,0.171,0.0,3.4,47.43,-3.479,7588.8,8347.68,3.65
2011-05-12 10:00:00,B3688,0.171,0.0,3.68,47.43,-3.689,7588.8,8347.68,3.86
2011-05-12 11:00:00,B3688,0.171,0.0,3.85,47.43,-3.789,7588.8,8347.68,3.96
2011-05-12 12:00:00,B3688,1.13,0.0,3.88,47.43,-2.8200000000000003,7588.8,8347.68,3.95
2011-05-12 13:00:00,B3688,0.308,0.0,3.78,47.43,-3.5620000000000003,7588.8,8347.68,3.87
2011-05-12 14:00:00,B3688,0.171,0.0,3.51,47.43,-3.4490000000000003,7588.8,8347.68,3.62
2011-05-12 15:00:00,B3688,0.171,0.0,3.09,47.43,-3.039,7588.8,8347.68,3.21
2011-05-12 16:00:00,B3688,0.171,0.0,2.48,47.43,-2.439,7588.8,8347.68,2.61
2011-05-12 17:00:00,B3688,0.308,0.0,1.71,47.43,-1.492,7588.8,8347.68,1.8
2011-05-12 18:00:00,B3688,1.13,0.0,0.56,47.43,0.5099999999999999,7588.8,8347.68,0.62
2011-05-12 19:00:00,B3688,1.403,0.0,0.0,47.43,1.403,7588.8,8347.68,0.0
2011-05-12 20:00:00,B3688,0.308,0.0,0.0,47.43,0.308,7588.8,8347.68,0.0
2011-05-12 21:00:00,B3688,0.308,0.0,0.0,47.43,0.308,7588.8,8347.68,0.0
2011-05-12 22:00:00,B3688,0.308,0.0,0.0,47.43,0.308,7588.8,8347.68,0.0
2011-05-12 23:00:00,B3688,0.171,0.0,0.0,47.43,0.171,7588.8,8347.68,0.0
2011-05-13 00:00:00,B3688,2.571,2.4,0.0,47.43,2.571,7588.8,8347.68,0.0
2011-05-13 01:00:00,B3688,2.571,2.4,0.0,47.43,2.571,7588.8,8347.68,0.0
2011-05-13 02:00:00,B3688,2.571,2.4,0.0,47.43,2.571,7588.8,8347.68,0.0
2011-05-13 03:00:00,B3688,2.571,2.4,0.0,47.43,2.571,7588.8,8347.68,0.0
2011-05-13 04:00:00,B3688,2.571,2.4,0.0,47.43,2.571,7588.8,8347.68,0.0
2011-05-13 05:00:00,B3688,0.308,0.0,0.0,47.43,0.308,7588.8,8347.68,0.0
2011-05-13 06:00:00,B3688,1.13,0.0,2.19,47.43,-3.84,7588.8,8347.68,4.97
2011-05-13 07:00:00,B3688,0.308,0.0,2.5,47.43,-3.242,7588.8,8347.68,3.55
2011-05-13 08:00:00,B3688,0.171,0.0,3.08,47.43,-3.2990000000000004,7588.8,8347.68,3.47
2011-05-13 09:00:00,B3688,0.171,0.0,3.45,47.43,-3.5690000000000004,7588.8,8347.68,3.74
2011-05-13 10:00:00,B3688,0.171,0.0,3.75,47.43,-3.7790000000000004,7588.8,8347.68,3.95
2011-05-13 11:00:00,B3688,0.171,0.0,3.91,47.43,-3.8590000000000004,7588.8,8347.68,4.03
2011-05-13 12:00:00,B3688,1.13,0.0,3.95,47.43,-2.8899999999999997,7588.8,8347.68,4.02
2011-05-13 13:00:00,B3688,0.308,0.0,3.81,47.43,-3.5820000000000003,7588.8,8347.68,3.89
2011-05-13 14:00:00,B3688,0.171,0.0,3.55,47.43,-3.479,7588.8,8347.68,3.65
2011-05-13 15:00:00,B3688,0.171,0.0,3.1,47.43,-3.039,7588.8,8347.68,3.21
2011-05-13 16:00:00,B3688,0.171,0.0,2.52,47.43,-2.4690000000000003,7588.8,8347.68,2.64
2011-05-13 17:00:00,B3688,0.308,0.0,1.76,47.43,-1.542,7588.8,8347.68,1.85
2011-05-13 18:00:00,B3688,1.13,0.0,0.58,47.43,0.4899999999999999,7588.8,8347.68,0.64
2011-05-13 19:00:00,B3688,1.403,0.0,0.0,47.43,1.403,7588.8,8347.68,0.0
2011-05-13 20:00:00,B3688,0.308,0.0,0.0,47.43,0.308,7588.8,8347.68,0.0
2011-05-13 21:00:00,B3688,0.308,0.0,0.0,47.43,0.308,7588.8,8347.68,0.0
2011-05-13 22:00:00,B3688,0.308,0.0,0.0,47.43,0.308,7588.8,8347.68,0.0
2011-05-13 23:00:00,B3688,0.171,0.0,0.0,47.43,0.171,7588.8,8347.68,0.0
2011-05-14 00:00:00,B3688,0.171,0.0,0.0,47.43,0.171,7588.8,8347.68,0.0
2011-05-14 01:00:00,B3688,0.171,0.0,0.0,47.43,0.171,7588.8,8347.68,0.0
2011-05-14 02:00:00,B3688,0.171,0.0,0.0,47.43,0.171,7588.8,8347.68,0.0
2011-05-14 03:00:00,B3688,0.171,0.0,0.0,47.43,0.171,7588.8,8347.68,0.0
2011-05-14 04:00:00,B3688,0.171,0.0,0.0,47.43,0.171,7588.8,8347.68,0.0
2011-05-14 05:00:00,B3688,0.308,0.0,0.0,47.43,0.308,7588.8,8347.68,0.0
2011-05-14 06:00:00,B3688,1.129,0.0,2.17,47.43,-3.7609999999999997,7588.8,8347.68,4.89
2011-05-14 07:00:00,B3688,0.308,0.0,2.4,47.43,-3.0820000000000003,7588.8,8347.68,3.39
2011-05-14 08:00:00,B3688,2.571,2.4,2.98,47.43,-0.7989999999999999,7588.8,8347.68,3.37
2011-05-14 09:00:00,B3688,2.571,2.4,3.37,47.43,-1.0989999999999998,7588.8,8347.68,3.67
2011-05-14 10:00:00,B3688,2.571,2.4,3.67,47.43,-1.319,7588.8,8347.68,3.89
2011-05-14 11:00:00,B3688,2.571,2.4,3.81,47.43,-1.3689999999999998,7588.8,8347.68,3.94
2011-05-14 12:00:00,B3688,3.53,2.4,3.81,47.43,-0.3600000000000003,7588.8,8347.68,3.89
2011-05-14 13:00:00,B3688,0.308,0.0,3.69,47.43,-3.462,7588.8,8347.68,3.77
2011-05-14 14:00:00,B3688,0.171,0.0,3.43,47.43,-3.359,7588.8,8347.68,3.53
2011-05-14 15:00:00,B3688,0.171,0.0,3.01,47.43,-2.939,7588.8,8347.68,3.11
2011-05-14 16:00:00,B3688,0.171,0.0,2.44,47.43,-2.379,7588.8,8347.68,2.55
2011-05-14 17:00:00,B3688,0.308,0.0,1.72,47.43,-1.502,7588.8,8347.68,1.81
2011-05-14 18:00:00,B3688,1.13,0.0,0.57,47.43,0.4999999999999999,7588.8,8347.68,0.63
2011-05-14 19:00:00,B3688,1.403,0.0,0.0,47.43,1.403,7588.8,8347.68,0.0
2011-05-14 20:00:00,B3688,0.308,0.0,0.0,47.43,0.308,7588.8,8347.68,0.0
2011-05-14 21:00:00,B3688,0.308,0.0,0.0,47.43,0.308,7588.8,8347.68,0.0
2011-05-14 22:00:00,B3688,0.308,0.0,0.0,47.43,0.308,7588.8,8347.68,0.0
2011-05-14 23:00:00,B3688,0.171,0.0,0.0,47.43,0.171,7588.8,8347.68,0.0
2011-05-15 00:00:00,B3688,0.171,0.0,0.0,47.43,0.171,7588.8,8347.68,0.0
2011-05-15 01:00:00,B3688,0.171,0.0,0.0,47.43,0.171,7588.8,8347.68,0.0
2011-05-15 02:00:00,B3688,0.171,0.0,0.0,47.43,0.171,7588.8,8347.68,0.0
2011-05-15 03:00:00,B3688,0.171,0.0,0.0,47.43,0.171,7588.8,8347.68,0.0
2011-05-15 04:00:00,B3688,0.171,0.0,0.0,47.43,0.171,7588.8,8347.68,0.0
2011-05-15 05:00:00,B3688,0.308,0.0,0.0,47.43,0.308,7588.8,8347.68,0.0
2011-05-15 06:00:00,B3688,1.129,0.0,2.14,47.43,-3.741,7588.8,8347.68,4.87
2011-05-15 07:00:00,B3688,0.308,0.0,2.44,47.43,-3.172,7588.8,8347.68,3.48
2011-05-15 08:00:00,B3688,2.571,2.4,3.01,47.43,-0.7989999999999999,7588.8,8347.68,3.37
2011-05-15 09:00:00,B3688,2.571,2.4,3.36,47.43,-1.0389999999999997,7588.8,8347.68,3.61
2011-05-15 10:00:00,B3688,2.571,2.4,3.64,47.43,-1.259,7588.8,8347.68,3.83
2011-05-15 11:00:00,B3688,2.571,2.4,3.78,47.43,-1.3289999999999997,7588.8,8347.68,3.9
2011-05-15 12:00:00,B3688,3.53,2.4,3.84,47.43,-0.3900000000000001,7588.8,8347.68,3.92
2011-05-15 13:00:00,B3688,0.308,0.0,3.73,47.43,-3.512,7588.8,8347.68,3.82
2011-05-15 14:00:00,B3688,0.171,0.0,3.49,47.43,-3.419,7588.8,8347.68,3.59
2011-05-15 15:00:00,B3688,0.171,0.0,3.06,47.43,-2.9890000000000003,7588.8,8347.68,3.16
2011-05-15 16:00:00,B3688,0.171,0.0,2.47,47.43,-2.419,7588.8,8347.68,2.59
2011-05-15 17:00:00,B3688,0.308,0.0,1.72,47.43,-1.502,7588.8,8347.68,1.81
2011-05-15 18:00:00,B3688,1.13,0.0,0.58,47.43,0.4899999999999999,7588.8,8347.68,0.64
2011-05-15 19:00:00,B3688,1.403,0.0,0.0,47.43,1.403,7588.8,8347.68,0.0
2011-05-15 20:00:00,B3688,0.308,0.0,0.0,47.43,0.308,7588.8,8347.68,0.0
2011-05-15 21:00:00,B3688,0.308,0.0,0.0,47.43,0.308,7588.8,8347.68,0.0
2011-05-15 22:00:00,B3688,0.308,0.0,0.0,47.43,0.308,7588.8,8347.68,0.0
2011-05-15 23:00:00,B3688,0.171,0.0,0.0,47.43,0.171,7588.8,8347.68,0.0
2011-05-16 00:00:00,B3688,2.571,2.4,0.0,47.43,2.571,7588.8,8347.68,0.0
2011-05-16 01:00:00,B3688,2.571,2.4,0.0,47.43,2.571,7588.8,8347.68,0.0
2011-05-16 02:00:00,B3688,2.571,2.4,0.0,47.43,2.571,7588.8,8347.68,0.0
2011-05-16 03:00:00,B3688,2.571,2.4,0.0,47.43,2.571,7588.8,8347.68,0.0
2011-05-16 04:00:00,B3688,2.571,2.4,0.0,47.43,2.571,7588.8,8347.68,0.0
2011-05-16 05:00:00,B3688,0.308,0.0,0.0,47.43,0.308,7588.8,8347.68,0.0
2011-05-16 06:00:00,B3688,1.13,0.0,1.72,47.43,-2.49,7588.8,8347.68,3.62
2011-05-16 07:00:00,B3688,0.308,0.0,2.05,47.43,-2.532,7588.8,8347.68,2.84
2011-05-16 08:00:00,B3688,0.171,0.0,2.56,47.43,-2.7590000000000003,7588.8,8347.68,2.93
2011-05-16 09:00:00,B3688,0.171,0.0,2.87,47.43,-2.9890000000000003,7588.8,8347.68,3.16
2011-05-16 10:00:00,B3688,0.171,0.0,3.3,47.43,-3.349,7588.8,8347.68,3.52
2011-05-16 11:00:00,B3688,0.171,0.0,3.74,47.43,-3.709,7588.8,8347.68,3.88
2011-05-16 12:00:00,B3688,1.13,0.0,3.79,47.43,-2.74,7588.8,8347.68,3.87
2011-05-16 13:00:00,B3688,0.308,0.0,3.6,47.43,-3.382,7588.8,8347.68,3.69
2011-05-16 14:00:00,B3688,0.171,0.0,3.23,47.43,-3.1790000000000003,7588.8,8347.68,3.35
2011-05-16 15:00:00,B3688,0.171,0.0,2.51,47.43,-2.459,7588.8,8347.68,2.63
2011-05-16 16:00:00,B3688,0.171,0.0,1.82,47.43,-1.769,7588.8,8347.68,1.94
2011-05-16 17:00:00,B3688,0.308,0.0,1.44,47.43,-1.222,7588.8,8347.68,1.53
2011-05-16 18:00:00,B3688,1.13,0.0,0.54,47.43,0.5299999999999999,7588.8,8347.68,0.6
2011-05-16 19:00:00,B3688,1.403,0.0,0.0,47.43,1.403,7588.8,8347.68,0.0
2011-05-16 20:00:00,B3688,0.308,0.0,0.0,47.43,0.308,7588.8,8347.68,0.0
2011-05-16 21:00:00,B3688,0.308,0.0,0.0,47.43,0.308,7588.8,8347.68,0.0
2011-05-16 22:00:00,B3688,0.308,0.0,0.0,47.43,0.308,7588.8,8347.68,0.0
2011-05-16 23:00:00,B3688,0.171,0.0,0.0,47.43,0.171,7588.8,8347.68,0.0
2011-05-17 00:00:00,B3688,2.571,2.4,0.0,47.43,2.571,7588.8,8347.68,0.0
2011-05-17 01:00:00,B3688,2.571,2.4,0.0,47.43,2.571,7588.8,8347.68,0.0
2011-05-17 02:00:00,B3688,2.571,2.4,0.0,47.43,2.571,7588.8,8347.68,0.0
2011-05-17 03:00:00,B3688,2.571,2.4,0.0,47.43,2.571,7588.8,8347.68,0.0
2011-05-17 04:00:00,B3688,2.571,2.4,0.0,47.43,2.571,7588.8,8347.68,0.0
2011-05-17 05:00:00,B3688,0.308,0.0,0.0,47.43,0.308,7588.8,8347.68,0.0
2011-05-17 06:00:00,B3688,1.13,0.0,2.24,47.43,-3.96,7588.8,8347.68,5.09
2011-05-17 07:00:00,B3688,0.308,0.0,2.57,47.43,-3.3520000000000003,7588.8,8347.68,3.66
2011-05-17 08:00:00,B3688,0.171,0.0,3.16,47.43,-3.359,7588.8,8347.68,3.53
2011-05-17 09:00:00,B3688,0.171,0.0,3.52,47.43,-3.609,7588.8,8347.68,3.78
2011-05-17 10:00:00,B3688,0.171,0.0,3.83,47.43,-3.8489999999999998,7588.8,8347.68,4.02
2011-05-17 11:00:00,B3688,0.171,0.0,4.0,47.43,-3.9490000000000003,7588.8,8347.68,4.12
2011-05-17 12:00:00,B3688,1.13,0.0,4.04,47.43,-2.9800000000000004,7588.8,8347.68,4.11
2011-05-17 13:00:00,B3688,0.308,0.0,3.92,47.43,-3.702,7588.8,8347.68,4.01
2011-05-17 14:00:00,B3688,0.171,0.0,3.65,47.43,-3.579,7588.8,8347.68,3.75
2011-05-17 15:00:00,B3688,0.171,0.0,3.21,47.43,-3.149,7588.8,8347.68,3.32
2011-05-17 16:00:00,B3688,0.171,0.0,2.64,47.43,-2.589,7588.8,8347.68,2.76
2011-05-17 17:00:00,B3688,0.308,0.0,1.87,47.43,-1.682,7588.8,8347.68,1.99
2011-05-17 18:00:00,B3688,1.13,0.0,0.64,47.43,0.41999999999999993,7588.8,8347.68,0.71
2011-05-17 19:00:00,B3688,1.403,0.0,0.0,47.43,1.403,7588.8,8347.68,0.0
2011-05-17 20:00:00,B3688,0.308,0.0,0.0,47.43,0.308,7588.8,8347.68,0.0
2011-05-17 21:00:00,B3688,0.308,0.0,0.0,47.43,0.308,7588.8,8347.68,0.0
2011-05-17 22:00:00,B3688,0.308,0.0,0.0,47.43,0.308,7588.8,8347.68,0.0
2011-05-17 23:00:00,B3688,0.171,0.0,0.0,47.43,0.171,7588.8,8347.68,0.0
2011-05-18 00:00:00,B3688,2.571,2.4,0.0,47.43,2.571,7588.8,8347.68,0.0
2011-05-18 01:00:00,B3688,2.571,2.4,0.0,47.43,2.571,7588.8,8347.68,0.0
2011-05-18 02:00:00,B3688,2.571,2.4,0.0,47.43,2.571,7588.8,8347.68,0.0
2011-05-18 03:00:00,B3688,2.571,2.4,0.0,47.43,2.571,7588.8,8347.68,0.0
2011-05-18 04:00:00,B3688,2.571,2.4,0.0,47.43,2.571,7588.8,8347.68,0.0
2011-05-18 05:00:00,B3688,0.308,0.0,0.0,47.43,0.308,7588.8,8347.68,0.0
2011-05-18 06:00:00,B3688,1.13,0.0,2.24,47.43,-3.9299999999999997,7588.8,8347.68,5.06
2011-05-18 07:00:00,B3688,0.308,0.0,2.57,47.43,-3.3520000000000003,7588.8,8347.68,3.66
2011-05-18 08:00:00,B3688,0.171,0.0,3.14,47.43,-3.359,7588.8,8347.68,3.53
2011-05-18 09:00:00,B3688,0.171,0.0,3.5,47.43,-3.589,7588.8,8347.68,3.76
2011-05-18 10:00:00,B3688,0.171,0.0,3.8,47.43,-3.8190000000000004,7588.8,8347.68,3.99
2011-05-18 11:00:00,B3688,0.171,0.0,3.97,47.43,-3.919,7588.8,8347.68,4.09
2011-05-18 12:00:00,B3688,1.13,0.0,4.01,47.43,-2.96,7588.8,8347.68,4.09
2011-05-18 13:00:00,B3688,0.308,0.0,3.9,47.43,-3.672,7588.8,8347.68,3.98
2011-05-18 14:00:00,B3688,0.171,0.0,3.65,47.43,-3.579,7588.8,8347.68,3.75
2011-05-18 15:00:00,B3688,0.171,0.0,3.22,47.43,-3.1590000000000003,7588.8,8347.68,3.33
2011-05-18 16:00:00,B3688,0.171,0.0,2.64,47.43,-2.589,7588.8,8347.68,2.76
2011-05-18 17:00:00,B3688,0.308,0.0,1.79,47.43,-1.5919999999999999,7588.8,8347.68,1.9
2011-05-18 18:00:00,B3688,1.13,0.0,0.61,47.43,0.45999999999999985,7588.8,8347.68,0.67
2011-05-18 19:00:00,B3688,1.403,0.0,0.0,47.43,1.403,7588.8,8347.68,0.0
2011-05-18 20:00:00,B3688,0.308,0.0,0.0,47.43,0.308,7588.8,8347.68,0.0
2011-05-18 21:00:00,B3688,0.308,0.0,0.0,47.43,0.308,7588.8,8347.68,0.0
2011-05-18 22:00:00,B3688,0.308,0.0,0.0,47.43,0.308,7588.8,8347.68,0.0
2011-05-18 23:00:00,B3688,0.171,0.0,0.0,47.43,0.171,7588.8,8347.68,0.0
2011-05-19 00:00:00,B3688,2.571,2.4,0.0,47.43,2.571,7588.8,8347.68,0.0
2011-05-19 01:00:00,B3688,2.571,2.4,0.0,47.43,2.571,7588.8,8347.68,0.0
2011-05-19 02:00:00,B3688,2.571,2.4,0.0,47.43,2.571,7588.8,8347.68,0.0
2011-05-19 03:00:00,B3688,2.571,2.4,0.0,47.43,2.571,7588.8,8347.68,0.0
2011-05-19 04:00:00,B3688,2.571,2.4,0.0,47.43,2.571,7588.8,8347.68,0.0
2011-05-19 05:00:00,B3688,0.308,0.0,0.0,47.43,0.308,7588.8,8347.68,0.0
2011-05-19 06:00:00,B3688,1.13,0.0,1.74,47.43,-2.4,7588.8,8347.68,3.53
2011-05-19 07:00:00,B3688,0.308,0.0,2.22,47.43,-2.7920000000000003,7588.8,8347.68,3.1
2011-05-19 08:00:00,B3688,0.171,0.0,2.65,47.43,-2.919,7588.8,8347.68,3.09
2011-05-19 09:00:00,B3688,0.171,0.0,2.96,47.43,-3.099,7588.8,8347.68,3.27
2011-05-19 10:00:00,B3688,0.171,0.0,3.25,47.43,-3.309,7588.8,8347.68,3.48
2011-05-19 11:00:00,B3688,0.171,0.0,3.09,47.43,-3.079,7588.8,8347.68,3.25
2011-05-19 12:00:00,B3688,1.13,0.0,3.15,47.43,-2.13,7588.8,8347.68,3.26
2011-05-19 13:00:00,B3688,0.308,0.0,3.25,47.43,-3.0420000000000003,7588.8,8347.68,3.35
2011-05-19 14:00:00,B3688,0.171,0.0,3.05,47.43,-2.979,7588.8,8347.68,3.15
2011-05-19 15:00:00,B3688,0.171,0.0,2.73,47.43,-2.6790000000000003,7588.8,8347.68,2.85
2011-05-19 16:00:00,B3688,0.171,0.0,2.23,47.43,-2.1790000000000003,7588.8,8347.68,2.35
2011-05-19 17:00:00,B3688,0.308,0.0,1.6,47.43,-1.3719999999999999,7588.8,8347.68,1.68
2011-05-19 18:00:00,B3688,1.13,0.0,0.58,47.43,0.4899999999999999,7588.8,8347.68,0.64
2011-05-19 19:00:00,B3688,1.403,0.0,0.0,47.43,1.403,7588.8,8347.68,0.0
2011-05-19 20:00:00,B3688,0.308,0.0,0.0,47.43,0.308,7588.8,8347.68,0.0
2011-05-19 21:00:00,B3688,0.308,0.0,0.0,47.43,0.308,7588.8,8347.68,0.0
2011-05-19 22:00:00,B3688,0.308,0.0,0.0,47.43,0.308,7588.8,8347.68,0.0
2011-05-19 23:00:00,B3688,0.171,0.0,0.0,47.43,0.171,7588.8,8347.68,0.0
2011-05-20 00:00:00,B3688,2.571,2.4,0.0,47.43,2.571,7588.8,8347.68,0.0
2011-05-20 01:00:00,B3688,2.571,2.4,0.0,47.43,2.571,7588.8,8347.68,0.0
2011-05-20 02:00:00,B3688,2.571,2.4,0.0,47.43,2.571,7588.8,8347.68,0.0
2011-05-20 03:00:00,B3688,2.571,2.4,0.0,47.43,2.571,7588.8,8347.68,0.0
2011-05-20 04:00:00,B3688,2.571,2.4,0.0,47.43,2.571,7588.8,8347.68,0.0
2011-05-20 05:00:00,B3688,0.308,0.0,0.0,47.43,0.308,7588.8,8347.68,0.0
2011-05-20 06:00:00,B3688,1.13,0.0,1.48,47.43,-1.5700000000000003,7588.8,8347.68,2.7
2011-05-20 07:00:00,B3688,0.308,0.0,1.8,47.43,-2.1420000000000003,7588.8,8347.68,2.45
2011-05-20 08:00:00,B3688,0.171,0.0,2.28,47.43,-2.479,7588.8,8347.68,2.65
2011-05-20 09:00:00,B3688,0.171,0.0,2.73,47.43,-2.839,7588.8,8347.68,3.01
2011-05-20 10:00:00,B3688,0.171,0.0,3.31,47.43,-3.379,7588.8,8347.68,3.55
2011-05-20 11:00:00,B3688,0.171,0.0,3.49,47.43,-3.499,7588.8,8347.68,3.67
2011-05-20 12:00:00,B3688,1.13,0.0,3.55,47.43,-2.56,7588.8,8347.68,3.69
2011-05-20 13:00:00,B3688,0.308,0.0,3.14,47.43,-2.972,7588.8,8347.68,3.28
2011-05-20 14:00:00,B3688,0.171,0.0,2.09,47.43,-2.059,7588.8,8347.68,2.23
2011-05-20 15:00:00,B3688,0.171,0.0,1.1,47.43,-1.029,7588.8,8347.68,1.2
2011-05-20 16:00:00,B3688,0.171,0.0,0.49,47.43,-0.33899999999999997,7588.8,8347.68,0.51
2011-05-20 17:00:00,B3688,0.308,0.0,0.0,47.43,0.308,7588.8,8347.68,0.0
2011-05-20 18:00:00,B3688,1.13,0.0,0.0,47.43,1.13,7588.8,8347.68,0.0
2011-05-20 19:00:00,B3688,1.403,0.0,0.0,47.43,1.403,7588.8,8347.68,0.0
2011-05-20 20:00:00,B3688,0.308,0.0,0.0,47.43,0.308,7588.8,8347.68,0.0
2011-05-20 21:00:00,B3688,0.308,0.0,0.0,47.43,0.308,7588.8,8347.68,0.0
2011-05-20 22:00:00,B3688,0.308,0.0,0.0,47.43,0.308,7588.8,8347.68,0.0
2011-05-20 23:00:00,B3688,0.171,0.0,0.0,47.43,0.171,7588.8,8347.68,0.0
2011-05-21 00:00:00,B3688,0.171,0.0,0.0,47.43,0.171,7588.8,8347.68,0.0
2011-05-21 01:00:00,B3688,0.171,0.0,0.0,47.43,0.171,7588.8,8347.68,0.0
2011-05-21 02:00:00,B3688,0.171,0.0,0.0,47.43,0.171,7588.8,8347.68,0.0
2011-05-21 03:00:00,B3688,0.171,0.0,0.0,47.43,0.171,7588.8,8347.68,0.0
2011-05-21 04:00:00,B3688,0.171,0.0,0.0,47.43,0.171,7588.8,8347.68,0.0
2011-05-21 05:00:00,B3688,0.308,0.0,0.0,47.43,0.308,7588.8,8347.68,0.0
2011-05-21 06:00:00,B3688,1.129,0.0,1.74,47.43,-2.461,7588.8,8347.68,3.59
2011-05-21 07:00:00,B3688,0.308,0.0,1.85,47.43,-2.192,7588.8,8347.68,2.5
2011-05-21 08:00:00,B3688,2.571,2.4,1.62,47.43,0.6110000000000002,7588.8,8347.68,1.96
2011-05-21 09:00:00,B3688,2.571,2.4,1.35,47.43,0.9810000000000001,7588.8,8347.68,1.59
2011-05-21 10:00:00,B3688,2.571,2.4,1.56,47.43,0.8410000000000002,7588.8,8347.68,1.73
2011-05-21 11:00:00,B3688,2.571,2.4,1.99,47.43,0.4610000000000003,7588.8,8347.68,2.11
2011-05-21 12:00:00,B3688,3.53,2.4,2.89,47.43,0.5399999999999996,7588.8,8347.68,2.99
2011-05-21 13:00:00,B3688,0.308,0.0,3.46,47.43,-3.2720000000000002,7588.8,8347.68,3.58
2011-05-21 14:00:00,B3688,0.171,0.0,3.05,47.43,-2.9890000000000003,7588.8,8347.68,3.16
2011-05-21 15:00:00,B3688,0.171,0.0,2.56,47.43,-2.5090000000000003,7588.8,8347.68,2.68
2011-05-21 16:00:00,B3688,0.171,0.0,1.96,47.43,-1.8989999999999998,7588.8,8347.68,2.07
2011-05-21 17:00:00,B3688,0.308,0.0,1.19,47.43,-0.952,7588.8,8347.68,1.26
2011-05-21 18:00:00,B3688,1.13,0.0,0.42,47.43,0.6699999999999999,7588.8,8347.68,0.46
2011-05-21 19:00:00,B3688,1.403,0.0,0.0,47.43,1.403,7588.8,8347.68,0.0
2011-05-21 20:00:00,B3688,0.308,0.0,0.0,47.43,0.308,7588.8,8347.68,0.0
2011-05-21 21:00:00,B3688,0.308,0.0,0.0,47.43,0.308,7588.8,8347.68,0.0
2011-05-21 22:00:00,B3688,0.308,0.0,0.0,47.43,0.308,7588.8,8347.68,0.0
2011-05-21 23:00:00,B3688,0.171,0.0,0.0,47.43,0.171,7588.8,8347.68,0.0
2011-05-22 00:00:00,B3688,0.171,0.0,0.0,47.43,0.171,7588.8,8347.68,0.0
2011-05-22 01:00:00,B3688,0.171,0.0,0.0,47.43,0.171,7588.8,8347.68,0.0
2011-05-22 02:00:00,B3688,0.171,0.0,0.0,47.43,0.171,7588.8,8347.68,0.0
2011-05-22 03:00:00,B3688,0.171,0.0,0.0,47.43,0.171,7588.8,8347.68,0.0
2011-05-22 04:00:00,B3688,0.171,0.0,0.0,47.43,0.171,7588.8,8347.68,0.0
2011-05-22 05:00:00,B3688,0.308,0.0,0.0,47.43,0.308,7588.8,8347.68,0.0
2011-05-22 06:00:00,B3688,1.129,0.0,2.03,47.43,-3.3909999999999996,7588.8,8347.68,4.52
2011-05-22 07:00:00,B3688,0.308,0.0,2.39,47.43,-3.092,7588.8,8347.68,3.4
2011-05-22 08:00:00,B3688,2.571,2.4,2.97,47.43,-0.8089999999999997,7588.8,8347.68,3.38
2011-05-22 09:00:00,B3688,2.571,2.4,3.26,47.43,-0.9589999999999996,7588.8,8347.68,3.53
2011-05-22 10:00:00,B3688,2.571,2.4,3.24,47.43,-0.8889999999999998,7588.8,8347.68,3.46
2011-05-22 11:00:00,B3688,2.571,2.4,3.19,47.43,-0.7689999999999997,7588.8,8347.68,3.34
2011-05-22 12:00:00,B3688,3.53,2.4,3.23,47.43,0.18999999999999995,7588.8,8347.68,3.34
2011-05-22 13:00:00,B3688,0.308,0.0,2.98,47.43,-2.7720000000000002,7588.8,8347.68,3.08
2011-05-22 14:00:00,B3688,0.171,0.0,2.78,47.43,-2.729,7588.8,8347.68,2.9
2011-05-22 15:00:00,B3688,0.171,0.0,2.33,47.43,-2.289,7588.8,8347.68,2.46
2011-05-22 16:00:00,B3688,0.171,0.0,1.87,47.43,-1.819,7588.8,8347.68,1.99
2011-05-22 17:00:00,B3688,0.308,0.0,1.47,47.43,-1.252,7588.8,8347.68,1.56
2011-05-22 18:00:00,B3688,1.13,0.0,0.54,47.43,0.5299999999999999,7588.8,8347.68,0.6
2011-05-22 19:00:00,B3688,1.403,0.0,0.0,47.43,1.403,7588.8,8347.68,0.0
2011-05-22 20:00:00,B3688,0.308,0.0,0.0,47.43,0.308,7588.8,8347.68,0.0
2011-05-22 21:00:00,B3688,0.308,0.0,0.0,47.43,0.308,7588.8,8347.68,0.0
2011-05-22 22:00:00,B3688,0.308,0.0,0.0,47.43,0.308,7588.8,8347.68,0.0
2011-05-22 23:00:00,B3688,0.171,0.0,0.0,47.43,0.171,7588.8,8347.68,0.0
2011-05-23 00:00:00,B3688,2.571,2.4,0.0,47.43,2.571,7588.8,8347.68,0.0
2011-05-23 01:00:00,B3688,2.571,2.4,0.0,47.43,2.571,7588.8,8347.68,0.0
2011-05-23 02:00:00,B3688,2.571,2.4,0.0,47.43,2.571,7588.8,8347.68,0.0
2011-05-23 03:00:00,B3688,2.571,2.4,0.0,47.43,2.571,7588.8,8347.68,0.0
2011-05-23 04:00:00,B3688,2.571,2.4,0.0,47.43,2.571,7588.8,8347.68,0.0
2011-05-23 05:00:00,B3688,0.308,0.0,0.0,47.43,0.308,7588.8,8347.68,0.0
2011-05-23 06:00:00,B3688,1.13,0.0,1.65,47.43,-2.3400000000000003,7588.8,8347.68,3.47
2011-05-23 07:00:00,B3688,0.308,0.0,2.3,47.43,-2.952,7588.8,8347.68,3.26
2011-05-23 08:00:00,B3688,0.171,0.0,2.65,47.43,-2.879,7588.8,8347.68,3.05
2011-05-23 09:00:00,B3688,0.171,0.0,2.75,47.43,-2.8890000000000002,7588.8,8347.68,3.06
2011-05-23 10:00:00,B3688,0.171,0.0,3.25,47.43,-3.309,7588.8,8347.68,3.48
2011-05-23 11:00:00,B3688,0.171,0.0,3.21,47.43,-3.1990000000000003,7588.8,8347.68,3.37
2011-05-23 12:00:00,B3688,1.13,0.0,3.34,47.43,-2.3400000000000003,7588.8,8347.68,3.47
2011-05-23 13:00:00,B3688,0.308,0.0,3.65,47.43,-3.482,7588.8,8347.68,3.79
2011-05-23 14:00:00,B3688,0.171,0.0,3.44,47.43,-3.4090000000000003,7588.8,8347.68,3.58
2011-05-23 15:00:00,B3688,0.171,0.0,3.15,47.43,-3.109,7588.8,8347.68,3.28
2011-05-23 16:00:00,B3688,0.171,0.0,2.66,47.43,-2.619,7588.8,8347.68,2.79
2011-05-23 17:00:00,B3688,0.308,0.0,1.88,47.43,-1.7019999999999997,7588.8,8347.68,2.01
2011-05-23 18:00:00,B3688,1.13,0.0,0.68,47.43,0.3799999999999999,7588.8,8347.68,0.75
2011-05-23 19:00:00,B3688,1.403,0.0,0.0,47.43,1.403,7588.8,8347.68,0.0
2011-05-23 20:00:00,B3688,0.308,0.0,0.0,47.43,0.308,7588.8,8347.68,0.0
2011-05-23 21:00:00,B3688,0.308,0.0,0.0,47.43,0.308,7588.8,8347.68,0.0
2011-05-23 22:00:00,B3688,0.308,0.0,0.0,47.43,0.308,7588.8,8347.68,0.0
2011-05-23 23:00:00,B3688,0.171,0.0,0.0,47.43,0.171,7588.8,8347.68,0.0
2011-05-24 00:00:00,B3688,2.571,2.4,0.0,47.43,2.571,7588.8,8347.68,0.0
2011-05-24 01:00:00,B3688,2.571,2.4,0.0,47.43,2.571,7588.8,8347.68,0.0
2011-05-24 02:00:00,B3688,2.571,2.4,0.0,47.43,2.571,7588.8,8347.68,0.0
2011-05-24 03:00:00,B3688,2.571,2.4,0.0,47.43,2.571,7588.8,8347.68,0.0
2011-05-24 04:00:00,B3688,2.571,2.4,0.0,47.43,2.571,7588.8,8347.68,0.0
2011-05-24 05:00:00,B3688,0.308,0.0,0.0,47.43,0.308,7588.8,8347.68,0.0
2011-05-24 06:00:00,B3688,1.13,0.0,1.91,47.43,-2.74,7588.8,8347.68,3.87
2011-05-24 07:00:00,B3688,0.308,0.0,2.25,47.43,-2.802,7588.8,8347.68,3.11
2011-05-24 08:00:00,B3688,0.171,0.0,2.57,47.43,-2.839,7588.8,8347.68,3.01
2011-05-24 09:00:00,B3688,0.171,0.0,2.66,47.43,-2.829,7588.8,8347.68,3.0
2011-05-24 10:00:00,B3688,0.171,0.0,2.49,47.43,-2.599,7588.8,8347.68,2.77
2011-05-24 11:00:00,B3688,0.171,0.0,2.57,47.43,-2.599,7588.8,8347.68,2.77
2011-05-24 12:00:00,B3688,1.13,0.0,3.03,47.43,-2.0500000000000003,7588.8,8347.68,3.18
2011-05-24 13:00:00,B3688,0.308,0.0,3.16,47.43,-2.982,7588.8,8347.68,3.29
2011-05-24 14:00:00,B3688,0.171,0.0,2.97,47.43,-2.939,7588.8,8347.68,3.11
2011-05-24 15:00:00,B3688,0.171,0.0,2.94,47.43,-2.9090000000000003,7588.8,8347.68,3.08
2011-05-24 16:00:00,B3688,0.171,0.0,2.6,47.43,-2.559,7588.8,8347.68,2.73
2011-05-24 17:00:00,B3688,0.308,0.0,1.82,47.43,-1.632,7588.8,8347.68,1.94
2011-05-24 18:00:00,B3688,1.13,0.0,0.64,47.43,0.41999999999999993,7588.8,8347.68,0.71
2011-05-24 19:00:00,B3688,1.403,0.0,0.0,47.43,1.403,7588.8,8347.68,0.0
2011-05-24 20:00:00,B3688,0.308,0.0,0.0,47.43,0.308,7588.8,8347.68,0.0
2011-05-24 21:00:00,B3688,0.308,0.0,0.0,47.43,0.308,7588.8,8347.68,0.0
2011-05-24 22:00:00,B3688,0.308,0.0,0.0,47.43,0.308,7588.8,8347.68,0.0
2011-05-24 23:00:00,B3688,0.171,0.0,0.0,47.43,0.171,7588.8,8347.68,0.0
2011-05-25 00:00:00,B3688,2.571,2.4,0.0,47.43,2.571,7588.8,8347.68,0.0
2011-05-25 01:00:00,B3688,2.571,2.4,0.0,47.43,2.571,7588.8,8347.68,0.0
2011-05-25 02:00:00,B3688,2.571,2.4,0.0,47.43,2.571,7588.8,8347.68,0.0
2011-05-25 03:00:00,B3688,2.571,2.4,0.0,47.43,2.571,7588.8,8347.68,0.0
2011-05-25 04:00:00,B3688,2.571,2.4,0.0,47.43,2.571,7588.8,8347.68,0.0
2011-05-25 05:00:00,B3688,0.308,0.0,0.0,47.43,0.308,7588.8,8347.68,0.0
2011-05-25 06:00:00,B3688,1.13,0.0,1.94,47.43,-2.81,7588.8,8347.68,3.94
2011-05-25 07:00:00,B3688,0.308,0.0,2.17,47.43,-2.6620000000000004,7588.8,8347.68,2.97
2011-05-25 08:00:00,B3688,0.171,0.0,2.41,47.43,-2.689,7588.8,8347.68,2.86
2011-05-25 09:00:00,B3688,0.171,0.0,2.71,47.43,-2.8890000000000002,7588.8,8347.68,3.06
2011-05-25 10:00:00,B3688,0.171,0.0,2.86,47.43,-2.979,7588.8,8347.68,3.15
2011-05-25 11:00:00,B3688,0.171,0.0,3.05,47.43,-3.109,7588.8,8347.68,3.28
2011-05-25 12:00:00,B3688,1.13,0.0,3.31,47.43,-2.35,7588.8,8347.68,3.48
2011-05-25 13:00:00,B3688,0.308,0.0,3.54,47.43,-3.3720000000000003,7588.8,8347.68,3.68
2011-05-25 14:00:00,B3688,0.171,0.0,3.43,47.43,-3.399,7588.8,8347.68,3.57
2011-05-25 15:00:00,B3688,0.171,0.0,3.1,47.43,-3.0690000000000004,7588.8,8347.68,3.24
2011-05-25 16:00:00,B3688,0.171,0.0,2.65,47.43,-2.609,7588.8,8347.68,2.78
2011-05-25 17:00:00,B3688,0.308,0.0,1.9,47.43,-1.7219999999999998,7588.8,8347.68,2.03
2011-05-25 18:00:00,B3688,1.13,0.0,0.97,47.43,0.039999999999999813,7588.8,8347.68,1.09
2011-05-25 19:00:00,B3688,1.403,0.0,0.0,47.43,1.403,7588.8,8347.68,0.0
2011-05-25 20:00:00,B3688,0.308,0.0,0.0,47.43,0.308,7588.8,8347.68,0.0
2011-05-25 21:00:00,B3688,0.308,0.0,0.0,47.43,0.308,7588.8,8347.68,0.0
2011-05-25 22:00:00,B3688,0.308,0.0,0.0,47.43,0.308,7588.8,8347.68,0.0
2011-05-25 23:00:00,B3688,0.171,0.0,0.0,47.43,0.171,7588.8,8347.68,0.0
2011-05-26 00:00:00,B3688,2.571,2.4,0.0,47.43,2.571,7588.8,8347.68,0.0
2011-05-26 01:00:00,B3688,2.571,2.4,0.0,47.43,2.571,7588.8,8347.68,0.0
2011-05-26 02:00:00,B3688,2.571,2.4,0.0,47.43,2.571,7588.8,8347.68,0.0
2011-05-26 03:00:00,B3688,2.571,2.4,0.0,47.43,2.571,7588.8,8347.68,0.0
2011-05-26 04:00:00,B3688,2.571,2.4,0.0,47.43,2.571,7588.8,8347.68,0.0
2011-05-26 05:00:00,B3688,0.308,0.0,0.0,47.43,0.308,7588.8,8347.68,0.0
2011-05-26 06:00:00,B3688,1.13,0.0,2.01,47.43,-2.91,7588.8,8347.68,4.04
2011-05-26 07:00:00,B3688,0.308,0.0,2.43,47.43,-3.052,7588.8,8347.68,3.36
2011-05-26 08:00:00,B3688,0.171,0.0,3.03,47.43,-3.359,7588.8,8347.68,3.53
2011-05-26 09:00:00,B3688,0.171,0.0,3.5,47.43,-3.669,7588.8,8347.68,3.84
2011-05-26 10:00:00,B3688,0.171,0.0,3.77,47.43,-3.8590000000000004,7588.8,8347.68,4.03
2011-05-26 11:00:00,B3688,0.171,0.0,3.97,47.43,-3.959,7588.8,8347.68,4.13
2011-05-26 12:00:00,B3688,1.13,0.0,4.18,47.43,-3.1399999999999997,7588.8,8347.68,4.27
2011-05-26 13:00:00,B3688,0.308,0.0,4.03,47.43,-3.832,7588.8,8347.68,4.14
2011-05-26 14:00:00,B3688,0.171,0.0,3.51,47.43,-3.4690000000000003,7588.8,8347.68,3.64
2011-05-26 15:00:00,B3688,0.171,0.0,2.64,47.43,-2.629,7588.8,8347.68,2.8
2011-05-26 16:00:00,B3688,0.171,0.0,1.74,47.43,-1.7289999999999999,7588.8,8347.68,1.9
2011-05-26 17:00:00,B3688,0.308,0.0,1.09,47.43,-0.9119999999999999,7588.8,8347.68,1.22
2011-05-26 18:00:00,B3688,1.13,0.0,0.64,47.43,0.41999999999999993,7588.8,8347.68,0.71
2011-05-26 19:00:00,B3688,1.403,0.0,0.0,47.43,1.403,7588.8,8347.68,0.0
2011-05-26 20:00:00,B3688,0.308,0.0,0.0,47.43,0.308,7588.8,8347.68,0.0
2011-05-26 21:00:00,B3688,0.308,0.0,0.0,47.43,0.308,7588.8,8347.68,0.0
2011-05-26 22:00:00,B3688,0.308,0.0,0.0,47.43,0.308,7588.8,8347.68,0.0
2011-05-26 23:00:00,B3688,0.171,0.0,0.0,47.43,0.171,7588.8,8347.68,0.0
2011-05-27 00:00:00,B3688,2.571,2.4,0.0,47.43,2.571,7588.8,8347.68,0.0
2011-05-27 01:00:00,B3688,2.571,2.4,0.0,47.43,2.571,7588.8,8347.68,0.0
2011-05-27 02:00:00,B3688,2.571,2.4,0.0,47.43,2.571,7588.8,8347.68,0.0
2011-05-27 03:00:00,B3688,2.571,2.4,0.0,47.43,2.571,7588.8,8347.68,0.0
2011-05-27 04:00:00,B3688,2.571,2.4,0.0,47.43,2.571,7588.8,8347.68,0.0
2011-05-27 05:00:00,B3688,0.308,0.0,0.0,47.43,0.308,7588.8,8347.68,0.0
2011-05-27 06:00:00,B3688,1.13,0.0,1.54,47.43,-1.69,7588.8,8347.68,2.82
2011-05-27 07:00:00,B3688,0.308,0.0,1.78,47.43,-2.1020000000000003,7588.8,8347.68,2.41
2011-05-27 08:00:00,B3688,0.171,0.0,1.97,47.43,-2.1990000000000003,7588.8,8347.68,2.37
2011-05-27 09:00:00,B3688,0.171,0.0,2.38,47.43,-2.579,7588.8,8347.68,2.75
2011-05-27 10:00:00,B3688,0.171,0.0,2.89,47.43,-3.0690000000000004,7588.8,8347.68,3.24
2011-05-27 11:00:00,B3688,0.171,0.0,3.39,47.43,-3.4690000000000003,7588.8,8347.68,3.64
2011-05-27 12:00:00,B3688,1.13,0.0,3.45,47.43,-2.48,7588.8,8347.68,3.61
2011-05-27 13:00:00,B3688,0.308,0.0,3.34,47.43,-3.1820000000000004,7588.8,8347.68,3.49
2011-05-27 14:00:00,B3688,0.171,0.0,2.93,47.43,-2.919,7588.8,8347.68,3.09
2011-05-27 15:00:00,B3688,0.171,0.0,2.32,47.43,-2.309,7588.8,8347.68,2.48
2011-05-27 16:00:00,B3688,0.171,0.0,1.42,47.43,-1.379,7588.8,8347.68,1.55
2011-05-27 17:00:00,B3688,0.308,0.0,0.47,47.43,-0.192,7588.8,8347.68,0.5
2011-05-27 18:00:00,B3688,1.13,0.0,0.0,47.43,1.13,7588.8,8347.68,0.0
2011-05-27 19:00:00,B3688,1.403,0.0,0.0,47.43,1.403,7588.8,8347.68,0.0
2011-05-27 20:00:00,B3688,0.308,0.0,0.0,47.43,0.308,7588.8,8347.68,0.0
2011-05-27 21:00:00,B3688,0.308,0.0,0.0,47.43,0.308,7588.8,8347.68,0.0
2011-05-27 22:00:00,B3688,0.308,0.0,0.0,47.43,0.308,7588.8,8347.68,0.0
2011-05-27 23:00:00,B3688,0.171,0.0,0.0,47.43,0.171,7588.8,8347.68,0.0
2011-05-28 00:00:00,B3688,0.171,0.0,0.0,47.43,0.171,7588.8,8347.68,0.0
2011-05-28 01:00:00,B3688,0.171,0.0,0.0,47.43,0.171,7588.8,8347.68,0.0
2011-05-28 02:00:00,B3688,0.171,0.0,0.0,47.43,0.171,7588.8,8347.68,0.0
2011-05-28 03:00:00,B3688,0.171,0.0,0.0,47.43,0.171,7588.8,8347.68,0.0
2011-05-28 04:00:00,B3688,0.171,0.0,0.0,47.43,0.171,7588.8,8347.68,0.0
2011-05-28 05:00:00,B3688,0.308,0.0,0.0,47.43,0.308,7588.8,8347.68,0.0
2011-05-28 06:00:00,B3688,1.129,0.0,0.66,47.43,0.21899999999999997,7588.8,8347.68,0.91
2011-05-28 07:00:00,B3688,0.308,0.0,1.04,47.43,-1.012,7588.8,8347.68,1.32
2011-05-28 08:00:00,B3688,2.571,2.4,1.64,47.43,0.6010000000000002,7588.8,8347.68,1.97
2011-05-28 09:00:00,B3688,2.571,2.4,2.07,47.43,0.19100000000000028,7588.8,8347.68,2.38
2011-05-28 10:00:00,B3688,2.571,2.4,2.46,47.43,-0.16900000000000004,7588.8,8347.68,2.74
2011-05-28 11:00:00,B3688,2.571,2.4,3.16,47.43,-0.7789999999999999,7588.8,8347.68,3.35
2011-05-28 12:00:00,B3688,3.53,2.4,3.62,47.43,-0.2100000000000004,7588.8,8347.68,3.74
2011-05-28 13:00:00,B3688,0.308,0.0,3.5,47.43,-3.322,7588.8,8347.68,3.63
2011-05-28 14:00:00,B3688,0.171,0.0,3.15,47.43,-3.129,7588.8,8347.68,3.3
2011-05-28 15:00:00,B3688,0.171,0.0,2.77,47.43,-2.7390000000000003,7588.8,8347.68,2.91
2011-05-28 16:00:00,B3688,0.171,0.0,2.2,47.43,-2.169,7588.8,8347.68,2.34
2011-05-28 17:00:00,B3688,0.308,0.0,1.46,47.43,-1.272,7588.8,8347.68,1.58
2011-05-28 18:00:00,B3688,1.13,0.0,0.67,47.43,0.3899999999999999,7588.8,8347.68,0.74
2011-05-28 19:00:00,B3688,1.403,0.0,0.0,47.43,1.403,7588.8,8347.68,0.0
2011-05-28 20:00:00,B3688,0.308,0.0,0.0,47.43,0.308,7588.8,8347.68,0.0
2011-05-28 21:00:00,B3688,0.308,0.0,0.0,47.43,0.308,7588.8,8347.68,0.0
2011-05-28 22:00:00,B3688,0.308,0.0,0.0,47.43,0.308,7588.8,8347.68,0.0
2011-05-28 23:00:00,B3688,0.171,0.0,0.0,47.43,0.171,7588.8,8347.68,0.0
2011-05-29 00:00:00,B3688,0.171,0.0,0.0,47.43,0.171,7588.8,8347.68,0.0
2011-05-29 01:00:00,B3688,0.171,0.0,0.0,47.43,0.171,7588.8,8347.68,0.0
2011-05-29 02:00:00,B3688,0.171,0.0,0.0,47.43,0.171,7588.8,8347.68,0.0
2011-05-29 03:00:00,B3688,0.171,0.0,0.0,47.43,0.171,7588.8,8347.68,0.0
2011-05-29 04:00:00,B3688,0.171,0.0,0.0,47.43,0.171,7588.8,8347.68,0.0
2011-05-29 05:00:00,B3688,0.308,0.0,0.0,47.43,0.308,7588.8,8347.68,0.0
2011-05-29 06:00:00,B3688,1.129,0.0,0.48,47.43,0.559,7588.8,8347.68,0.57
2011-05-29 07:00:00,B3688,0.308,0.0,0.87,47.43,-0.692,7588.8,8347.68,1.0
2011-05-29 08:00:00,B3688,2.571,2.4,1.79,47.43,0.42100000000000026,7588.8,8347.68,2.15
2011-05-29 09:00:00,B3688,2.571,2.4,2.6,47.43,-0.379,7588.8,8347.68,2.95
2011-05-29 10:00:00,B3688,2.571,2.4,2.98,47.43,-0.6889999999999996,7588.8,8347.68,3.26
2011-05-29 11:00:00,B3688,2.571,2.4,3.21,47.43,-0.839,7588.8,8347.68,3.41
2011-05-29 12:00:00,B3688,3.53,2.4,3.36,47.43,0.020000000000000018,7588.8,8347.68,3.51
2011-05-29 13:00:00,B3688,0.308,0.0,3.46,47.43,-3.2920000000000003,7588.8,8347.68,3.6
2011-05-29 14:00:00,B3688,0.171,0.0,3.02,47.43,-2.9890000000000003,7588.8,8347.68,3.16
2011-05-29 15:00:00,B3688,0.171,0.0,2.62,47.43,-2.599,7588.8,8347.68,2.77
2011-05-29 16:00:00,B3688,0.171,0.0,2.26,47.43,-2.229,7588.8,8347.68,2.4
2011-05-29 17:00:00,B3688,0.308,0.0,1.51,47.43,-1.302,7588.8,8347.68,1.61
2011-05-29 18:00:00,B3688,1.13,0.0,0.62,47.43,0.43999999999999995,7588.8,8347.68,0.69
2011-05-29 19:00:00,B3688,1.403,0.0,0.0,47.43,1.403,7588.8,8347.68,0.0
2011-05-29 20:00:00,B3688,0.308,0.0,0.0,47.43,0.308,7588.8,8347.68,0.0
2011-05-29 21:00:00,B3688,0.308,0.0,0.0,47.43,0.308,7588.8,8347.68,0.0
2011-05-29 22:00:00,B3688,0.308,0.0,0.0,47.43,0.308,7588.8,8347.68,0.0
2011-05-29 23:00:00,B3688,0.171,0.0,0.0,47.43,0.171,7588.8,8347.68,0.0
2011-05-30 00:00:00,B3688,2.571,2.4,0.0,47.43,2.571,7588.8,8347.68,0.0
2011-05-30 01:00:00,B3688,2.571,2.4,0.0,47.43,2.571,7588.8,8347.68,0.0
2011-05-30 02:00:00,B3688,2.571,2.4,0.0,47.43,2.571,7588.8,8347.68,0.0
2011-05-30 03:00:00,B3688,2.571,2.4,0.0,47.43,2.571,7588.8,8347.68,0.0
2011-05-30 04:00:00,B3688,2.571,2.4,0.0,47.43,2.571,7588.8,8347.68,0.0
2011-05-30 05:00:00,B3688,0.308,0.0,0.0,47.43,0.308,7588.8,8347.68,0.0
2011-05-30 06:00:00,B3688,1.13,0.0,1.52,47.43,-1.73,7588.8,8347.68,2.86
2011-05-30 07:00:00,B3688,0.308,0.0,2.05,47.43,-2.5020000000000002,7588.8,8347.68,2.81
2011-05-30 08:00:00,B3688,0.171,0.0,2.74,47.43,-3.059,7588.8,8347.68,3.23
2011-05-30 09:00:00,B3688,0.171,0.0,3.26,47.43,-3.439,7588.8,8347.68,3.61
2011-05-30 10:00:00,B3688,0.171,0.0,3.78,47.43,-3.839,7588.8,8347.68,4.01
2011-05-30 11:00:00,B3688,0.171,0.0,4.13,47.43,-4.0889999999999995,7588.8,8347.68,4.26
2011-05-30 12:00:00,B3688,1.13,0.0,4.17,47.43,-3.12,7588.8,8347.68,4.25
2011-05-30 13:00:00,B3688,0.308,0.0,4.07,47.43,-3.8420000000000005,7588.8,8347.68,4.15
2011-05-30 14:00:00,B3688,0.171,0.0,3.81,47.43,-3.7390000000000003,7588.8,8347.68,3.91
2011-05-30 15:00:00,B3688,0.171,0.0,3.39,47.43,-3.329,7588.8,8347.68,3.5
2011-05-30 16:00:00,B3688,0.171,0.0,2.8,47.43,-2.7390000000000003,7588.8,8347.68,2.91
2011-05-30 17:00:00,B3688,0.308,0.0,2.04,47.43,-1.852,7588.8,8347.68,2.16
2011-05-30 18:00:00,B3688,1.13,0.0,1.06,47.43,-0.07000000000000006,7588.8,8347.68,1.2
2011-05-30 19:00:00,B3688,1.403,0.0,0.0,47.43,1.403,7588.8,8347.68,0.0
2011-05-30 20:00:00,B3688,0.308,0.0,0.0,47.43,0.308,7588.8,8347.68,0.0
2011-05-30 21:00:00,B3688,0.308,0.0,0.0,47.43,0.308,7588.8,8347.68,0.0
2011-05-30 22:00:00,B3688,0.308,0.0,0.0,47.43,0.308,7588.8,8347.68,0.0
2011-05-30 23:00:00,B3688,0.171,0.0,0.0,47.43,0.171,7588.8,8347.68,0.0
2011-05-31 00:00:00,B3688,2.571,2.4,0.0,47.43,2.571,7588.8,8347.68,0.0
2011-05-31 01:00:00,B3688,2.571,2.4,0.0,47.43,2.571,7588.8,8347.68,0.0
2011-05-31 02:00:00,B3688,2.571,2.4,0.0,47.43,2.571,7588.8,8347.68,0.0
2011-05-31 03:00:00,B3688,2.571,2.4,0.0,47.43,2.571,7588.8,8347.68,0.0
2011-05-31 04:00:00,B3688,2.571,2.4,0.0,47.43,2.571,7588.8,8347.68,0.0
2011-05-31 05:00:00,B3688,0.308,0.0,0.0,47.43,0.308,7588.8,8347.68,0.0
2011-05-31 06:00:00,B3688,1.13,0.0,2.16,47.43,-3.3500000000000005,7588.8,8347.68,4.48
2011-05-31 07:00:00,B3688,0.308,0.0,2.72,47.43,-3.5820000000000003,7588.8,8347.68,3.89
2011-05-31 08:00:00,B3688,0.171,0.0,3.34,47.43,-3.6390000000000002,7588.8,8347.68,3.81
2011-05-31 09:00:00,B3688,0.171,0.0,3.71,47.43,-3.809,7588.8,8347.68,3.98
2011-05-31 10:00:00,B3688,0.171,0.0,4.01,47.43,-4.039,7588.8,8347.68,4.21
2011-05-31 11:00:00,B3688,0.171,0.0,4.18,47.43,-4.129,7588.8,8347.68,4.3
2011-05-31 12:00:00,B3688,1.13,0.0,4.21,47.43,-3.16,7588.8,8347.68,4.29
2011-05-31 13:00:00,B3688,0.308,0.0,4.1,47.43,-3.872,7588.8,8347.68,4.18
2011-05-31 14:00:00,B3688,0.171,0.0,3.81,47.43,-3.7390000000000003,7588.8,8347.68,3.91
2011-05-31 15:00:00,B3688,0.171,0.0,3.31,47.43,-3.249,7588.8,8347.68,3.42
2011-05-31 16:00:00,B3688,0.171,0.0,2.75,47.43,-2.6990000000000003,7588.8,8347.68,2.87
2011-05-31 17:00:00,B3688,0.308,0.0,2.04,47.43,-1.852,7588.8,8347.68,2.16
2011-05-31 18:00:00,B3688,1.13,0.0,1.06,47.43,-0.07000000000000006,7588.8,8347.68,1.2
2011-05-31 19:00:00,B3688,1.403,0.0,0.0,47.43,1.403,7588.8,8347.68,0.0
2011-05-31 20:00:00,B3688,0.308,0.0,0.0,47.43,0.308,7588.8,8347.68,0.0
2011-05-31 21:00:00,B3688,0.308,0.0,0.0,47.43,0.308,7588.8,8347.68,0.0
2011-05-31 22:00:00,B3688,0.308,0.0,0.0,47.43,0.308,7588.8,8347.68,0.0
2011-05-31 23:00:00,B3688,0.171,0.0,0.0,47.43,0.171,7588.8,8347.68,0.0
2011-06-01 00:00:00,B3688,2.571,2.4,0.0,47.43,2.571,7588.8,8347.68,0.0
2011-06-01 01:00:00,B3688,2.571,2.4,0.0,47.43,2.571,7588.8,8347.68,0.0
2011-06-01 02:00:00,B3688,2.571,2.4,0.0,47.43,2.571,7588.8,8347.68,0.0
2011-06-01 03:00:00,B3688,2.571,2.4,0.0,47.43,2.571,7588.8,8347.68,0.0
2011-06-01 04:00:00,B3688,2.571,2.4,0.0,47.43,2.571,7588.8,8347.68,0.0
2011-06-01 05:00:00,B3688,0.308,0.0,0.0,47.43,0.308,7588.8,8347.68,0.0
2011-06-01 06:00:00,B3688,1.13,0.0,2.07,47.43,-3.1500000000000004,7588.8,8347.68,4.28
2011-06-01 07:00:00,B3688,0.308,0.0,2.6,47.43,-3.382,7588.8,8347.68,3.69
2011-06-01 08:00:00,B3688,0.171,0.0,3.12,47.43,-3.4290000000000003,7588.8,8347.68,3.6
2011-06-01 09:00:00,B3688,0.171,0.0,3.31,47.43,-3.4690000000000003,7588.8,8347.68,3.64
2011-06-01 10:00:00,B3688,0.171,0.0,3.6,47.43,-3.669,7588.8,8347.68,3.84
2011-06-01 11:00:00,B3688,0.171,0.0,3.76,47.43,-3.729,7588.8,8347.68,3.9
2011-06-01 12:00:00,B3688,1.13,0.0,3.53,47.43,-2.5,7588.8,8347.68,3.63
2011-06-01 13:00:00,B3688,0.308,0.0,3.24,47.43,-3.0420000000000003,7588.8,8347.68,3.35
2011-06-01 14:00:00,B3688,0.171,0.0,3.24,47.43,-3.169,7588.8,8347.68,3.34
2011-06-01 15:00:00,B3688,0.171,0.0,3.15,47.43,-3.089,7588.8,8347.68,3.26
2011-06-01 16:00:00,B3688,0.171,0.0,2.63,47.43,-2.579,7588.8,8347.68,2.75
2011-06-01 17:00:00,B3688,0.308,0.0,1.89,47.43,-1.7019999999999997,7588.8,8347.68,2.01
2011-06-01 18:00:00,B3688,1.13,0.0,0.98,47.43,0.039999999999999813,7588.8,8347.68,1.09
2011-06-01 19:00:00,B3688,1.403,0.0,0.0,47.43,1.403,7588.8,8347.68,0.0
2011-06-01 20:00:00,B3688,0.308,0.0,0.0,47.43,0.308,7588.8,8347.68,0.0
2011-06-01 21:00:00,B3688,0.308,0.0,0.0,47.43,0.308,7588.8,8347.68,0.0
2011-06-01 22:00:00,B3688,0.308,0.0,0.0,47.43,0.308,7588.8,8347.68,0.0
2011-06-01 23:00:00,B3688,0.171,0.0,0.0,47.43,0.171,7588.8,8347.68,0.0
2011-06-02 00:00:00,B3688,2.571,2.4,0.0,47.43,2.571,7588.8,8347.68,0.0
2011-06-02 01:00:00,B3688,2.571,2.4,0.0,47.43,2.571,7588.8,8347.68,0.0
2011-06-02 02:00:00,B3688,2.571,2.4,0.0,47.43,2.571,7588.8,8347.68,0.0
2011-06-02 03:00:00,B3688,2.571,2.4,0.0,47.43,2.571,7588.8,8347.68,0.0
2011-06-02 04:00:00,B3688,2.571,2.4,0.0,47.43,2.571,7588.8,8347.68,0.0
2011-06-02 05:00:00,B3688,0.308,0.0,0.0,47.43,0.308,7588.8,8347.68,0.0
2011-06-02 06:00:00,B3688,1.13,0.0,0.88,47.43,-0.06000000000000005,7588.8,8347.68,1.19
2011-06-02 07:00:00,B3688,0.308,0.0,1.4,47.43,-1.492,7588.8,8347.68,1.8
2011-06-02 08:00:00,B3688,0.171,0.0,2.08,47.43,-2.309,7588.8,8347.68,2.48
2011-06-02 09:00:00,B3688,0.171,0.0,2.46,47.43,-2.629,7588.8,8347.68,2.8
2011-06-02 10:00:00,B3688,0.171,0.0,2.48,47.43,-2.579,7588.8,8347.68,2.75
2011-06-02 11:00:00,B3688,0.171,0.0,2.56,47.43,-2.619,7588.8,8347.68,2.79
2011-06-02 12:00:00,B3688,1.13,0.0,2.77,47.43,-1.83,7588.8,8347.68,2.96
2011-06-02 13:00:00,B3688,0.308,0.0,3.13,47.43,-2.992,7588.8,8347.68,3.3
2011-06-02 14:00:00,B3688,0.171,0.0,3.24,47.43,-3.2190000000000003,7588.8,8347.68,3.39
2011-06-02 15:00:00,B3688,0.171,0.0,2.81,47.43,-2.7790000000000004,7588.8,8347.68,2.95
2011-06-02 16:00:00,B3688,0.171,0.0,2.26,47.43,-2.229,7588.8,8347.68,2.4
2011-06-02 17:00:00,B3688,0.308,0.0,1.29,47.43,-1.1019999999999999,7588.8,8347.68,1.41
2011-06-02 18:00:00,B3688,1.13,0.0,0.44,47.43,0.6499999999999999,7588.8,8347.68,0.48
2011-06-02 19:00:00,B3688,1.403,0.0,0.0,47.43,1.403,7588.8,8347.68,0.0
2011-06-02 20:00:00,B3688,0.308,0.0,0.0,47.43,0.308,7588.8,8347.68,0.0
2011-06-02 21:00:00,B3688,0.308,0.0,0.0,47.43,0.308,7588.8,8347.68,0.0
2011-06-02 22:00:00,B3688,0.308,0.0,0.0,47.43,0.308,7588.8,8347.68,0.0
2011-06-02 23:00:00,B3688,0.171,0.0,0.0,47.43,0.171,7588.8,8347.68,0.0
2011-06-03 00:00:00,B3688,2.571,2.4,0.0,47.43,2.571,7588.8,8347.68,0.0
2011-06-03 01:00:00,B3688,2.571,2.4,0.0,47.43,2.571,7588.8,8347.68,0.0
2011-06-03 02:00:00,B3688,2.571,2.4,0.0,47.43,2.571,7588.8,8347.68,0.0
2011-06-03 03:00:00,B3688,2.571,2.4,0.0,47.43,2.571,7588.8,8347.68,0.0
2011-06-03 04:00:00,B3688,2.571,2.4,0.0,47.43,2.571,7588.8,8347.68,0.0
2011-06-03 05:00:00,B3688,0.308,0.0,0.0,47.43,0.308,7588.8,8347.68,0.0
2011-06-03 06:00:00,B3688,1.13,0.0,0.97,47.43,-0.42000000000000015,7588.8,8347.68,1.55
2011-06-03 07:00:00,B3688,0.308,0.0,1.63,47.43,-1.8920000000000001,7588.8,8347.68,2.2
2011-06-03 08:00:00,B3688,0.171,0.0,2.36,47.43,-2.599,7588.8,8347.68,2.77
2011-06-03 09:00:00,B3688,0.171,0.0,2.77,47.43,-2.8890000000000002,7588.8,8347.68,3.06
2011-06-03 10:00:00,B3688,0.171,0.0,3.08,47.43,-3.149,7588.8,8347.68,3.32
2011-06-03 11:00:00,B3688,0.171,0.0,3.36,47.43,-3.3890000000000002,7588.8,8347.68,3.56
2011-06-03 12:00:00,B3688,1.13,0.0,3.46,47.43,-2.46,7588.8,8347.68,3.59
2011-06-03 13:00:00,B3688,0.308,0.0,3.39,47.43,-3.192,7588.8,8347.68,3.5
2011-06-03 14:00:00,B3688,0.171,0.0,3.06,47.43,-3.0090000000000003,7588.8,8347.68,3.18
2011-06-03 15:00:00,B3688,0.171,0.0,2.69,47.43,-2.649,7588.8,8347.68,2.82
2011-06-03 16:00:00,B3688,0.171,0.0,2.42,47.43,-2.379,7588.8,8347.68,2.55
2011-06-03 17:00:00,B3688,0.308,0.0,1.85,47.43,-1.672,7588.8,8347.68,1.98
2011-06-03 18:00:00,B3688,1.13,0.0,0.98,47.43,0.039999999999999813,7588.8,8347.68,1.09
2011-06-03 19:00:00,B3688,1.403,0.0,0.0,47.43,1.403,7588.8,8347.68,0.0
2011-06-03 20:00:00,B3688,0.308,0.0,0.0,47.43,0.308,7588.8,8347.68,0.0
2011-06-03 21:00:00,B3688,0.308,0.0,0.0,47.43,0.308,7588.8,8347.68,0.0
2011-06-03 22:00:00,B3688,0.308,0.0,0.0,47.43,0.308,7588.8,8347.68,0.0
2011-06-03 23:00:00,B3688,0.171,0.0,0.0,47.43,0.171,7588.8,8347.68,0.0
2011-06-04 00:00:00,B3688,0.171,0.0,0.0,47.43,0.171,7588.8,8347.68,0.0
2011-06-04 01:00:00,B3688,0.171,0.0,0.0,47.43,0.171,7588.8,8347.68,0.0
2011-06-04 02:00:00,B3688,0.171,0.0,0.0,47.43,0.171,7588.8,8347.68,0.0
2011-06-04 03:00:00,B3688,0.171,0.0,0.0,47.43,0.171,7588.8,8347.68,0.0
2011-06-04 04:00:00,B3688,0.171,0.0,0.0,47.43,0.171,7588.8,8347.68,0.0
2011-06-04 05:00:00,B3688,0.308,0.0,0.0,47.43,0.308,7588.8,8347.68,0.0
2011-06-04 06:00:00,B3688,1.129,0.0,2.34,47.43,-3.951,7588.8,8347.68,5.08
2011-06-04 07:00:00,B3688,0.308,0.0,2.76,47.43,-3.6620000000000004,7588.8,8347.68,3.97
2011-06-04 08:00:00,B3688,2.571,2.4,3.26,47.43,-1.1589999999999998,7588.8,8347.68,3.73
2011-06-04 09:00:00,B3688,2.571,2.4,3.61,47.43,-1.299,7588.8,8347.68,3.87
2011-06-04 10:00:00,B3688,2.571,2.4,3.65,47.43,-1.2889999999999997,7588.8,8347.68,3.86
2011-06-04 11:00:00,B3688,2.571,2.4,3.47,47.43,-1.089,7588.8,8347.68,3.66
2011-06-04 12:00:00,B3688,3.53,2.4,3.69,47.43,-0.30000000000000027,7588.8,8347.68,3.83
2011-06-04 13:00:00,B3688,0.308,0.0,3.86,47.43,-3.6620000000000004,7588.8,8347.68,3.97
2011-06-04 14:00:00,B3688,0.171,0.0,3.6,47.43,-3.5290000000000004,7588.8,8347.68,3.7
2011-06-04 15:00:00,B3688,0.171,0.0,3.1,47.43,-3.039,7588.8,8347.68,3.21
2011-06-04 16:00:00,B3688,0.171,0.0,2.54,47.43,-2.4890000000000003,7588.8,8347.68,2.66
2011-06-04 17:00:00,B3688,0.308,0.0,1.71,47.43,-1.512,7588.8,8347.68,1.82
2011-06-04 18:00:00,B3688,1.13,0.0,0.77,47.43,0.2699999999999999,7588.8,8347.68,0.86
2011-06-04 19:00:00,B3688,1.403,0.0,0.0,47.43,1.403,7588.8,8347.68,0.0
2011-06-04 20:00:00,B3688,0.308,0.0,0.0,47.43,0.308,7588.8,8347.68,0.0
2011-06-04 21:00:00,B3688,0.308,0.0,0.0,47.43,0.308,7588.8,8347.68,0.0
2011-06-04 22:00:00,B3688,0.308,0.0,0.0,47.43,0.308,7588.8,8347.68,0.0
2011-06-04 23:00:00,B3688,0.171,0.0,0.0,47.43,0.171,7588.8,8347.68,0.0
2011-06-05 00:00:00,B3688,0.171,0.0,0.0,47.43,0.171,7588.8,8347.68,0.0
2011-06-05 01:00:00,B3688,0.171,0.0,0.0,47.43,0.171,7588.8,8347.68,0.0
2011-06-05 02:00:00,B3688,0.171,0.0,0.0,47.43,0.171,7588.8,8347.68,0.0
2011-06-05 03:00:00,B3688,0.171,0.0,0.0,47.43,0.171,7588.8,8347.68,0.0
2011-06-05 04:00:00,B3688,0.171,0.0,0.0,47.43,0.171,7588.8,8347.68,0.0
2011-06-05 05:00:00,B3688,0.308,0.0,0.0,47.43,0.308,7588.8,8347.68,0.0
2011-06-05 06:00:00,B3688,1.129,0.0,1.07,47.43,-0.7909999999999999,7588.8,8347.68,1.92
2011-06-05 07:00:00,B3688,0.308,0.0,2.04,47.43,-2.532,7588.8,8347.68,2.84
2011-06-05 08:00:00,B3688,2.571,2.4,2.41,47.43,-0.2589999999999999,7588.8,8347.68,2.83
2011-06-05 09:00:00,B3688,2.571,2.4,2.46,47.43,-0.1889999999999996,7588.8,8347.68,2.76
2011-06-05 10:00:00,B3688,2.571,2.4,2.97,47.43,-0.649,7588.8,8347.68,3.22
2011-06-05 11:00:00,B3688,2.571,2.4,3.36,47.43,-0.9589999999999996,7588.8,8347.68,3.53
2011-06-05 12:00:00,B3688,3.53,2.4,3.71,47.43,-0.28000000000000025,7588.8,8347.68,3.81
2011-06-05 13:00:00,B3688,0.308,0.0,3.88,47.43,-3.6620000000000004,7588.8,8347.68,3.97
2011-06-05 14:00:00,B3688,0.171,0.0,3.72,47.43,-3.649,7588.8,8347.68,3.82
2011-06-05 15:00:00,B3688,0.171,0.0,3.34,47.43,-3.2790000000000004,7588.8,8347.68,3.45
2011-06-05 16:00:00,B3688,0.171,0.0,2.78,47.43,-2.729,7588.8,8347.68,2.9
2011-06-05 17:00:00,B3688,0.308,0.0,2.04,47.43,-1.852,7588.8,8347.68,2.16
2011-06-05 18:00:00,B3688,1.13,0.0,1.08,47.43,-0.08000000000000007,7588.8,8347.68,1.21
2011-06-05 19:00:00,B3688,1.403,0.0,0.0,47.43,1.403,7588.8,8347.68,0.0
2011-06-05 20:00:00,B3688,0.308,0.0,0.0,47.43,0.308,7588.8,8347.68,0.0
2011-06-05 21:00:00,B3688,0.308,0.0,0.0,47.43,0.308,7588.8,8347.68,0.0
2011-06-05 22:00:00,B3688,0.308,0.0,0.0,47.43,0.308,7588.8,8347.68,0.0
2011-06-05 23:00:00,B3688,0.171,0.0,0.0,47.43,0.171,7588.8,8347.68,0.0
2011-06-06 00:00:00,B3688,2.571,2.4,0.0,47.43,2.571,7588.8,8347.68,0.0
2011-06-06 01:00:00,B3688,2.571,2.4,0.0,47.43,2.571,7588.8,8347.68,0.0
2011-06-06 02:00:00,B3688,2.571,2.4,0.0,47.43,2.571,7588.8,8347.68,0.0
2011-06-06 03:00:00,B3688,2.571,2.4,0.0,47.43,2.571,7588.8,8347.68,0.0
2011-06-06 04:00:00,B3688,2.571,2.4,0.0,47.43,2.571,7588.8,8347.68,0.0
2011-06-06 05:00:00,B3688,0.308,0.0,0.0,47.43,0.308,7588.8,8347.68,0.0
2011-06-06 06:00:00,B3688,1.13,0.0,2.41,47.43,-4.01,7588.8,8347.68,5.14
2011-06-06 07:00:00,B3688,0.308,0.0,2.8,47.43,-3.6820000000000004,7588.8,8347.68,3.99
2011-06-06 08:00:00,B3688,0.171,0.0,3.29,47.43,-3.619,7588.8,8347.68,3.79
2011-06-06 09:00:00,B3688,0.171,0.0,3.62,47.43,-3.7390000000000003,7588.8,8347.68,3.91
2011-06-06 10:00:00,B3688,0.171,0.0,3.92,47.43,-3.9790000000000005,7588.8,8347.68,4.15
2011-06-06 11:00:00,B3688,0.171,0.0,4.13,47.43,-4.109,7588.8,8347.68,4.28
2011-06-06 12:00:00,B3688,1.13,0.0,4.18,47.43,-3.1399999999999997,7588.8,8347.68,4.27
2011-06-06 13:00:00,B3688,0.308,0.0,4.07,47.43,-3.8520000000000003,7588.8,8347.68,4.16
2011-06-06 14:00:00,B3688,0.171,0.0,3.83,47.43,-3.7590000000000003,7588.8,8347.68,3.93
2011-06-06 15:00:00,B3688,0.171,0.0,3.39,47.43,-3.329,7588.8,8347.68,3.5
2011-06-06 16:00:00,B3688,0.171,0.0,2.79,47.43,-2.7390000000000003,7588.8,8347.68,2.91
2011-06-06 17:00:00,B3688,0.308,0.0,2.06,47.43,-1.882,7588.8,8347.68,2.19
2011-06-06 18:00:00,B3688,1.13,0.0,1.12,47.43,-0.1200000000000001,7588.8,8347.68,1.25
2011-06-06 19:00:00,B3688,1.403,0.0,0.0,47.43,1.403,7588.8,8347.68,0.0
2011-06-06 20:00:00,B3688,0.308,0.0,0.0,47.43,0.308,7588.8,8347.68,0.0
2011-06-06 21:00:00,B3688,0.308,0.0,0.0,47.43,0.308,7588.8,8347.68,0.0
2011-06-06 22:00:00,B3688,0.308,0.0,0.0,47.43,0.308,7588.8,8347.68,0.0
2011-06-06 23:00:00,B3688,0.171,0.0,0.0,47.43,0.171,7588.8,8347.68,0.0
2011-06-07 00:00:00,B3688,2.571,2.4,0.0,47.43,2.571,7588.8,8347.68,0.0
2011-06-07 01:00:00,B3688,2.571,2.4,0.0,47.43,2.571,7588.8,8347.68,0.0
2011-06-07 02:00:00,B3688,2.571,2.4,0.0,47.43,2.571,7588.8,8347.68,0.0
2011-06-07 03:00:00,B3688,2.571,2.4,0.0,47.43,2.571,7588.8,8347.68,0.0
2011-06-07 04:00:00,B3688,2.571,2.4,0.0,47.43,2.571,7588.8,8347.68,0.0
2011-06-07 05:00:00,B3688,0.308,0.0,0.0,47.43,0.308,7588.8,8347.68,0.0
2011-06-07 06:00:00,B3688,1.13,0.0,1.64,47.43,-1.75,7588.8,8347.68,2.88
2011-06-07 07:00:00,B3688,0.308,0.0,2.41,47.43,-3.032,7588.8,8347.68,3.34
2011-06-07 08:00:00,B3688,0.171,0.0,3.2,47.43,-3.539,7588.8,8347.68,3.71
2011-06-07 09:00:00,B3688,0.171,0.0,3.63,47.43,-3.749,7588.8,8347.68,3.92
2011-06-07 10:00:00,B3688,0.171,0.0,4.02,47.43,-4.0489999999999995,7588.8,8347.68,4.22
2011-06-07 11:00:00,B3688,0.171,0.0,4.19,47.43,-4.149,7588.8,8347.68,4.32
2011-06-07 12:00:00,B3688,1.13,0.0,4.19,47.43,-3.1399999999999997,7588.8,8347.68,4.27
2011-06-07 13:00:00,B3688,0.308,0.0,4.04,47.43,-3.822,7588.8,8347.68,4.13
2011-06-07 14:00:00,B3688,0.171,0.0,3.66,47.43,-3.599,7588.8,8347.68,3.77
2011-06-07 15:00:00,B3688,0.171,0.0,3.03,47.43,-2.979,7588.8,8347.68,3.15
2011-06-07 16:00:00,B3688,0.171,0.0,2.16,47.43,-2.119,7588.8,8347.68,2.29
2011-06-07 17:00:00,B3688,0.308,0.0,1.43,47.43,-1.252,7588.8,8347.68,1.56
2011-06-07 18:00:00,B3688,1.13,0.0,0.68,47.43,0.3799999999999999,7588.8,8347.68,0.75
2011-06-07 19:00:00,B3688,1.403,0.0,0.0,47.43,1.403,7588.8,8347.68,0.0
2011-06-07 20:00:00,B3688,0.308,0.0,0.0,47.43,0.308,7588.8,8347.68,0.0
2011-06-07 21:00:00,B3688,0.308,0.0,0.0,47.43,0.308,7588.8,8347.68,0.0
2011-06-07 22:00:00,B3688,0.308,0.0,0.0,47.43,0.308,7588.8,8347.68,0.0
2011-06-07 23:00:00,B3688,0.171,0.0,0.0,47.43,0.171,7588.8,8347.68,0.0
2011-06-08 00:00:00,B3688,2.571,2.4,0.0,47.43,2.571,7588.8,8347.68,0.0
2011-06-08 01:00:00,B3688,2.571,2.4,0.0,47.43,2.571,7588.8,8347.68,0.0
2011-06-08 02:00:00,B3688,2.571,2.4,0.0,47.43,2.571,7588.8,8347.68,0.0
2011-06-08 03:00:00,B3688,2.571,2.4,0.0,47.43,2.571,7588.8,8347.68,0.0
2011-06-08 04:00:00,B3688,2.571,2.4,0.0,47.43,2.571,7588.8,8347.68,0.0
2011-06-08 05:00:00,B3688,0.308,0.0,0.0,47.43,0.308,7588.8,8347.68,0.0
2011-06-08 06:00:00,B3688,1.13,0.0,0.86,47.43,-0.14000000000000012,7588.8,8347.68,1.27
2011-06-08 07:00:00,B3688,0.308,0.0,1.51,47.43,-1.692,7588.8,8347.68,2.0
2011-06-08 08:00:00,B3688,0.171,0.0,2.35,47.43,-2.599,7588.8,8347.68,2.77
2011-06-08 09:00:00,B3688,0.171,0.0,2.71,47.43,-2.879,7588.8,8347.68,3.05
2011-06-08 10:00:00,B3688,0.171,0.0,2.94,47.43,-3.079,7588.8,8347.68,3.25
2011-06-08 11:00:00,B3688,0.171,0.0,3.6,47.43,-3.6390000000000002,7588.8,8347.68,3.81
2011-06-08 12:00:00,B3688,1.13,0.0,3.99,47.43,-2.9800000000000004,7588.8,8347.68,4.11
2011-06-08 13:00:00,B3688,0.308,0.0,4.0,47.43,-3.782,7588.8,8347.68,4.09
2011-06-08 14:00:00,B3688,0.171,0.0,3.77,47.43,-3.709,7588.8,8347.68,3.88
2011-06-08 15:00:00,B3688,0.171,0.0,3.31,47.43,-3.249,7588.8,8347.68,3.42
2011-06-08 16:00:00,B3688,0.171,0.0,2.72,47.43,-2.669,7588.8,8347.68,2.84
2011-06-08 17:00:00,B3688,0.308,0.0,1.98,47.43,-1.792,7588.8,8347.68,2.1
2011-06-08 18:00:00,B3688,1.13,0.0,1.08,47.43,-0.08000000000000007,7588.8,8347.68,1.21
2011-06-08 19:00:00,B3688,1.403,0.0,0.0,47.43,1.403,7588.8,8347.68,0.0
2011-06-08 20:00:00,B3688,0.308,0.0,0.0,47.43,0.308,7588.8,8347.68,0.0
2011-06-08 21:00:00,B3688,0.308,0.0,0.0,47.43,0.308,7588.8,8347.68,0.0
2011-06-08 22:00:00,B3688,0.308,0.0,0.0,47.43,0.308,7588.8,8347.68,0.0
2011-06-08 23:00:00,B3688,0.171,0.0,0.0,47.43,0.171,7588.8,8347.68,0.0
2011-06-09 00:00:00,B3688,2.571,2.4,0.0,47.43,2.571,7588.8,8347.68,0.0
2011-06-09 01:00:00,B3688,2.571,2.4,0.0,47.43,2.571,7588.8,8347.68,0.0
2011-06-09 02:00:00,B3688,2.571,2.4,0.0,47.43,2.571,7588.8,8347.68,0.0
2011-06-09 03:00:00,B3688,2.571,2.4,0.0,47.43,2.571,7588.8,8347.68,0.0
2011-06-09 04:00:00,B3688,2.571,2.4,0.0,47.43,2.571,7588.8,8347.68,0.0
2011-06-09 05:00:00,B3688,0.308,0.0,0.0,47.43,0.308,7588.8,8347.68,0.0
2011-06-09 06:00:00,B3688,1.13,0.0,2.22,47.43,-3.5300000000000002,7588.8,8347.68,4.66
2011-06-09 07:00:00,B3688,0.308,0.0,2.68,47.43,-3.5020000000000002,7588.8,8347.68,3.81
2011-06-09 08:00:00,B3688,0.171,0.0,3.24,47.43,-3.579,7588.8,8347.68,3.75
2011-06-09 09:00:00,B3688,0.171,0.0,3.66,47.43,-3.789,7588.8,8347.68,3.96
2011-06-09 10:00:00,B3688,0.171,0.0,4.01,47.43,-4.059,7588.8,8347.68,4.23
2011-06-09 11:00:00,B3688,0.171,0.0,4.27,47.43,-4.239,7588.8,8347.68,4.41
2011-06-09 12:00:00,B3688,1.13,0.0,4.09,47.43,-3.05,7588.8,8347.68,4.18
2011-06-09 13:00:00,B3688,0.308,0.0,3.53,47.43,-3.3320000000000003,7588.8,8347.68,3.64
2011-06-09 14:00:00,B3688,0.171,0.0,3.45,47.43,-3.399,7588.8,8347.68,3.57
2011-06-09 15:00:00,B3688,0.171,0.0,3.4,47.43,-3.339,7588.8,8347.68,3.51
2011-06-09 16:00:00,B3688,0.171,0.0,2.84,47.43,-2.789,7588.8,8347.68,2.96
2011-06-09 17:00:00,B3688,0.308,0.0,2.12,47.43,-1.9320000000000002,7588.8,8347.68,2.24
2011-06-09 18:00:00,B3688,1.13,0.0,1.13,47.43,-0.14000000000000012,7588.8,8347.68,1.27
2011-06-09 19:00:00,B3688,1.403,0.0,0.0,47.43,1.403,7588.8,8347.68,0.0
2011-06-09 20:00:00,B3688,0.308,0.0,0.0,47.43,0.308,7588.8,8347.68,0.0
2011-06-09 21:00:00,B3688,0.308,0.0,0.0,47.43,0.308,7588.8,8347.68,0.0
2011-06-09 22:00:00,B3688,0.308,0.0,0.0,47.43,0.308,7588.8,8347.68,0.0
2011-06-09 23:00:00,B3688,0.171,0.0,0.0,47.43,0.171,7588.8,8347.68,0.0
2011-06-10 00:00:00,B3688,2.571,2.4,0.0,47.43,2.571,7588.8,8347.68,0.0
2011-06-10 01:00:00,B3688,2.571,2.4,0.0,47.43,2.571,7588.8,8347.68,0.0
2011-06-10 02:00:00,B3688,2.571,2.4,0.0,47.43,2.571,7588.8,8347.68,0.0
2011-06-10 03:00:00,B3688,2.571,2.4,0.0,47.43,2.571,7588.8,8347.68,0.0
2011-06-10 04:00:00,B3688,2.571,2.4,0.0,47.43,2.571,7588.8,8347.68,0.0
2011-06-10 05:00:00,B3688,0.308,0.0,0.0,47.43,0.308,7588.8,8347.68,0.0
2011-06-10 06:00:00,B3688,1.13,0.0,2.52,47.43,-4.37,7588.8,8347.68,5.5
2011-06-10 07:00:00,B3688,0.308,0.0,2.94,47.43,-3.942,7588.8,8347.68,4.25
2011-06-10 08:00:00,B3688,0.171,0.0,3.47,47.43,-3.809,7588.8,8347.68,3.98
2011-06-10 09:00:00,B3688,0.171,0.0,3.82,47.43,-3.9090000000000003,7588.8,8347.68,4.08
2011-06-10 10:00:00,B3688,0.171,0.0,4.07,47.43,-4.098999999999999,7588.8,8347.68,4.27
2011-06-10 11:00:00,B3688,0.171,0.0,4.24,47.43,-4.199,7588.8,8347.68,4.37
2011-06-10 12:00:00,B3688,1.13,0.0,4.28,47.43,-3.2199999999999998,7588.8,8347.68,4.35
2011-06-10 13:00:00,B3688,0.308,0.0,4.17,47.43,-3.942,7588.8,8347.68,4.25
2011-06-10 14:00:00,B3688,0.171,0.0,3.91,47.43,-3.829,7588.8,8347.68,4.0
2011-06-10 15:00:00,B3688,0.171,0.0,3.44,47.43,-3.379,7588.8,8347.68,3.55
2011-06-10 16:00:00,B3688,0.171,0.0,2.76,47.43,-2.7190000000000003,7588.8,8347.68,2.89
2011-06-10 17:00:00,B3688,0.308,0.0,1.99,47.43,-1.8219999999999998,7588.8,8347.68,2.13
2011-06-10 18:00:00,B3688,1.13,0.0,1.09,47.43,-0.09000000000000008,7588.8,8347.68,1.22
2011-06-10 19:00:00,B3688,1.403,0.0,0.0,47.43,1.403,7588.8,8347.68,0.0
2011-06-10 20:00:00,B3688,0.308,0.0,0.0,47.43,0.308,7588.8,8347.68,0.0
2011-06-10 21:00:00,B3688,0.308,0.0,0.0,47.43,0.308,7588.8,8347.68,0.0
2011-06-10 22:00:00,B3688,0.308,0.0,0.0,47.43,0.308,7588.8,8347.68,0.0
2011-06-10 23:00:00,B3688,0.171,0.0,0.0,47.43,0.171,7588.8,8347.68,0.0
2011-06-11 00:00:00,B3688,0.171,0.0,0.0,47.43,0.171,7588.8,8347.68,0.0
2011-06-11 01:00:00,B3688,0.171,0.0,0.0,47.43,0.171,7588.8,8347.68,0.0
2011-06-11 02:00:00,B3688,0.171,0.0,0.0,47.43,0.171,7588.8,8347.68,0.0
2011-06-11 03:00:00,B3688,0.171,0.0,0.0,47.43,0.171,7588.8,8347.68,0.0
2011-06-11 04:00:00,B3688,0.171,0.0,0.0,47.43,0.171,7588.8,8347.68,0.0
2011-06-11 05:00:00,B3688,0.308,0.0,0.0,47.43,0.308,7588.8,8347.68,0.0
2011-06-11 06:00:00,B3688,1.129,0.0,2.36,47.43,-3.871,7588.8,8347.68,5.0
2011-06-11 07:00:00,B3688,0.308,0.0,2.69,47.43,-3.512,7588.8,8347.68,3.82
2011-06-11 08:00:00,B3688,2.571,2.4,3.12,47.43,-1.0789999999999997,7588.8,8347.68,3.65
2011-06-11 09:00:00,B3688,2.571,2.4,3.52,47.43,-1.2689999999999997,7588.8,8347.68,3.84
2011-06-11 10:00:00,B3688,2.571,2.4,3.92,47.43,-1.589,7588.8,8347.68,4.16
2011-06-11 11:00:00,B3688,2.571,2.4,4.06,47.43,-1.6489999999999996,7588.8,8347.68,4.22
2011-06-11 12:00:00,B3688,3.53,2.4,4.11,47.43,-0.69,7588.8,8347.68,4.22
2011-06-11 13:00:00,B3688,0.308,0.0,4.11,47.43,-3.902,7588.8,8347.68,4.21
2011-06-11 14:00:00,B3688,0.171,0.0,3.84,47.43,-3.7790000000000004,7588.8,8347.68,3.95
2011-06-11 15:00:00,B3688,0.171,0.0,3.38,47.43,-3.329,7588.8,8347.68,3.5
2011-06-11 16:00:00,B3688,0.171,0.0,2.83,47.43,-2.7790000000000004,7588.8,8347.68,2.95
2011-06-11 17:00:00,B3688,0.308,0.0,2.05,47.43,-1.872,7588.8,8347.68,2.18
2011-06-11 18:00:00,B3688,1.13,0.0,1.06,47.43,-0.050000000000000044,7588.8,8347.68,1.18
2011-06-11 19:00:00,B3688,1.403,0.0,0.0,47.43,1.403,7588.8,8347.68,0.0
2011-06-11 20:00:00,B3688,0.308,0.0,0.0,47.43,0.308,7588.8,8347.68,0.0
2011-06-11 21:00:00,B3688,0.308,0.0,0.0,47.43,0.308,7588.8,8347.68,0.0
2011-06-11 22:00:00,B3688,0.308,0.0,0.0,47.43,0.308,7588.8,8347.68,0.0
2011-06-11 23:00:00,B3688,0.171,0.0,0.0,47.43,0.171,7588.8,8347.68,0.0
2011-06-12 00:00:00,B3688,0.171,0.0,0.0,47.43,0.171,7588.8,8347.68,0.0
2011-06-12 01:00:00,B3688,0.171,0.0,0.0,47.43,0.171,7588.8,8347.68,0.0
2011-06-12 02:00:00,B3688,0.171,0.0,0.0,47.43,0.171,7588.8,8347.68,0.0
2011-06-12 03:00:00,B3688,0.171,0.0,0.0,47.43,0.171,7588.8,8347.68,0.0
2011-06-12 04:00:00,B3688,0.171,0.0,0.0,47.43,0.171,7588.8,8347.68,0.0
2011-06-12 05:00:00,B3688,0.308,0.0,0.0,47.43,0.308,7588.8,8347.68,0.0
2011-06-12 06:00:00,B3688,1.129,0.0,0.92,47.43,-0.2410000000000001,7588.8,8347.68,1.37
2011-06-12 07:00:00,B3688,0.308,0.0,1.11,47.43,-1.0919999999999999,7588.8,8347.68,1.4
2011-06-12 08:00:00,B3688,2.571,2.4,1.61,47.43,0.6410000000000002,7588.8,8347.68,1.93
2011-06-12 09:00:00,B3688,2.571,2.4,2.18,47.43,0.07100000000000017,7588.8,8347.68,2.5
2011-06-12 10:00:00,B3688,2.571,2.4,2.71,47.43,-0.41900000000000004,7588.8,8347.68,2.99
2011-06-12 11:00:00,B3688,2.571,2.4,2.96,47.43,-0.589,7588.8,8347.68,3.16
2011-06-12 12:00:00,B3688,3.53,2.4,3.09,47.43,0.3099999999999996,7588.8,8347.68,3.22
2011-06-12 13:00:00,B3688,0.308,0.0,3.08,47.43,-2.902,7588.8,8347.68,3.21
2011-06-12 14:00:00,B3688,0.171,0.0,2.43,47.43,-2.399,7588.8,8347.68,2.57
2011-06-12 15:00:00,B3688,0.171,0.0,2.09,47.43,-2.0690000000000004,7588.8,8347.68,2.24
2011-06-12 16:00:00,B3688,0.171,0.0,2.0,47.43,-1.969,7588.8,8347.68,2.14
2011-06-12 17:00:00,B3688,0.308,0.0,1.57,47.43,-1.392,7588.8,8347.68,1.7
2011-06-12 18:00:00,B3688,1.13,0.0,0.73,47.43,0.31999999999999984,7588.8,8347.68,0.81
2011-06-12 19:00:00,B3688,1.403,0.0,0.0,47.43,1.403,7588.8,8347.68,0.0
2011-06-12 20:00:00,B3688,0.308,0.0,0.0,47.43,0.308,7588.8,8347.68,0.0
2011-06-12 21:00:00,B3688,0.308,0.0,0.0,47.43,0.308,7588.8,8347.68,0.0
2011-06-12 22:00:00,B3688,0.308,0.0,0.0,47.43,0.308,7588.8,8347.68,0.0
2011-06-12 23:00:00,B3688,0.171,0.0,0.0,47.43,0.171,7588.8,8347.68,0.0
2011-06-13 00:00:00,B3688,2.571,2.4,0.0,47.43,2.571,7588.8,8347.68,0.0
2011-06-13 01:00:00,B3688,2.571,2.4,0.0,47.43,2.571,7588.8,8347.68,0.0
2011-06-13 02:00:00,B3688,2.571,2.4,0.0,47.43,2.571,7588.8,8347.68,0.0
2011-06-13 03:00:00,B3688,2.571,2.4,0.0,47.43,2.571,7588.8,8347.68,0.0
2011-06-13 04:00:00,B3688,2.571,2.4,0.0,47.43,2.571,7588.8,8347.68,0.0
2011-06-13 05:00:00,B3688,0.308,0.0,0.0,47.43,0.308,7588.8,8347.68,0.0
2011-06-13 06:00:00,B3688,1.13,0.0,1.41,47.43,-1.5900000000000003,7588.8,8347.68,2.72
2011-06-13 07:00:00,B3688,0.308,0.0,1.42,47.43,-1.6219999999999999,7588.8,8347.68,1.93
2011-06-13 08:00:00,B3688,0.171,0.0,1.97,47.43,-2.1390000000000002,7588.8,8347.68,2.31
2011-06-13 09:00:00,B3688,0.171,0.0,2.78,47.43,-2.8890000000000002,7588.8,8347.68,3.06
2011-06-13 10:00:00,B3688,0.171,0.0,3.26,47.43,-3.339,7588.8,8347.68,3.51
2011-06-13 11:00:00,B3688,0.171,0.0,3.38,47.43,-3.399,7588.8,8347.68,3.57
2011-06-13 12:00:00,B3688,1.13,0.0,3.33,47.43,-2.33,7588.8,8347.68,3.46
2011-06-13 13:00:00,B3688,0.308,0.0,3.28,47.43,-3.092,7588.8,8347.68,3.4
2011-06-13 14:00:00,B3688,0.171,0.0,3.2,47.43,-3.169,7588.8,8347.68,3.34
2011-06-13 15:00:00,B3688,0.171,0.0,2.87,47.43,-2.839,7588.8,8347.68,3.01
2011-06-13 16:00:00,B3688,0.171,0.0,2.38,47.43,-2.329,7588.8,8347.68,2.5
2011-06-13 17:00:00,B3688,0.308,0.0,1.8,47.43,-1.6119999999999999,7588.8,8347.68,1.92
2011-06-13 18:00:00,B3688,1.13,0.0,0.95,47.43,0.06999999999999984,7588.8,8347.68,1.06
2011-06-13 19:00:00,B3688,1.403,0.0,0.0,47.43,1.403,7588.8,8347.68,0.0
2011-06-13 20:00:00,B3688,0.308,0.0,0.0,47.43,0.308,7588.8,8347.68,0.0
2011-06-13 21:00:00,B3688,0.308,0.0,0.0,47.43,0.308,7588.8,8347.68,0.0
2011-06-13 22:00:00,B3688,0.308,0.0,0.0,47.43,0.308,7588.8,8347.68,0.0
2011-06-13 23:00:00,B3688,0.171,0.0,0.0,47.43,0.171,7588.8,8347.68,0.0
2011-06-14 00:00:00,B3688,2.571,2.4,0.0,47.43,2.571,7588.8,8347.68,0.0
2011-06-14 01:00:00,B3688,2.571,2.4,0.0,47.43,2.571,7588.8,8347.68,0.0
2011-06-14 02:00:00,B3688,2.571,2.4,0.0,47.43,2.571,7588.8,8347.68,0.0
2011-06-14 03:00:00,B3688,2.571,2.4,0.0,47.43,2.571,7588.8,8347.68,0.0
2011-06-14 04:00:00,B3688,2.571,2.4,0.0,47.43,2.571,7588.8,8347.68,0.0
2011-06-14 05:00:00,B3688,0.308,0.0,0.0,47.43,0.308,7588.8,8347.68,0.0
2011-06-14 06:00:00,B3688,1.13,0.0,2.26,47.43,-3.6500000000000004,7588.8,8347.68,4.78
2011-06-14 07:00:00,B3688,0.308,0.0,2.56,47.43,-3.3320000000000003,7588.8,8347.68,3.64
2011-06-14 08:00:00,B3688,0.171,0.0,2.96,47.43,-3.2790000000000004,7588.8,8347.68,3.45
2011-06-14 09:00:00,B3688,0.171,0.0,3.04,47.43,-3.149,7588.8,8347.68,3.32
2011-06-14 10:00:00,B3688,0.171,0.0,3.16,47.43,-3.2190000000000003,7588.8,8347.68,3.39
2011-06-14 11:00:00,B3688,0.171,0.0,3.45,47.43,-3.459,7588.8,8347.68,3.63
2011-06-14 12:00:00,B3688,1.13,0.0,3.46,47.43,-2.45,7588.8,8347.68,3.58
2011-06-14 13:00:00,B3688,0.308,0.0,3.31,47.43,-3.1220000000000003,7588.8,8347.68,3.43
2011-06-14 14:00:00,B3688,0.171,0.0,3.02,47.43,-2.9890000000000003,7588.8,8347.68,3.16
2011-06-14 15:00:00,B3688,0.171,0.0,2.9,47.43,-2.869,7588.8,8347.68,3.04
2011-06-14 16:00:00,B3688,0.171,0.0,2.74,47.43,-2.6990000000000003,7588.8,8347.68,2.87
2011-06-14 17:00:00,B3688,0.308,0.0,2.11,47.43,-1.9320000000000002,7588.8,8347.68,2.24
2011-06-14 18:00:00,B3688,1.13,0.0,1.15,47.43,-0.16000000000000014,7588.8,8347.68,1.29
2011-06-14 19:00:00,B3688,1.403,0.0,0.0,47.43,1.403,7588.8,8347.68,0.0
2011-06-14 20:00:00,B3688,0.308,0.0,0.0,47.43,0.308,7588.8,8347.68,0.0
2011-06-14 21:00:00,B3688,0.308,0.0,0.0,47.43,0.308,7588.8,8347.68,0.0
2011-06-14 22:00:00,B3688,0.308,0.0,0.0,47.43,0.308,7588.8,8347.68,0.0
2011-06-14 23:00:00,B3688,0.171,0.0,0.0,47.43,0.171,7588.8,8347.68,0.0
2011-06-15 00:00:00,B3688,2.571,2.4,0.0,47.43,2.571,7588.8,8347.68,0.0
2011-06-15 01:00:00,B3688,2.571,2.4,0.0,47.43,2.571,7588.8,8347.68,0.0
2011-06-15 02:00:00,B3688,2.571,2.4,0.0,47.43,2.571,7588.8,8347.68,0.0
2011-06-15 03:00:00,B3688,2.571,2.4,0.0,47.43,2.571,7588.8,8347.68,0.0
2011-06-15 04:00:00,B3688,2.571,2.4,0.0,47.43,2.571,7588.8,8347.68,0.0
2011-06-15 05:00:00,B3688,0.308,0.0,0.0,47.43,0.308,7588.8,8347.68,0.0
2011-06-15 06:00:00,B3688,1.13,0.0,2.06,47.43,-2.88,7588.8,8347.68,4.01
2011-06-15 07:00:00,B3688,0.308,0.0,2.66,47.43,-3.452,7588.8,8347.68,3.76
2011-06-15 08:00:00,B3688,0.171,0.0,3.17,47.43,-3.519,7588.8,8347.68,3.69
2011-06-15 09:00:00,B3688,0.171,0.0,3.37,47.43,-3.5290000000000004,7588.8,8347.68,3.7
2011-06-15 10:00:00,B3688,0.171,0.0,3.4,47.43,-3.499,7588.8,8347.68,3.67
2011-06-15 11:00:00,B3688,0.171,0.0,3.33,47.43,-3.349,7588.8,8347.68,3.52
2011-06-15 12:00:00,B3688,1.13,0.0,3.45,47.43,-2.47,7588.8,8347.68,3.6
2011-06-15 13:00:00,B3688,0.308,0.0,3.32,47.43,-3.172,7588.8,8347.68,3.48
2011-06-15 14:00:00,B3688,0.171,0.0,2.96,47.43,-2.9490000000000003,7588.8,8347.68,3.12
2011-06-15 15:00:00,B3688,0.171,0.0,2.71,47.43,-2.689,7588.8,8347.68,2.86
2011-06-15 16:00:00,B3688,0.171,0.0,2.42,47.43,-2.3890000000000002,7588.8,8347.68,2.56
2011-06-15 17:00:00,B3688,0.308,0.0,1.91,47.43,-1.732,7588.8,8347.68,2.04
2011-06-15 18:00:00,B3688,1.13,0.0,1.11,47.43,-0.1200000000000001,7588.8,8347.68,1.25
2011-06-15 19:00:00,B3688,1.403,0.0,0.0,47.43,1.403,7588.8,8347.68,0.0
2011-06-15 20:00:00,B3688,0.308,0.0,0.0,47.43,0.308,7588.8,8347.68,0.0
2011-06-15 21:00:00,B3688,0.308,0.0,0.0,47.43,0.308,7588.8,8347.68,0.0
2011-06-15 22:00:00,B3688,0.308,0.0,0.0,47.43,0.308,7588.8,8347.68,0.0
2011-06-15 23:00:00,B3688,0.171,0.0,0.0,47.43,0.171,7588.8,8347.68,0.0
2011-06-16 00:00:00,B3688,2.571,2.4,0.0,47.43,2.571,7588.8,8347.68,0.0
2011-06-16 01:00:00,B3688,2.571,2.4,0.0,47.43,2.571,7588.8,8347.68,0.0
2011-06-16 02:00:00,B3688,2.571,2.4,0.0,47.43,2.571,7588.8,8347.68,0.0
2011-06-16 03:00:00,B3688,2.571,2.4,0.0,47.43,2.571,7588.8,8347.68,0.0
2011-06-16 04:00:00,B3688,2.571,2.4,0.0,47.43,2.571,7588.8,8347.68,0.0
2011-06-16 05:00:00,B3688,0.308,0.0,0.0,47.43,0.308,7588.8,8347.68,0.0
2011-06-16 06:00:00,B3688,1.13,0.0,2.47,47.43,-4.23,7588.8,8347.68,5.36
2011-06-16 07:00:00,B3688,0.308,0.0,2.87,47.43,-3.8420000000000005,7588.8,8347.68,4.15
2011-06-16 08:00:00,B3688,0.171,0.0,3.25,47.43,-3.619,7588.8,8347.68,3.79
2011-06-16 09:00:00,B3688,0.171,0.0,3.5,47.43,-3.6390000000000002,7588.8,8347.68,3.81
2011-06-16 10:00:00,B3688,0.171,0.0,3.65,47.43,-3.7190000000000003,7588.8,8347.68,3.89
2011-06-16 11:00:00,B3688,0.171,0.0,3.58,47.43,-3.609,7588.8,8347.68,3.78
2011-06-16 12:00:00,B3688,1.13,0.0,3.53,47.43,-2.5700000000000003,7588.8,8347.68,3.7
2011-06-16 13:00:00,B3688,0.308,0.0,3.64,47.43,-3.462,7588.8,8347.68,3.77
2011-06-16 14:00:00,B3688,0.171,0.0,3.6,47.43,-3.5290000000000004,7588.8,8347.68,3.7
2011-06-16 15:00:00,B3688,0.171,0.0,3.3,47.43,-3.2390000000000003,7588.8,8347.68,3.41
2011-06-16 16:00:00,B3688,0.171,0.0,2.81,47.43,-2.749,7588.8,8347.68,2.92
2011-06-16 17:00:00,B3688,0.308,0.0,1.9,47.43,-1.7219999999999998,7588.8,8347.68,2.03
2011-06-16 18:00:00,B3688,1.13,0.0,0.85,47.43,0.17999999999999994,7588.8,8347.68,0.95
2011-06-16 19:00:00,B3688,1.403,0.0,0.0,47.43,1.403,7588.8,8347.68,0.0
2011-06-16 20:00:00,B3688,0.308,0.0,0.0,47.43,0.308,7588.8,8347.68,0.0
2011-06-16 21:00:00,B3688,0.308,0.0,0.0,47.43,0.308,7588.8,8347.68,0.0
2011-06-16 22:00:00,B3688,0.308,0.0,0.0,47.43,0.308,7588.8,8347.68,0.0
2011-06-16 23:00:00,B3688,0.171,0.0,0.0,47.43,0.171,7588.8,8347.68,0.0
2011-06-17 00:00:00,B3688,2.571,2.4,0.0,47.43,2.571,7588.8,8347.68,0.0
2011-06-17 01:00:00,B3688,2.571,2.4,0.0,47.43,2.571,7588.8,8347.68,0.0
2011-06-17 02:00:00,B3688,2.571,2.4,0.0,47.43,2.571,7588.8,8347.68,0.0
2011-06-17 03:00:00,B3688,2.571,2.4,0.0,47.43,2.571,7588.8,8347.68,0.0
2011-06-17 04:00:00,B3688,2.571,2.4,0.0,47.43,2.571,7588.8,8347.68,0.0
2011-06-17 05:00:00,B3688,0.308,0.0,0.0,47.43,0.308,7588.8,8347.68,0.0
2011-06-17 06:00:00,B3688,1.13,0.0,1.25,47.43,-1.0900000000000003,7588.8,8347.68,2.22
2011-06-17 07:00:00,B3688,0.308,0.0,2.01,47.43,-2.492,7588.8,8347.68,2.8
2011-06-17 08:00:00,B3688,0.171,0.0,2.75,47.43,-3.039,7588.8,8347.68,3.21
2011-06-17 09:00:00,B3688,0.171,0.0,3.41,47.43,-3.5290000000000004,7588.8,8347.68,3.7
2011-06-17 10:00:00,B3688,0.171,0.0,3.83,47.43,-3.879,7588.8,8347.68,4.05
2011-06-17 11:00:00,B3688,0.171,0.0,3.98,47.43,-3.9490000000000003,7588.8,8347.68,4.12
2011-06-17 12:00:00,B3688,1.13,0.0,4.11,47.43,-3.0600000000000005,7588.8,8347.68,4.19
2011-06-17 13:00:00,B3688,0.308,0.0,4.03,47.43,-3.8120000000000003,7588.8,8347.68,4.12
2011-06-17 14:00:00,B3688,0.171,0.0,3.76,47.43,-3.689,7588.8,8347.68,3.86
2011-06-17 15:00:00,B3688,0.171,0.0,3.34,47.43,-3.2790000000000004,7588.8,8347.68,3.45
2011-06-17 16:00:00,B3688,0.171,0.0,2.77,47.43,-2.7190000000000003,7588.8,8347.68,2.89
2011-06-17 17:00:00,B3688,0.308,0.0,2.04,47.43,-1.852,7588.8,8347.68,2.16
2011-06-17 18:00:00,B3688,1.13,0.0,1.11,47.43,-0.1100000000000001,7588.8,8347.68,1.24
2011-06-17 19:00:00,B3688,1.403,0.0,0.0,47.43,1.403,7588.8,8347.68,0.0
2011-06-17 20:00:00,B3688,0.308,0.0,0.0,47.43,0.308,7588.8,8347.68,0.0
2011-06-17 21:00:00,B3688,0.308,0.0,0.0,47.43,0.308,7588.8,8347.68,0.0
2011-06-17 22:00:00,B3688,0.308,0.0,0.0,47.43,0.308,7588.8,8347.68,0.0
2011-06-17 23:00:00,B3688,0.171,0.0,0.0,47.43,0.171,7588.8,8347.68,0.0
2011-06-18 00:00:00,B3688,0.171,0.0,0.0,47.43,0.171,7588.8,8347.68,0.0
2011-06-18 01:00:00,B3688,0.171,0.0,0.0,47.43,0.171,7588.8,8347.68,0.0
2011-06-18 02:00:00,B3688,0.171,0.0,0.0,47.43,0.171,7588.8,8347.68,0.0
2011-06-18 03:00:00,B3688,0.171,0.0,0.0,47.43,0.171,7588.8,8347.68,0.0
2011-06-18 04:00:00,B3688,0.171,0.0,0.0,47.43,0.171,7588.8,8347.68,0.0
2011-06-18 05:00:00,B3688,0.308,0.0,0.0,47.43,0.308,7588.8,8347.68,0.0
2011-06-18 06:00:00,B3688,1.129,0.0,1.76,47.43,-2.211,7588.8,8347.68,3.34
2011-06-18 07:00:00,B3688,0.308,0.0,2.12,47.43,-2.6220000000000003,7588.8,8347.68,2.93
2011-06-18 08:00:00,B3688,2.571,2.4,2.6,47.43,-0.4889999999999999,7588.8,8347.68,3.06
2011-06-18 09:00:00,B3688,2.571,2.4,2.93,47.43,-0.6889999999999996,7588.8,8347.68,3.26
2011-06-18 10:00:00,B3688,2.571,2.4,3.05,47.43,-0.7489999999999997,7588.8,8347.68,3.32
2011-06-18 11:00:00,B3688,2.571,2.4,3.55,47.43,-1.1589999999999998,7588.8,8347.68,3.73
2011-06-18 12:00:00,B3688,3.53,2.4,4.03,47.43,-0.6099999999999999,7588.8,8347.68,4.14
2011-06-18 13:00:00,B3688,0.308,0.0,3.94,47.43,-3.742,7588.8,8347.68,4.05
2011-06-18 14:00:00,B3688,0.171,0.0,3.74,47.43,-3.6790000000000003,7588.8,8347.68,3.85
2011-06-18 15:00:00,B3688,0.171,0.0,3.39,47.43,-3.329,7588.8,8347.68,3.5
2011-06-18 16:00:00,B3688,0.171,0.0,2.84,47.43,-2.789,7588.8,8347.68,2.96
2011-06-18 17:00:00,B3688,0.308,0.0,2.11,47.43,-1.922,7588.8,8347.68,2.23
2011-06-18 18:00:00,B3688,1.13,0.0,1.16,47.43,-0.18000000000000016,7588.8,8347.68,1.31
2011-06-18 19:00:00,B3688,1.403,0.0,0.0,47.43,1.403,7588.8,8347.68,0.0
2011-06-18 20:00:00,B3688,0.308,0.0,0.0,47.43,0.308,7588.8,8347.68,0.0
2011-06-18 21:00:00,B3688,0.308,0.0,0.0,47.43,0.308,7588.8,8347.68,0.0
2011-06-18 22:00:00,B3688,0.308,0.0,0.0,47.43,0.308,7588.8,8347.68,0.0
2011-06-18 23:00:00,B3688,0.171,0.0,0.0,47.43,0.171,7588.8,8347.68,0.0
2011-06-19 00:00:00,B3688,0.171,0.0,0.0,47.43,0.171,7588.8,8347.68,0.0
2011-06-19 01:00:00,B3688,0.171,0.0,0.0,47.43,0.171,7588.8,8347.68,0.0
2011-06-19 02:00:00,B3688,0.171,0.0,0.0,47.43,0.171,7588.8,8347.68,0.0
2011-06-19 03:00:00,B3688,0.171,0.0,0.0,47.43,0.171,7588.8,8347.68,0.0
2011-06-19 04:00:00,B3688,0.171,0.0,0.0,47.43,0.171,7588.8,8347.68,0.0
2011-06-19 05:00:00,B3688,0.308,0.0,0.0,47.43,0.308,7588.8,8347.68,0.0
2011-06-19 06:00:00,B3688,1.129,0.0,2.34,47.43,-3.8409999999999997,7588.8,8347.68,4.97
2011-06-19 07:00:00,B3688,0.308,0.0,2.77,47.43,-3.6820000000000004,7588.8,8347.68,3.99
2011-06-19 08:00:00,B3688,2.571,2.4,3.27,47.43,-1.2189999999999999,7588.8,8347.68,3.79
2011-06-19 09:00:00,B3688,2.571,2.4,3.53,47.43,-1.2689999999999997,7588.8,8347.68,3.84
2011-06-19 10:00:00,B3688,2.571,2.4,3.74,47.43,-1.419,7588.8,8347.68,3.99
2011-06-19 11:00:00,B3688,2.571,2.4,4.03,47.43,-1.6089999999999995,7588.8,8347.68,4.18
2011-06-19 12:00:00,B3688,3.53,2.4,4.2,47.43,-0.7600000000000002,7588.8,8347.68,4.29
2011-06-19 13:00:00,B3688,0.308,0.0,4.11,47.43,-3.8920000000000003,7588.8,8347.68,4.2
2011-06-19 14:00:00,B3688,0.171,0.0,3.86,47.43,-3.789,7588.8,8347.68,3.96
2011-06-19 15:00:00,B3688,0.171,0.0,3.43,47.43,-3.369,7588.8,8347.68,3.54
2011-06-19 16:00:00,B3688,0.171,0.0,2.86,47.43,-2.809,7588.8,8347.68,2.98
2011-06-19 17:00:00,B3688,0.308,0.0,2.12,47.43,-1.942,7588.8,8347.68,2.25
2011-06-19 18:00:00,B3688,1.13,0.0,1.17,47.43,-0.18000000000000016,7588.8,8347.68,1.31
2011-06-19 19:00:00,B3688,1.403,0.0,0.0,47.43,1.403,7588.8,8347.68,0.0
2011-06-19 20:00:00,B3688,0.308,0.0,0.0,47.43,0.308,7588.8,8347.68,0.0
2011-06-19 21:00:00,B3688,0.308,0.0,0.0,47.43,0.308,7588.8,8347.68,0.0
2011-06-19 22:00:00,B3688,0.308,0.0,0.0,47.43,0.308,7588.8,8347.68,0.0
2011-06-19 23:00:00,B3688,0.171,0.0,0.0,47.43,0.171,7588.8,8347.68,0.0
2011-06-20 00:00:00,B3688,2.571,2.4,0.0,47.43,2.571,7588.8,8347.68,0.0
2011-06-20 01:00:00,B3688,2.571,2.4,0.0,47.43,2.571,7588.8,8347.68,0.0
2011-06-20 02:00:00,B3688,2.571,2.4,0.0,47.43,2.571,7588.8,8347.68,0.0
2011-06-20 03:00:00,B3688,2.571,2.4,0.0,47.43,2.571,7588.8,8347.68,0.0
2011-06-20 04:00:00,B3688,2.571,2.4,0.0,47.43,2.571,7588.8,8347.68,0.0
2011-06-20 05:00:00,B3688,0.308,0.0,0.0,47.43,0.308,7588.8,8347.68,0.0
2011-06-20 06:00:00,B3688,1.13,0.0,2.03,47.43,-3.04,7588.8,8347.68,4.17
2011-06-20 07:00:00,B3688,0.308,0.0,2.37,47.43,-3.0020000000000002,7588.8,8347.68,3.31
2011-06-20 08:00:00,B3688,0.171,0.0,2.97,47.43,-3.329,7588.8,8347.68,3.5
2011-06-20 09:00:00,B3688,0.171,0.0,3.56,47.43,-3.689,7588.8,8347.68,3.86
2011-06-20 10:00:00,B3688,0.171,0.0,3.99,47.43,-4.039,7588.8,8347.68,4.21
2011-06-20 11:00:00,B3688,0.171,0.0,4.2,47.43,-4.159,7588.8,8347.68,4.33
2011-06-20 12:00:00,B3688,1.13,0.0,4.25,47.43,-3.2,7588.8,8347.68,4.33
2011-06-20 13:00:00,B3688,0.308,0.0,4.14,47.43,-3.912,7588.8,8347.68,4.22
2011-06-20 14:00:00,B3688,0.171,0.0,3.88,47.43,-3.7990000000000004,7588.8,8347.68,3.97
2011-06-20 15:00:00,B3688,0.171,0.0,3.44,47.43,-3.379,7588.8,8347.68,3.55
2011-06-20 16:00:00,B3688,0.171,0.0,2.87,47.43,-2.809,7588.8,8347.68,2.98
2011-06-20 17:00:00,B3688,0.308,0.0,2.14,47.43,-1.9519999999999997,7588.8,8347.68,2.26
2011-06-20 18:00:00,B3688,1.13,0.0,1.18,47.43,-0.20000000000000018,7588.8,8347.68,1.33
2011-06-20 19:00:00,B3688,1.403,0.0,0.0,47.43,1.403,7588.8,8347.68,0.0
2011-06-20 20:00:00,B3688,0.308,0.0,0.0,47.43,0.308,7588.8,8347.68,0.0
2011-06-20 21:00:00,B3688,0.308,0.0,0.0,47.43,0.308,7588.8,8347.68,0.0
2011-06-20 22:00:00,B3688,0.308,0.0,0.0,47.43,0.308,7588.8,8347.68,0.0
2011-06-20 23:00:00,B3688,0.171,0.0,0.0,47.43,0.171,7588.8,8347.68,0.0
2011-06-21 00:00:00,B3688,2.571,2.4,0.0,47.43,2.571,7588.8,8347.68,0.0
2011-06-21 01:00:00,B3688,2.571,2.4,0.0,47.43,2.571,7588.8,8347.68,0.0
2011-06-21 02:00:00,B3688,2.571,2.4,0.0,47.43,2.571,7588.8,8347.68,0.0
2011-06-21 03:00:00,B3688,2.571,2.4,0.0,47.43,2.571,7588.8,8347.68,0.0
2011-06-21 04:00:00,B3688,2.571,2.4,0.0,47.43,2.571,7588.8,8347.68,0.0
2011-06-21 05:00:00,B3688,0.308,0.0,0.0,47.43,0.308,7588.8,8347.68,0.0
2011-06-21 06:00:00,B3688,1.13,0.0,2.26,47.43,-3.5200000000000005,7588.8,8347.68,4.65
2011-06-21 07:00:00,B3688,0.308,0.0,2.7,47.43,-3.552,7588.8,8347.68,3.86
2011-06-21 08:00:00,B3688,0.171,0.0,3.35,47.43,-3.7190000000000003,7588.8,8347.68,3.89
2011-06-21 09:00:00,B3688,0.171,0.0,3.73,47.43,-3.8190000000000004,7588.8,8347.68,3.99
2011-06-21 10:00:00,B3688,0.171,0.0,4.04,47.43,-4.069,7588.8,8347.68,4.24
2011-06-21 11:00:00,B3688,0.171,0.0,4.2,47.43,-4.149,7588.8,8347.68,4.32
2011-06-21 12:00:00,B3688,1.13,0.0,4.24,47.43,-3.1799999999999997,7588.8,8347.68,4.31
2011-06-21 13:00:00,B3688,0.308,0.0,4.12,47.43,-3.902,7588.8,8347.68,4.21
2011-06-21 14:00:00,B3688,0.171,0.0,3.87,47.43,-3.789,7588.8,8347.68,3.96
2011-06-21 15:00:00,B3688,0.171,0.0,3.45,47.43,-3.3890000000000002,7588.8,8347.68,3.56
2011-06-21 16:00:00,B3688,0.171,0.0,2.89,47.43,-2.829,7588.8,8347.68,3.0
2011-06-21 17:00:00,B3688,0.308,0.0,2.15,47.43,-1.962,7588.8,8347.68,2.27
2011-06-21 18:00:00,B3688,1.13,0.0,1.2,47.43,-0.2100000000000002,7588.8,8347.68,1.34
2011-06-21 19:00:00,B3688,1.403,0.0,0.0,47.43,1.403,7588.8,8347.68,0.0
2011-06-21 20:00:00,B3688,0.308,0.0,0.0,47.43,0.308,7588.8,8347.68,0.0
2011-06-21 21:00:00,B3688,0.308,0.0,0.0,47.43,0.308,7588.8,8347.68,0.0
2011-06-21 22:00:00,B3688,0.308,0.0,0.0,47.43,0.308,7588.8,8347.68,0.0
2011-06-21 23:00:00,B3688,0.171,0.0,0.0,47.43,0.171,7588.8,8347.68,0.0
2011-06-22 00:00:00,B3688,2.571,2.4,0.0,47.43,2.571,7588.8,8347.68,0.0
2011-06-22 01:00:00,B3688,2.571,2.4,0.0,47.43,2.571,7588.8,8347.68,0.0
2011-06-22 02:00:00,B3688,2.571,2.4,0.0,47.43,2.571,7588.8,8347.68,0.0
2011-06-22 03:00:00,B3688,2.571,2.4,0.0,47.43,2.571,7588.8,8347.68,0.0
2011-06-22 04:00:00,B3688,2.571,2.4,0.0,47.43,2.571,7588.8,8347.68,0.0
2011-06-22 05:00:00,B3688,0.308,0.0,0.0,47.43,0.308,7588.8,8347.68,0.0
2011-06-22 06:00:00,B3688,1.13,0.0,2.43,47.43,-4.11,7588.8,8347.68,5.24
2011-06-22 07:00:00,B3688,0.308,0.0,2.83,47.43,-3.8020000000000005,7588.8,8347.68,4.11
2011-06-22 08:00:00,B3688,0.171,0.0,3.38,47.43,-3.7390000000000003,7588.8,8347.68,3.91
2011-06-22 09:00:00,B3688,0.171,0.0,3.74,47.43,-3.839,7588.8,8347.68,4.01
2011-06-22 10:00:00,B3688,0.171,0.0,4.04,47.43,-4.069,7588.8,8347.68,4.24
2011-06-22 11:00:00,B3688,0.171,0.0,4.21,47.43,-4.159,7588.8,8347.68,4.33
2011-06-22 12:00:00,B3688,1.13,0.0,4.22,47.43,-3.17,7588.8,8347.68,4.3
2011-06-22 13:00:00,B3688,0.308,0.0,4.09,47.43,-3.862,7588.8,8347.68,4.17
2011-06-22 14:00:00,B3688,0.171,0.0,3.81,47.43,-3.7390000000000003,7588.8,8347.68,3.91
2011-06-22 15:00:00,B3688,0.171,0.0,3.38,47.43,-3.3190000000000004,7588.8,8347.68,3.49
2011-06-22 16:00:00,B3688,0.171,0.0,2.81,47.43,-2.749,7588.8,8347.68,2.92
2011-06-22 17:00:00,B3688,0.308,0.0,2.08,47.43,-1.8920000000000001,7588.8,8347.68,2.2
2011-06-22 18:00:00,B3688,1.13,0.0,1.15,47.43,-0.15000000000000013,7588.8,8347.68,1.28
2011-06-22 19:00:00,B3688,1.403,0.0,0.0,47.43,1.403,7588.8,8347.68,0.0
2011-06-22 20:00:00,B3688,0.308,0.0,0.0,47.43,0.308,7588.8,8347.68,0.0
2011-06-22 21:00:00,B3688,0.308,0.0,0.0,47.43,0.308,7588.8,8347.68,0.0
2011-06-22 22:00:00,B3688,0.308,0.0,0.0,47.43,0.308,7588.8,8347.68,0.0
2011-06-22 23:00:00,B3688,0.171,0.0,0.0,47.43,0.171,7588.8,8347.68,0.0
2011-06-23 00:00:00,B3688,2.571,2.4,0.0,47.43,2.571,7588.8,8347.68,0.0
2011-06-23 01:00:00,B3688,2.571,2.4,0.0,47.43,2.571,7588.8,8347.68,0.0
2011-06-23 02:00:00,B3688,2.571,2.4,0.0,47.43,2.571,7588.8,8347.68,0.0
2011-06-23 03:00:00,B3688,2.571,2.4,0.0,47.43,2.571,7588.8,8347.68,0.0
2011-06-23 04:00:00,B3688,2.571,2.4,0.0,47.43,2.571,7588.8,8347.68,0.0
2011-06-23 05:00:00,B3688,0.308,0.0,0.0,47.43,0.308,7588.8,8347.68,0.0
2011-06-23 06:00:00,B3688,1.13,0.0,2.52,47.43,-4.4,7588.8,8347.68,5.53
2011-06-23 07:00:00,B3688,0.308,0.0,2.83,47.43,-3.7720000000000002,7588.8,8347.68,4.08
2011-06-23 08:00:00,B3688,0.171,0.0,3.33,47.43,-3.689,7588.8,8347.68,3.86
2011-06-23 09:00:00,B3688,0.171,0.0,3.75,47.43,-3.829,7588.8,8347.68,4.0
2011-06-23 10:00:00,B3688,0.171,0.0,3.95,47.43,-3.969,7588.8,8347.68,4.14
2011-06-23 11:00:00,B3688,0.171,0.0,4.12,47.43,-4.069,7588.8,8347.68,4.24
2011-06-23 12:00:00,B3688,1.13,0.0,4.16,47.43,-3.1000000000000005,7588.8,8347.68,4.23
2011-06-23 13:00:00,B3688,0.308,0.0,4.03,47.43,-3.8020000000000005,7588.8,8347.68,4.11
2011-06-23 14:00:00,B3688,0.171,0.0,3.76,47.43,-3.689,7588.8,8347.68,3.86
2011-06-23 15:00:00,B3688,0.171,0.0,3.37,47.43,-3.2990000000000004,7588.8,8347.68,3.47
2011-06-23 16:00:00,B3688,0.171,0.0,2.83,47.43,-2.769,7588.8,8347.68,2.94
2011-06-23 17:00:00,B3688,0.308,0.0,2.12,47.43,-1.9320000000000002,7588.8,8347.68,2.24
2011-06-23 18:00:00,B3688,1.13,0.0,1.19,47.43,-0.20000000000000018,7588.8,8347.68,1.33
2011-06-23 19:00:00,B3688,1.403,0.0,0.0,47.43,1.403,7588.8,8347.68,0.0
2011-06-23 20:00:00,B3688,0.308,0.0,0.0,47.43,0.308,7588.8,8347.68,0.0
2011-06-23 21:00:00,B3688,0.308,0.0,0.0,47.43,0.308,7588.8,8347.68,0.0
2011-06-23 22:00:00,B3688,0.308,0.0,0.0,47.43,0.308,7588.8,8347.68,0.0
2011-06-23 23:00:00,B3688,0.171,0.0,0.0,47.43,0.171,7588.8,8347.68,0.0
2011-06-24 00:00:00,B3688,2.571,2.4,0.0,47.43,2.571,7588.8,8347.68,0.0
2011-06-24 01:00:00,B3688,2.571,2.4,0.0,47.43,2.571,7588.8,8347.68,0.0
2011-06-24 02:00:00,B3688,2.571,2.4,0.0,47.43,2.571,7588.8,8347.68,0.0
2011-06-24 03:00:00,B3688,2.571,2.4,0.0,47.43,2.571,7588.8,8347.68,0.0
2011-06-24 04:00:00,B3688,2.571,2.4,0.0,47.43,2.571,7588.8,8347.68,0.0
2011-06-24 05:00:00,B3688,0.308,0.0,0.0,47.43,0.308,7588.8,8347.68,0.0
2011-06-24 06:00:00,B3688,1.13,0.0,2.53,47.43,-4.42,7588.8,8347.68,5.55
2011-06-24 07:00:00,B3688,0.308,0.0,2.92,47.43,-3.942,7588.8,8347.68,4.25
2011-06-24 08:00:00,B3688,0.171,0.0,3.45,47.43,-3.8190000000000004,7588.8,8347.68,3.99
2011-06-24 09:00:00,B3688,0.171,0.0,3.77,47.43,-3.8590000000000004,7588.8,8347.68,4.03
2011-06-24 10:00:00,B3688,0.171,0.0,4.03,47.43,-4.0489999999999995,7588.8,8347.68,4.22
2011-06-24 11:00:00,B3688,0.171,0.0,4.18,47.43,-4.129,7588.8,8347.68,4.3
2011-06-24 12:00:00,B3688,1.13,0.0,4.19,47.43,-3.1399999999999997,7588.8,8347.68,4.27
2011-06-24 13:00:00,B3688,0.308,0.0,4.08,47.43,-3.8520000000000003,7588.8,8347.68,4.16
2011-06-24 14:00:00,B3688,0.171,0.0,3.83,47.43,-3.749,7588.8,8347.68,3.92
2011-06-24 15:00:00,B3688,0.171,0.0,3.41,47.43,-3.339,7588.8,8347.68,3.51
2011-06-24 16:00:00,B3688,0.171,0.0,2.85,47.43,-2.789,7588.8,8347.68,2.96
2011-06-24 17:00:00,B3688,0.308,0.0,2.11,47.43,-1.922,7588.8,8347.68,2.23
2011-06-24 18:00:00,B3688,1.13,0.0,1.13,47.43,-0.14000000000000012,7588.8,8347.68,1.27
2011-06-24 19:00:00,B3688,1.403,0.0,0.0,47.43,1.403,7588.8,8347.68,0.0
2011-06-24 20:00:00,B3688,0.308,0.0,0.0,47.43,0.308,7588.8,8347.68,0.0
2011-06-24 21:00:00,B3688,0.308,0.0,0.0,47.43,0.308,7588.8,8347.68,0.0
2011-06-24 22:00:00,B3688,0.308,0.0,0.0,47.43,0.308,7588.8,8347.68,0.0
2011-06-24 23:00:00,B3688,0.171,0.0,0.0,47.43,0.171,7588.8,8347.68,0.0
2011-06-25 00:00:00,B3688,0.171,0.0,0.0,47.43,0.171,7588.8,8347.68,0.0
2011-06-25 01:00:00,B3688,0.171,0.0,0.0,47.43,0.171,7588.8,8347.68,0.0
2011-06-25 02:00:00,B3688,0.171,0.0,0.0,47.43,0.171,7588.8,8347.68,0.0
2011-06-25 03:00:00,B3688,0.171,0.0,0.0,47.43,0.171,7588.8,8347.68,0.0
2011-06-25 04:00:00,B3688,0.171,0.0,0.0,47.43,0.171,7588.8,8347.68,0.0
2011-06-25 05:00:00,B3688,0.308,0.0,0.0,47.43,0.308,7588.8,8347.68,0.0
2011-06-25 06:00:00,B3688,1.129,0.0,1.63,47.43,-1.8010000000000002,7588.8,8347.68,2.93
2011-06-25 07:00:00,B3688,0.308,0.0,2.38,47.43,-3.012,7588.8,8347.68,3.32
2011-06-25 08:00:00,B3688,2.571,2.4,3.09,47.43,-1.069,7588.8,8347.68,3.64
2011-06-25 09:00:00,B3688,2.571,2.4,3.59,47.43,-1.3289999999999997,7588.8,8347.68,3.9
2011-06-25 10:00:00,B3688,2.571,2.4,3.8,47.43,-1.4489999999999994,7588.8,8347.68,4.02
2011-06-25 11:00:00,B3688,2.571,2.4,3.92,47.43,-1.4889999999999994,7588.8,8347.68,4.06
2011-06-25 12:00:00,B3688,3.53,2.4,4.04,47.43,-0.6000000000000001,7588.8,8347.68,4.13
2011-06-25 13:00:00,B3688,0.308,0.0,3.99,47.43,-3.7720000000000002,7588.8,8347.68,4.08
2011-06-25 14:00:00,B3688,0.171,0.0,3.77,47.43,-3.689,7588.8,8347.68,3.86
2011-06-25 15:00:00,B3688,0.171,0.0,3.35,47.43,-3.289,7588.8,8347.68,3.46
2011-06-25 16:00:00,B3688,0.171,0.0,2.8,47.43,-2.749,7588.8,8347.68,2.92
2011-06-25 17:00:00,B3688,0.308,0.0,2.08,47.43,-1.8920000000000001,7588.8,8347.68,2.2
2011-06-25 18:00:00,B3688,1.13,0.0,1.16,47.43,-0.17000000000000015,7588.8,8347.68,1.3
2011-06-25 19:00:00,B3688,1.403,0.0,0.0,47.43,1.403,7588.8,8347.68,0.0
2011-06-25 20:00:00,B3688,0.308,0.0,0.0,47.43,0.308,7588.8,8347.68,0.0
2011-06-25 21:00:00,B3688,0.308,0.0,0.0,47.43,0.308,7588.8,8347.68,0.0
2011-06-25 22:00:00,B3688,0.308,0.0,0.0,47.43,0.308,7588.8,8347.68,0.0
2011-06-25 23:00:00,B3688,0.171,0.0,0.0,47.43,0.171,7588.8,8347.68,0.0
2011-06-26 00:00:00,B3688,0.171,0.0,0.0,47.43,0.171,7588.8,8347.68,0.0
2011-06-26 01:00:00,B3688,0.171,0.0,0.0,47.43,0.171,7588.8,8347.68,0.0
2011-06-26 02:00:00,B3688,0.171,0.0,0.0,47.43,0.171,7588.8,8347.68,0.0
2011-06-26 03:00:00,B3688,0.171,0.0,0.0,47.43,0.171,7588.8,8347.68,0.0
2011-06-26 04:00:00,B3688,0.171,0.0,0.0,47.43,0.171,7588.8,8347.68,0.0
2011-06-26 05:00:00,B3688,0.308,0.0,0.0,47.43,0.308,7588.8,8347.68,0.0
2011-06-26 06:00:00,B3688,1.129,0.0,1.8,47.43,-2.281,7588.8,8347.68,3.41
2011-06-26 07:00:00,B3688,0.308,0.0,2.52,47.43,-3.2520000000000002,7588.8,8347.68,3.56
2011-06-26 08:00:00,B3688,2.571,2.4,3.35,47.43,-1.319,7588.8,8347.68,3.89
2011-06-26 09:00:00,B3688,2.571,2.4,3.82,47.43,-1.5189999999999997,7588.8,8347.68,4.09
2011-06-26 10:00:00,B3688,2.571,2.4,4.1,47.43,-1.7389999999999994,7588.8,8347.68,4.31
2011-06-26 11:00:00,B3688,2.571,2.4,4.26,47.43,-1.8290000000000002,7588.8,8347.68,4.4
2011-06-26 12:00:00,B3688,3.53,2.4,4.27,47.43,-0.8300000000000005,7588.8,8347.68,4.36
2011-06-26 13:00:00,B3688,0.308,0.0,4.17,47.43,-3.942,7588.8,8347.68,4.25
2011-06-26 14:00:00,B3688,0.171,0.0,3.88,47.43,-3.7990000000000004,7588.8,8347.68,3.97
2011-06-26 15:00:00,B3688,0.171,0.0,3.46,47.43,-3.399,7588.8,8347.68,3.57
2011-06-26 16:00:00,B3688,0.171,0.0,2.88,47.43,-2.8190000000000004,7588.8,8347.68,2.99
2011-06-26 17:00:00,B3688,0.308,0.0,2.07,47.43,-1.8920000000000001,7588.8,8347.68,2.2
2011-06-26 18:00:00,B3688,1.13,0.0,1.1,47.43,-0.10000000000000009,7588.8,8347.68,1.23
2011-06-26 19:00:00,B3688,1.403,0.0,0.0,47.43,1.403,7588.8,8347.68,0.0
2011-06-26 20:00:00,B3688,0.308,0.0,0.0,47.43,0.308,7588.8,8347.68,0.0
2011-06-26 21:00:00,B3688,0.308,0.0,0.0,47.43,0.308,7588.8,8347.68,0.0
2011-06-26 22:00:00,B3688,0.308,0.0,0.0,47.43,0.308,7588.8,8347.68,0.0
2011-06-26 23:00:00,B3688,0.171,0.0,0.0,47.43,0.171,7588.8,8347.68,0.0
2011-06-27 00:00:00,B3688,2.571,2.4,0.0,47.43,2.571,7588.8,8347.68,0.0
2011-06-27 01:00:00,B3688,2.571,2.4,0.0,47.43,2.571,7588.8,8347.68,0.0
2011-06-27 02:00:00,B3688,2.571,2.4,0.0,47.43,2.571,7588.8,8347.68,0.0
2011-06-27 03:00:00,B3688,2.571,2.4,0.0,47.43,2.571,7588.8,8347.68,0.0
2011-06-27 04:00:00,B3688,2.571,2.4,0.0,47.43,2.571,7588.8,8347.68,0.0
2011-06-27 05:00:00,B3688,0.308,0.0,0.0,47.43,0.308,7588.8,8347.68,0.0
2011-06-27 06:00:00,B3688,1.13,0.0,1.37,47.43,-1.33,7588.8,8347.68,2.46
2011-06-27 07:00:00,B3688,0.308,0.0,1.65,47.43,-1.882,7588.8,8347.68,2.19
2011-06-27 08:00:00,B3688,0.171,0.0,2.39,47.43,-2.709,7588.8,8347.68,2.88
2011-06-27 09:00:00,B3688,0.171,0.0,3.12,47.43,-3.359,7588.8,8347.68,3.53
2011-06-27 10:00:00,B3688,0.171,0.0,3.78,47.43,-3.879,7588.8,8347.68,4.05
2011-06-27 11:00:00,B3688,0.171,0.0,4.1,47.43,-4.079,7588.8,8347.68,4.25
2011-06-27 12:00:00,B3688,1.13,0.0,4.17,47.43,-3.13,7588.8,8347.68,4.26
2011-06-27 13:00:00,B3688,0.308,0.0,4.0,47.43,-3.8020000000000005,7588.8,8347.68,4.11
2011-06-27 14:00:00,B3688,0.171,0.0,3.72,47.43,-3.6590000000000003,7588.8,8347.68,3.83
2011-06-27 15:00:00,B3688,0.171,0.0,3.29,47.43,-3.2390000000000003,7588.8,8347.68,3.41
2011-06-27 16:00:00,B3688,0.171,0.0,2.67,47.43,-2.619,7588.8,8347.68,2.79
2011-06-27 17:00:00,B3688,0.308,0.0,1.96,47.43,-1.772,7588.8,8347.68,2.08
2011-06-27 18:00:00,B3688,1.13,0.0,1.08,47.43,-0.08000000000000007,7588.8,8347.68,1.21
2011-06-27 19:00:00,B3688,1.403,0.0,0.0,47.43,1.403,7588.8,8347.68,0.0
2011-06-27 20:00:00,B3688,0.308,0.0,0.0,47.43,0.308,7588.8,8347.68,0.0
2011-06-27 21:00:00,B3688,0.308,0.0,0.0,47.43,0.308,7588.8,8347.68,0.0
2011-06-27 22:00:00,B3688,0.308,0.0,0.0,47.43,0.308,7588.8,8347.68,0.0
2011-06-27 23:00:00,B3688,0.171,0.0,0.0,47.43,0.171,7588.8,8347.68,0.0
2011-06-28 00:00:00,B3688,2.571,2.4,0.0,47.43,2.571,7588.8,8347.68,0.0
2011-06-28 01:00:00,B3688,2.571,2.4,0.0,47.43,2.571,7588.8,8347.68,0.0
2011-06-28 02:00:00,B3688,2.571,2.4,0.0,47.43,2.571,7588.8,8347.68,0.0
2011-06-28 03:00:00,B3688,2.571,2.4,0.0,47.43,2.571,7588.8,8347.68,0.0
2011-06-28 04:00:00,B3688,2.571,2.4,0.0,47.43,2.571,7588.8,8347.68,0.0
2011-06-28 05:00:00,B3688,0.308,0.0,0.0,47.43,0.308,7588.8,8347.68,0.0
2011-06-28 06:00:00,B3688,1.13,0.0,1.04,47.43,-0.5700000000000001,7588.8,8347.68,1.7
2011-06-28 07:00:00,B3688,0.308,0.0,1.86,47.43,-2.262,7588.8,8347.68,2.57
2011-06-28 08:00:00,B3688,0.171,0.0,2.66,47.43,-2.959,7588.8,8347.68,3.13
2011-06-28 09:00:00,B3688,0.171,0.0,2.96,47.43,-3.149,7588.8,8347.68,3.32
2011-06-28 10:00:00,B3688,0.171,0.0,2.93,47.43,-3.059,7588.8,8347.68,3.23
2011-06-28 11:00:00,B3688,0.171,0.0,3.0,47.43,-3.0490000000000004,7588.8,8347.68,3.22
2011-06-28 12:00:00,B3688,1.13,0.0,3.34,47.43,-2.3600000000000003,7588.8,8347.68,3.49
2011-06-28 13:00:00,B3688,0.308,0.0,3.48,47.43,-3.3320000000000003,7588.8,8347.68,3.64
2011-06-28 14:00:00,B3688,0.171,0.0,3.11,47.43,-3.109,7588.8,8347.68,3.28
2011-06-28 15:00:00,B3688,0.171,0.0,2.53,47.43,-2.519,7588.8,8347.68,2.69
2011-06-28 16:00:00,B3688,0.171,0.0,2.35,47.43,-2.3190000000000004,7588.8,8347.68,2.49
2011-06-28 17:00:00,B3688,0.308,0.0,1.86,47.43,-1.672,7588.8,8347.68,1.98
2011-06-28 18:00:00,B3688,1.13,0.0,0.97,47.43,0.039999999999999813,7588.8,8347.68,1.09
2011-06-28 19:00:00,B3688,1.403,0.0,0.0,47.43,1.403,7588.8,8347.68,0.0
2011-06-28 20:00:00,B3688,0.308,0.0,0.0,47.43,0.308,7588.8,8347.68,0.0
2011-06-28 21:00:00,B3688,0.308,0.0,0.0,47.43,0.308,7588.8,8347.68,0.0
2011-06-28 22:00:00,B3688,0.308,0.0,0.0,47.43,0.308,7588.8,8347.68,0.0
2011-06-28 23:00:00,B3688,0.171,0.0,0.0,47.43,0.171,7588.8,8347.68,0.0
2011-06-29 00:00:00,B3688,2.571,2.4,0.0,47.43,2.571,7588.8,8347.68,0.0
2011-06-29 01:00:00,B3688,2.571,2.4,0.0,47.43,2.571,7588.8,8347.68,0.0
2011-06-29 02:00:00,B3688,2.571,2.4,0.0,47.43,2.571,7588.8,8347.68,0.0
2011-06-29 03:00:00,B3688,2.571,2.4,0.0,47.43,2.571,7588.8,8347.68,0.0
2011-06-29 04:00:00,B3688,2.571,2.4,0.0,47.43,2.571,7588.8,8347.68,0.0
2011-06-29 05:00:00,B3688,0.308,0.0,0.0,47.43,0.308,7588.8,8347.68,0.0
2011-06-29 06:00:00,B3688,1.13,0.0,2.16,47.43,-3.3200000000000003,7588.8,8347.68,4.45
2011-06-29 07:00:00,B3688,0.308,0.0,2.57,47.43,-3.382,7588.8,8347.68,3.69
2011-06-29 08:00:00,B3688,0.171,0.0,3.19,47.43,-3.539,7588.8,8347.68,3.71
2011-06-29 09:00:00,B3688,0.171,0.0,3.58,47.43,-3.689,7588.8,8347.68,3.86
2011-06-29 10:00:00,B3688,0.171,0.0,3.87,47.43,-3.8990000000000005,7588.8,8347.68,4.07
2011-06-29 11:00:00,B3688,0.171,0.0,4.06,47.43,-4.019,7588.8,8347.68,4.19
2011-06-29 12:00:00,B3688,1.13,0.0,4.13,47.43,-3.08,7588.8,8347.68,4.21
2011-06-29 13:00:00,B3688,0.308,0.0,4.02,47.43,-3.792,7588.8,8347.68,4.1
2011-06-29 14:00:00,B3688,0.171,0.0,3.75,47.43,-3.6790000000000003,7588.8,8347.68,3.85
2011-06-29 15:00:00,B3688,0.171,0.0,3.34,47.43,-3.269,7588.8,8347.68,3.44
2011-06-29 16:00:00,B3688,0.171,0.0,2.78,47.43,-2.7190000000000003,7588.8,8347.68,2.89
2011-06-29 17:00:00,B3688,0.308,0.0,2.07,47.43,-1.882,7588.8,8347.68,2.19
2011-06-29 18:00:00,B3688,1.13,0.0,1.15,47.43,-0.16000000000000014,7588.8,8347.68,1.29
2011-06-29 19:00:00,B3688,1.403,0.0,0.0,47.43,1.403,7588.8,8347.68,0.0
2011-06-29 20:00:00,B3688,0.308,0.0,0.0,47.43,0.308,7588.8,8347.68,0.0
2011-06-29 21:00:00,B3688,0.308,0.0,0.0,47.43,0.308,7588.8,8347.68,0.0
2011-06-29 22:00:00,B3688,0.308,0.0,0.0,47.43,0.308,7588.8,8347.68,0.0
2011-06-29 23:00:00,B3688,0.171,0.0,0.0,47.43,0.171,7588.8,8347.68,0.0
2011-06-30 00:00:00,B3688,2.571,2.4,0.0,47.43,2.571,7588.8,8347.68,0.0
2011-06-30 01:00:00,B3688,2.571,2.4,0.0,47.43,2.571,7588.8,8347.68,0.0
2011-06-30 02:00:00,B3688,2.571,2.4,0.0,47.43,2.571,7588.8,8347.68,0.0
2011-06-30 03:00:00,B3688,2.571,2.4,0.0,47.43,2.571,7588.8,8347.68,0.0
2011-06-30 04:00:00,B3688,2.571,2.4,0.0,47.43,2.571,7588.8,8347.68,0.0
2011-06-30 05:00:00,B3688,0.308,0.0,0.0,47.43,0.308,7588.8,8347.68,0.0
2011-06-30 06:00:00,B3688,1.13,0.0,1.67,47.43,-2.04,7588.8,8347.68,3.17
2011-06-30 07:00:00,B3688,0.308,0.0,2.28,47.43,-2.8920000000000003,7588.8,8347.68,3.2
2011-06-30 08:00:00,B3688,0.171,0.0,3.1,47.43,-3.4490000000000003,7588.8,8347.68,3.62
2011-06-30 09:00:00,B3688,0.171,0.0,3.7,47.43,-3.789,7588.8,8347.68,3.96
2011-06-30 10:00:00,B3688,0.171,0.0,4.01,47.43,-4.029,7588.8,8347.68,4.2
2011-06-30 11:00:00,B3688,0.171,0.0,4.18,47.43,-4.129,7588.8,8347.68,4.3
2011-06-30 12:00:00,B3688,1.13,0.0,4.21,47.43,-3.16,7588.8,8347.68,4.29
2011-06-30 13:00:00,B3688,0.308,0.0,4.09,47.43,-3.862,7588.8,8347.68,4.17
2011-06-30 14:00:00,B3688,0.171,0.0,3.82,47.43,-3.749,7588.8,8347.68,3.92
2011-06-30 15:00:00,B3688,0.171,0.0,3.37,47.43,-3.309,7588.8,8347.68,3.48
2011-06-30 16:00:00,B3688,0.171,0.0,2.82,47.43,-2.7590000000000003,7588.8,8347.68,2.93
2011-06-30 17:00:00,B3688,0.308,0.0,2.12,47.43,-1.9320000000000002,7588.8,8347.68,2.24
2011-06-30 18:00:00,B3688,1.13,0.0,1.19,47.43,-0.20000000000000018,7588.8,8347.68,1.33
2011-06-30 19:00:00,B3688,1.403,0.0,0.0,47.43,1.403,7588.8,8347.68,0.0
2011-06-30 20:00:00,B3688,0.308,0.0,0.0,47.43,0.308,7588.8,8347.68,0.0
2011-06-30 21:00:00,B3688,0.308,0.0,0.0,47.43,0.308,7588.8,8347.68,0.0
2011-06-30 22:00:00,B3688,0.308,0.0,0.0,47.43,0.308,7588.8,8347.68,0.0
2011-06-30 23:00:00,B3688,0.171,0.0,0.0,47.43,0.171,7588.8,8347.68,0.0
2011-07-01 00:00:00,B3688,2.571,2.4,0.0,47.43,2.571,7588.8,8347.68,0.0
2011-07-01 01:00:00,B3688,2.571,2.4,0.0,47.43,2.571,7588.8,8347.68,0.0
2011-07-01 02:00:00,B3688,2.571,2.4,0.0,47.43,2.571,7588.8,8347.68,0.0
2011-07-01 03:00:00,B3688,2.571,2.4,0.0,47.43,2.571,7588.8,8347.68,0.0
2011-07-01 04:00:00,B3688,2.571,2.4,0.0,47.43,2.571,7588.8,8347.68,0.0
2011-07-01 05:00:00,B3688,0.308,0.0,0.0,47.43,0.308,7588.8,8347.68,0.0
2011-07-01 06:00:00,B3688,1.13,0.0,2.64,47.43,-4.72,7588.8,8347.68,5.85
2011-07-01 07:00:00,B3688,0.308,0.0,2.98,47.43,-4.062,7588.8,8347.68,4.37
2011-07-01 08:00:00,B3688,0.171,0.0,3.49,47.43,-3.869,7588.8,8347.68,4.04
2011-07-01 09:00:00,B3688,0.171,0.0,3.8,47.43,-3.889,7588.8,8347.68,4.06
2011-07-01 10:00:00,B3688,0.171,0.0,4.07,47.43,-4.098999999999999,7588.8,8347.68,4.27
2011-07-01 11:00:00,B3688,0.171,0.0,4.22,47.43,-4.169,7588.8,8347.68,4.34
2011-07-01 12:00:00,B3688,1.13,0.0,4.25,47.43,-3.1900000000000004,7588.8,8347.68,4.32
2011-07-01 13:00:00,B3688,0.308,0.0,4.14,47.43,-3.912,7588.8,8347.68,4.22
2011-07-01 14:00:00,B3688,0.171,0.0,3.86,47.43,-3.7790000000000004,7588.8,8347.68,3.95
2011-07-01 15:00:00,B3688,0.171,0.0,3.45,47.43,-3.3890000000000002,7588.8,8347.68,3.56
2011-07-01 16:00:00,B3688,0.171,0.0,2.89,47.43,-2.839,7588.8,8347.68,3.01
2011-07-01 17:00:00,B3688,0.308,0.0,2.16,47.43,-1.9719999999999998,7588.8,8347.68,2.28
2011-07-01 18:00:00,B3688,1.13,0.0,1.21,47.43,-0.2200000000000002,7588.8,8347.68,1.35
2011-07-01 19:00:00,B3688,1.403,0.0,0.0,47.43,1.403,7588.8,8347.68,0.0
2011-07-01 20:00:00,B3688,0.308,0.0,0.0,47.43,0.308,7588.8,8347.68,0.0
2011-07-01 21:00:00,B3688,0.308,0.0,0.0,47.43,0.308,7588.8,8347.68,0.0
2011-07-01 22:00:00,B3688,0.308,0.0,0.0,47.43,0.308,7588.8,8347.68,0.0
2011-07-01 23:00:00,B3688,0.171,0.0,0.0,47.43,0.171,7588.8,8347.68,0.0
2011-07-02 00:00:00,B3688,0.171,0.0,0.0,47.43,0.171,7588.8,8347.68,0.0
2011-07-02 01:00:00,B3688,0.171,0.0,0.0,47.43,0.171,7588.8,8347.68,0.0
2011-07-02 02:00:00,B3688,0.171,0.0,0.0,47.43,0.171,7588.8,8347.68,0.0
2011-07-02 03:00:00,B3688,0.171,0.0,0.0,47.43,0.171,7588.8,8347.68,0.0
2011-07-02 04:00:00,B3688,0.171,0.0,0.0,47.43,0.171,7588.8,8347.68,0.0
2011-07-02 05:00:00,B3688,0.308,0.0,0.0,47.43,0.308,7588.8,8347.68,0.0
2011-07-02 06:00:00,B3688,1.129,0.0,2.09,47.43,-3.081,7588.8,8347.68,4.21
2011-07-02 07:00:00,B3688,0.308,0.0,2.7,47.43,-3.592,7588.8,8347.68,3.9
2011-07-02 08:00:00,B3688,2.571,2.4,3.39,47.43,-1.379,7588.8,8347.68,3.95
2011-07-02 09:00:00,B3688,2.571,2.4,3.7,47.43,-1.419,7588.8,8347.68,3.99
2011-07-02 10:00:00,B3688,2.571,2.4,3.97,47.43,-1.6089999999999995,7588.8,8347.68,4.18
2011-07-02 11:00:00,B3688,2.571,2.4,4.11,47.43,-1.6789999999999998,7588.8,8347.68,4.25
2011-07-02 12:00:00,B3688,3.53,2.4,4.16,47.43,-0.7200000000000002,7588.8,8347.68,4.25
2011-07-02 13:00:00,B3688,0.308,0.0,4.06,47.43,-3.8520000000000003,7588.8,8347.68,4.16
2011-07-02 14:00:00,B3688,0.171,0.0,3.81,47.43,-3.749,7588.8,8347.68,3.92
2011-07-02 15:00:00,B3688,0.171,0.0,3.35,47.43,-3.2990000000000004,7588.8,8347.68,3.47
2011-07-02 16:00:00,B3688,0.171,0.0,2.81,47.43,-2.769,7588.8,8347.68,2.94
2011-07-02 17:00:00,B3688,0.308,0.0,2.08,47.43,-1.8920000000000001,7588.8,8347.68,2.2
2011-07-02 18:00:00,B3688,1.13,0.0,1.14,47.43,-0.14000000000000012,7588.8,8347.68,1.27
2011-07-02 19:00:00,B3688,1.403,0.0,0.0,47.43,1.403,7588.8,8347.68,0.0
2011-07-02 20:00:00,B3688,0.308,0.0,0.0,47.43,0.308,7588.8,8347.68,0.0
2011-07-02 21:00:00,B3688,0.308,0.0,0.0,47.43,0.308,7588.8,8347.68,0.0
2011-07-02 22:00:00,B3688,0.308,0.0,0.0,47.43,0.308,7588.8,8347.68,0.0
2011-07-02 23:00:00,B3688,0.171,0.0,0.0,47.43,0.171,7588.8,8347.68,0.0
2011-07-03 00:00:00,B3688,0.171,0.0,0.0,47.43,0.171,7588.8,8347.68,0.0
2011-07-03 01:00:00,B3688,0.171,0.0,0.0,47.43,0.171,7588.8,8347.68,0.0
2011-07-03 02:00:00,B3688,0.171,0.0,0.0,47.43,0.171,7588.8,8347.68,0.0
2011-07-03 03:00:00,B3688,0.171,0.0,0.0,47.43,0.171,7588.8,8347.68,0.0
2011-07-03 04:00:00,B3688,0.171,0.0,0.0,47.43,0.171,7588.8,8347.68,0.0
2011-07-03 05:00:00,B3688,0.308,0.0,0.0,47.43,0.308,7588.8,8347.68,0.0
2011-07-03 06:00:00,B3688,1.129,0.0,0.87,47.43,-0.20100000000000007,7588.8,8347.68,1.33
2011-07-03 07:00:00,B3688,0.308,0.0,1.56,47.43,-1.7619999999999998,7588.8,8347.68,2.07
2011-07-03 08:00:00,B3688,2.571,2.4,2.34,47.43,-0.22899999999999965,7588.8,8347.68,2.8
2011-07-03 09:00:00,B3688,2.571,2.4,3.12,47.43,-0.8889999999999998,7588.8,8347.68,3.46
2011-07-03 10:00:00,B3688,2.571,2.4,3.77,47.43,-1.459,7588.8,8347.68,4.03
2011-07-03 11:00:00,B3688,2.571,2.4,4.02,47.43,-1.6389999999999998,7588.8,8347.68,4.21
2011-07-03 12:00:00,B3688,3.53,2.4,4.09,47.43,-0.6800000000000002,7588.8,8347.68,4.21
2011-07-03 13:00:00,B3688,0.308,0.0,4.01,47.43,-3.8120000000000003,7588.8,8347.68,4.12
2011-07-03 14:00:00,B3688,0.171,0.0,3.69,47.43,-3.649,7588.8,8347.68,3.82
2011-07-03 15:00:00,B3688,0.171,0.0,3.21,47.43,-3.1790000000000003,7588.8,8347.68,3.35
2011-07-03 16:00:00,B3688,0.171,0.0,2.7,47.43,-2.669,7588.8,8347.68,2.84
2011-07-03 17:00:00,B3688,0.308,0.0,1.96,47.43,-1.772,7588.8,8347.68,2.08
2011-07-03 18:00:00,B3688,1.13,0.0,1.05,47.43,-0.040000000000000036,7588.8,8347.68,1.17
2011-07-03 19:00:00,B3688,1.403,0.0,0.0,47.43,1.403,7588.8,8347.68,0.0
2011-07-03 20:00:00,B3688,0.308,0.0,0.0,47.43,0.308,7588.8,8347.68,0.0
2011-07-03 21:00:00,B3688,0.308,0.0,0.0,47.43,0.308,7588.8,8347.68,0.0
2011-07-03 22:00:00,B3688,0.308,0.0,0.0,47.43,0.308,7588.8,8347.68,0.0
2011-07-03 23:00:00,B3688,0.171,0.0,0.0,47.43,0.171,7588.8,8347.68,0.0
2011-07-04 00:00:00,B3688,2.571,2.4,0.0,47.43,2.571,7588.8,8347.68,0.0
2011-07-04 01:00:00,B3688,2.571,2.4,0.0,47.43,2.571,7588.8,8347.68,0.0
2011-07-04 02:00:00,B3688,2.571,2.4,0.0,47.43,2.571,7588.8,8347.68,0.0
2011-07-04 03:00:00,B3688,2.571,2.4,0.0,47.43,2.571,7588.8,8347.68,0.0
2011-07-04 04:00:00,B3688,2.571,2.4,0.0,47.43,2.571,7588.8,8347.68,0.0
2011-07-04 05:00:00,B3688,0.308,0.0,0.0,47.43,0.308,7588.8,8347.68,0.0
2011-07-04 06:00:00,B3688,1.13,0.0,2.39,47.43,-4.05,7588.8,8347.68,5.18
2011-07-04 07:00:00,B3688,0.308,0.0,2.66,47.43,-3.512,7588.8,8347.68,3.82
2011-07-04 08:00:00,B3688,0.171,0.0,3.09,47.43,-3.459,7588.8,8347.68,3.63
2011-07-04 09:00:00,B3688,0.171,0.0,3.31,47.43,-3.4690000000000003,7588.8,8347.68,3.64
2011-07-04 10:00:00,B3688,0.171,0.0,3.7,47.43,-3.769,7588.8,8347.68,3.94
2011-07-04 11:00:00,B3688,0.171,0.0,4.09,47.43,-4.0489999999999995,7588.8,8347.68,4.22
2011-07-04 12:00:00,B3688,1.13,0.0,4.15,47.43,-3.1000000000000005,7588.8,8347.68,4.23
2011-07-04 13:00:00,B3688,0.308,0.0,4.03,47.43,-3.8120000000000003,7588.8,8347.68,4.12
2011-07-04 14:00:00,B3688,0.171,0.0,3.77,47.43,-3.6990000000000003,7588.8,8347.68,3.87
2011-07-04 15:00:00,B3688,0.171,0.0,3.36,47.43,-3.289,7588.8,8347.68,3.46
2011-07-04 16:00:00,B3688,0.171,0.0,2.79,47.43,-2.729,7588.8,8347.68,2.9
2011-07-04 17:00:00,B3688,0.308,0.0,2.06,47.43,-1.872,7588.8,8347.68,2.18
2011-07-04 18:00:00,B3688,1.13,0.0,1.13,47.43,-0.14000000000000012,7588.8,8347.68,1.27
2011-07-04 19:00:00,B3688,1.403,0.0,0.0,47.43,1.403,7588.8,8347.68,0.0
2011-07-04 20:00:00,B3688,0.308,0.0,0.0,47.43,0.308,7588.8,8347.68,0.0
2011-07-04 21:00:00,B3688,0.308,0.0,0.0,47.43,0.308,7588.8,8347.68,0.0
2011-07-04 22:00:00,B3688,0.308,0.0,0.0,47.43,0.308,7588.8,8347.68,0.0
2011-07-04 23:00:00,B3688,0.171,0.0,0.0,47.43,0.171,7588.8,8347.68,0.0
2011-07-05 00:00:00,B3688,2.571,2.4,0.0,47.43,2.571,7588.8,8347.68,0.0
2011-07-05 01:00:00,B3688,2.571,2.4,0.0,47.43,2.571,7588.8,8347.68,0.0
2011-07-05 02:00:00,B3688,2.571,2.4,0.0,47.43,2.571,7588.8,8347.68,0.0
2011-07-05 03:00:00,B3688,2.571,2.4,0.0,47.43,2.571,7588.8,8347.68,0.0
2011-07-05 04:00:00,B3688,2.571,2.4,0.0,47.43,2.571,7588.8,8347.68,0.0
2011-07-05 05:00:00,B3688,0.308,0.0,0.0,47.43,0.308,7588.8,8347.68,0.0
2011-07-05 06:00:00,B3688,1.13,0.0,2.43,47.43,-4.23,7588.8,8347.68,5.36
2011-07-05 07:00:00,B3688,0.308,0.0,2.75,47.43,-3.7220000000000004,7588.8,8347.68,4.03
2011-07-05 08:00:00,B3688,0.171,0.0,3.28,47.43,-3.629,7588.8,8347.68,3.8
2011-07-05 09:00:00,B3688,0.171,0.0,3.61,47.43,-3.689,7588.8,8347.68,3.86
2011-07-05 10:00:00,B3688,0.171,0.0,3.86,47.43,-3.879,7588.8,8347.68,4.05
2011-07-05 11:00:00,B3688,0.171,0.0,4.0,47.43,-3.9490000000000003,7588.8,8347.68,4.12
2011-07-05 12:00:00,B3688,1.13,0.0,4.02,47.43,-2.9699999999999998,7588.8,8347.68,4.1
2011-07-05 13:00:00,B3688,0.308,0.0,3.89,47.43,-3.672,7588.8,8347.68,3.98
2011-07-05 14:00:00,B3688,0.171,0.0,3.63,47.43,-3.5490000000000004,7588.8,8347.68,3.72
2011-07-05 15:00:00,B3688,0.171,0.0,3.22,47.43,-3.1590000000000003,7588.8,8347.68,3.33
2011-07-05 16:00:00,B3688,0.171,0.0,2.65,47.43,-2.589,7588.8,8347.68,2.76
2011-07-05 17:00:00,B3688,0.308,0.0,1.93,47.43,-1.7419999999999998,7588.8,8347.68,2.05
2011-07-05 18:00:00,B3688,1.13,0.0,1.03,47.43,-0.020000000000000018,7588.8,8347.68,1.15
2011-07-05 19:00:00,B3688,1.403,0.0,0.0,47.43,1.403,7588.8,8347.68,0.0
2011-07-05 20:00:00,B3688,0.308,0.0,0.0,47.43,0.308,7588.8,8347.68,0.0
2011-07-05 21:00:00,B3688,0.308,0.0,0.0,47.43,0.308,7588.8,8347.68,0.0
2011-07-05 22:00:00,B3688,0.308,0.0,0.0,47.43,0.308,7588.8,8347.68,0.0
2011-07-05 23:00:00,B3688,0.171,0.0,0.0,47.43,0.171,7588.8,8347.68,0.0
2011-07-06 00:00:00,B3688,2.571,2.4,0.0,47.43,2.571,7588.8,8347.68,0.0
2011-07-06 01:00:00,B3688,2.571,2.4,0.0,47.43,2.571,7588.8,8347.68,0.0
2011-07-06 02:00:00,B3688,2.571,2.4,0.0,47.43,2.571,7588.8,8347.68,0.0
2011-07-06 03:00:00,B3688,2.571,2.4,0.0,47.43,2.571,7588.8,8347.68,0.0
2011-07-06 04:00:00,B3688,2.571,2.4,0.0,47.43,2.571,7588.8,8347.68,0.0
2011-07-06 05:00:00,B3688,0.308,0.0,0.0,47.43,0.308,7588.8,8347.68,0.0
2011-07-06 06:00:00,B3688,1.13,0.0,1.63,47.43,-2.0700000000000003,7588.8,8347.68,3.2
2011-07-06 07:00:00,B3688,0.308,0.0,2.34,47.43,-3.0420000000000003,7588.8,8347.68,3.35
2011-07-06 08:00:00,B3688,0.171,0.0,3.02,47.43,-3.359,7588.8,8347.68,3.53
2011-07-06 09:00:00,B3688,0.171,0.0,3.32,47.43,-3.4690000000000003,7588.8,8347.68,3.64
2011-07-06 10:00:00,B3688,0.171,0.0,3.48,47.43,-3.5490000000000004,7588.8,8347.68,3.72
2011-07-06 11:00:00,B3688,0.171,0.0,3.75,47.43,-3.7190000000000003,7588.8,8347.68,3.89
2011-07-06 12:00:00,B3688,1.13,0.0,3.9,47.43,-2.8600000000000003,7588.8,8347.68,3.99
2011-07-06 13:00:00,B3688,0.308,0.0,3.76,47.43,-3.5620000000000003,7588.8,8347.68,3.87
2011-07-06 14:00:00,B3688,0.171,0.0,3.42,47.43,-3.369,7588.8,8347.68,3.54
2011-07-06 15:00:00,B3688,0.171,0.0,2.96,47.43,-2.919,7588.8,8347.68,3.09
2011-07-06 16:00:00,B3688,0.171,0.0,2.46,47.43,-2.4090000000000003,7588.8,8347.68,2.58
2011-07-06 17:00:00,B3688,0.308,0.0,1.75,47.43,-1.562,7588.8,8347.68,1.87
2011-07-06 18:00:00,B3688,1.13,0.0,0.93,47.43,0.08999999999999986,7588.8,8347.68,1.04
2011-07-06 19:00:00,B3688,1.403,0.0,0.0,47.43,1.403,7588.8,8347.68,0.0
2011-07-06 20:00:00,B3688,0.308,0.0,0.0,47.43,0.308,7588.8,8347.68,0.0
2011-07-06 21:00:00,B3688,0.308,0.0,0.0,47.43,0.308,7588.8,8347.68,0.0
2011-07-06 22:00:00,B3688,0.308,0.0,0.0,47.43,0.308,7588.8,8347.68,0.0
2011-07-06 23:00:00,B3688,0.171,0.0,0.0,47.43,0.171,7588.8,8347.68,0.0
2011-07-07 00:00:00,B3688,2.571,2.4,0.0,47.43,2.571,7588.8,8347.68,0.0
2011-07-07 01:00:00,B3688,2.571,2.4,0.0,47.43,2.571,7588.8,8347.68,0.0
2011-07-07 02:00:00,B3688,2.571,2.4,0.0,47.43,2.571,7588.8,8347.68,0.0
2011-07-07 03:00:00,B3688,2.571,2.4,0.0,47.43,2.571,7588.8,8347.68,0.0
2011-07-07 04:00:00,B3688,2.571,2.4,0.0,47.43,2.571,7588.8,8347.68,0.0
2011-07-07 05:00:00,B3688,0.308,0.0,0.0,47.43,0.308,7588.8,8347.68,0.0
2011-07-07 06:00:00,B3688,1.13,0.0,1.79,47.43,-2.16,7588.8,8347.68,3.29
2011-07-07 07:00:00,B3688,0.308,0.0,2.38,47.43,-3.0220000000000002,7588.8,8347.68,3.33
2011-07-07 08:00:00,B3688,0.171,0.0,3.21,47.43,-3.579,7588.8,8347.68,3.75
2011-07-07 09:00:00,B3688,0.171,0.0,3.69,47.43,-3.809,7588.8,8347.68,3.98
2011-07-07 10:00:00,B3688,0.171,0.0,4.02,47.43,-4.059,7588.8,8347.68,4.23
2011-07-07 11:00:00,B3688,0.171,0.0,4.19,47.43,-4.138999999999999,7588.8,8347.68,4.31
2011-07-07 12:00:00,B3688,1.13,0.0,4.19,47.43,-3.1399999999999997,7588.8,8347.68,4.27
2011-07-07 13:00:00,B3688,0.308,0.0,4.05,47.43,-3.832,7588.8,8347.68,4.14
2011-07-07 14:00:00,B3688,0.171,0.0,3.74,47.43,-3.669,7588.8,8347.68,3.84
2011-07-07 15:00:00,B3688,0.171,0.0,3.3,47.43,-3.249,7588.8,8347.68,3.42
2011-07-07 16:00:00,B3688,0.171,0.0,2.74,47.43,-2.689,7588.8,8347.68,2.86
2011-07-07 17:00:00,B3688,0.308,0.0,1.99,47.43,-1.8019999999999998,7588.8,8347.68,2.11
2011-07-07 18:00:00,B3688,1.13,0.0,1.09,47.43,-0.08000000000000007,7588.8,8347.68,1.21
2011-07-07 19:00:00,B3688,1.403,0.0,0.0,47.43,1.403,7588.8,8347.68,0.0
2011-07-07 20:00:00,B3688,0.308,0.0,0.0,47.43,0.308,7588.8,8347.68,0.0
2011-07-07 21:00:00,B3688,0.308,0.0,0.0,47.43,0.308,7588.8,8347.68,0.0
2011-07-07 22:00:00,B3688,0.308,0.0,0.0,47.43,0.308,7588.8,8347.68,0.0
2011-07-07 23:00:00,B3688,0.171,0.0,0.0,47.43,0.171,7588.8,8347.68,0.0
2011-07-08 00:00:00,B3688,2.571,2.4,0.0,47.43,2.571,7588.8,8347.68,0.0
2011-07-08 01:00:00,B3688,2.571,2.4,0.0,47.43,2.571,7588.8,8347.68,0.0
2011-07-08 02:00:00,B3688,2.571,2.4,0.0,47.43,2.571,7588.8,8347.68,0.0
2011-07-08 03:00:00,B3688,2.571,2.4,0.0,47.43,2.571,7588.8,8347.68,0.0
2011-07-08 04:00:00,B3688,2.571,2.4,0.0,47.43,2.571,7588.8,8347.68,0.0
2011-07-08 05:00:00,B3688,0.308,0.0,0.0,47.43,0.308,7588.8,8347.68,0.0
2011-07-08 06:00:00,B3688,1.13,0.0,2.47,47.43,-4.3,7588.8,8347.68,5.43
2011-07-08 07:00:00,B3688,0.308,0.0,2.74,47.43,-3.6820000000000004,7588.8,8347.68,3.99
2011-07-08 08:00:00,B3688,0.171,0.0,3.25,47.43,-3.619,7588.8,8347.68,3.79
2011-07-08 09:00:00,B3688,0.171,0.0,3.63,47.43,-3.749,7588.8,8347.68,3.92
2011-07-08 10:00:00,B3688,0.171,0.0,4.02,47.43,-4.039,7588.8,8347.68,4.21
2011-07-08 11:00:00,B3688,0.171,0.0,4.18,47.43,-4.129,7588.8,8347.68,4.3
2011-07-08 12:00:00,B3688,1.13,0.0,4.19,47.43,-3.1399999999999997,7588.8,8347.68,4.27
2011-07-08 13:00:00,B3688,0.308,0.0,4.08,47.43,-3.8520000000000003,7588.8,8347.68,4.16
2011-07-08 14:00:00,B3688,0.171,0.0,3.81,47.43,-3.729,7588.8,8347.68,3.9
2011-07-08 15:00:00,B3688,0.171,0.0,3.38,47.43,-3.309,7588.8,8347.68,3.48
2011-07-08 16:00:00,B3688,0.171,0.0,2.81,47.43,-2.7590000000000003,7588.8,8347.68,2.93
2011-07-08 17:00:00,B3688,0.308,0.0,2.07,47.43,-1.882,7588.8,8347.68,2.19
2011-07-08 18:00:00,B3688,1.13,0.0,1.14,47.43,-0.13000000000000012,7588.8,8347.68,1.26
2011-07-08 19:00:00,B3688,1.403,0.0,0.0,47.43,1.403,7588.8,8347.68,0.0
2011-07-08 20:00:00,B3688,0.308,0.0,0.0,47.43,0.308,7588.8,8347.68,0.0
2011-07-08 21:00:00,B3688,0.308,0.0,0.0,47.43,0.308,7588.8,8347.68,0.0
2011-07-08 22:00:00,B3688,0.308,0.0,0.0,47.43,0.308,7588.8,8347.68,0.0
2011-07-08 23:00:00,B3688,0.171,0.0,0.0,47.43,0.171,7588.8,8347.68,0.0
2011-07-09 00:00:00,B3688,0.171,0.0,0.0,47.43,0.171,7588.8,8347.68,0.0
2011-07-09 01:00:00,B3688,0.171,0.0,0.0,47.43,0.171,7588.8,8347.68,0.0
2011-07-09 02:00:00,B3688,0.171,0.0,0.0,47.43,0.171,7588.8,8347.68,0.0
2011-07-09 03:00:00,B3688,0.171,0.0,0.0,47.43,0.171,7588.8,8347.68,0.0
2011-07-09 04:00:00,B3688,0.171,0.0,0.0,47.43,0.171,7588.8,8347.68,0.0
2011-07-09 05:00:00,B3688,0.308,0.0,0.0,47.43,0.308,7588.8,8347.68,0.0
2011-07-09 06:00:00,B3688,1.129,0.0,2.45,47.43,-4.2509999999999994,7588.8,8347.68,5.38
2011-07-09 07:00:00,B3688,0.308,0.0,2.79,47.43,-3.782,7588.8,8347.68,4.09
2011-07-09 08:00:00,B3688,2.571,2.4,3.33,47.43,-1.2889999999999997,7588.8,8347.68,3.86
2011-07-09 09:00:00,B3688,2.571,2.4,3.62,47.43,-1.3089999999999997,7588.8,8347.68,3.88
2011-07-09 10:00:00,B3688,2.571,2.4,3.89,47.43,-1.509,7588.8,8347.68,4.08
2011-07-09 11:00:00,B3688,2.571,2.4,4.08,47.43,-1.629,7588.8,8347.68,4.2
2011-07-09 12:00:00,B3688,3.53,2.4,4.11,47.43,-0.6600000000000006,7588.8,8347.68,4.19
2011-07-09 13:00:00,B3688,0.308,0.0,3.98,47.43,-3.752,7588.8,8347.68,4.06
2011-07-09 14:00:00,B3688,0.171,0.0,3.73,47.43,-3.649,7588.8,8347.68,3.82
2011-07-09 15:00:00,B3688,0.171,0.0,3.31,47.43,-3.249,7588.8,8347.68,3.42
2011-07-09 16:00:00,B3688,0.171,0.0,2.75,47.43,-2.6990000000000003,7588.8,8347.68,2.87
2011-07-09 17:00:00,B3688,0.308,0.0,2.03,47.43,-1.8419999999999999,7588.8,8347.68,2.15
2011-07-09 18:00:00,B3688,1.13,0.0,1.11,47.43,-0.1100000000000001,7588.8,8347.68,1.24
2011-07-09 19:00:00,B3688,1.403,0.0,0.0,47.43,1.403,7588.8,8347.68,0.0
2011-07-09 20:00:00,B3688,0.308,0.0,0.0,47.43,0.308,7588.8,8347.68,0.0
2011-07-09 21:00:00,B3688,0.308,0.0,0.0,47.43,0.308,7588.8,8347.68,0.0
2011-07-09 22:00:00,B3688,0.308,0.0,0.0,47.43,0.308,7588.8,8347.68,0.0
2011-07-09 23:00:00,B3688,0.171,0.0,0.0,47.43,0.171,7588.8,8347.68,0.0
2011-07-10 00:00:00,B3688,0.171,0.0,0.0,47.43,0.171,7588.8,8347.68,0.0
2011-07-10 01:00:00,B3688,0.171,0.0,0.0,47.43,0.171,7588.8,8347.68,0.0
2011-07-10 02:00:00,B3688,0.171,0.0,0.0,47.43,0.171,7588.8,8347.68,0.0
2011-07-10 03:00:00,B3688,0.171,0.0,0.0,47.43,0.171,7588.8,8347.68,0.0
2011-07-10 04:00:00,B3688,0.171,0.0,0.0,47.43,0.171,7588.8,8347.68,0.0
2011-07-10 05:00:00,B3688,0.308,0.0,0.0,47.43,0.308,7588.8,8347.68,0.0
2011-07-10 06:00:00,B3688,1.129,0.0,2.33,47.43,-3.8409999999999997,7588.8,8347.68,4.97
2011-07-10 07:00:00,B3688,0.308,0.0,2.63,47.43,-3.5020000000000002,7588.8,8347.68,3.81
2011-07-10 08:00:00,B3688,2.571,2.4,3.28,47.43,-1.2389999999999999,7588.8,8347.68,3.81
2011-07-10 09:00:00,B3688,2.571,2.4,3.66,47.43,-1.3689999999999998,7588.8,8347.68,3.94
2011-07-10 10:00:00,B3688,2.571,2.4,3.95,47.43,-1.5790000000000002,7588.8,8347.68,4.15
2011-07-10 11:00:00,B3688,2.571,2.4,4.11,47.43,-1.669,7588.8,8347.68,4.24
2011-07-10 12:00:00,B3688,3.53,2.4,4.16,47.43,-0.7000000000000006,7588.8,8347.68,4.23
2011-07-10 13:00:00,B3688,0.308,0.0,4.05,47.43,-3.822,7588.8,8347.68,4.13
2011-07-10 14:00:00,B3688,0.171,0.0,3.78,47.43,-3.6990000000000003,7588.8,8347.68,3.87
2011-07-10 15:00:00,B3688,0.171,0.0,3.37,47.43,-3.309,7588.8,8347.68,3.48
2011-07-10 16:00:00,B3688,0.171,0.0,2.81,47.43,-2.7590000000000003,7588.8,8347.68,2.93
2011-07-10 17:00:00,B3688,0.308,0.0,2.08,47.43,-1.8920000000000001,7588.8,8347.68,2.2
2011-07-10 18:00:00,B3688,1.13,0.0,1.14,47.43,-0.14000000000000012,7588.8,8347.68,1.27
2011-07-10 19:00:00,B3688,1.403,0.0,0.0,47.43,1.403,7588.8,8347.68,0.0
2011-07-10 20:00:00,B3688,0.308,0.0,0.0,47.43,0.308,7588.8,8347.68,0.0
2011-07-10 21:00:00,B3688,0.308,0.0,0.0,47.43,0.308,7588.8,8347.68,0.0
2011-07-10 22:00:00,B3688,0.308,0.0,0.0,47.43,0.308,7588.8,8347.68,0.0
2011-07-10 23:00:00,B3688,0.171,0.0,0.0,47.43,0.171,7588.8,8347.68,0.0
2011-07-11 00:00:00,B3688,2.571,2.4,0.0,47.43,2.571,7588.8,8347.68,0.0
2011-07-11 01:00:00,B3688,2.571,2.4,0.0,47.43,2.571,7588.8,8347.68,0.0
2011-07-11 02:00:00,B3688,2.571,2.4,0.0,47.43,2.571,7588.8,8347.68,0.0
2011-07-11 03:00:00,B3688,2.571,2.4,0.0,47.43,2.571,7588.8,8347.68,0.0
2011-07-11 04:00:00,B3688,2.571,2.4,0.0,47.43,2.571,7588.8,8347.68,0.0
2011-07-11 05:00:00,B3688,0.308,0.0,0.0,47.43,0.308,7588.8,8347.68,0.0
2011-07-11 06:00:00,B3688,1.13,0.0,2.02,47.43,-2.96,7588.8,8347.68,4.09
2011-07-11 07:00:00,B3688,0.308,0.0,2.54,47.43,-3.3520000000000003,7588.8,8347.68,3.66
2011-07-11 08:00:00,B3688,0.171,0.0,3.21,47.43,-3.559,7588.8,8347.68,3.73
2011-07-11 09:00:00,B3688,0.171,0.0,3.59,47.43,-3.689,7588.8,8347.68,3.86
2011-07-11 10:00:00,B3688,0.171,0.0,3.86,47.43,-3.889,7588.8,8347.68,4.06
2011-07-11 11:00:00,B3688,0.171,0.0,4.03,47.43,-3.9790000000000005,7588.8,8347.68,4.15
2011-07-11 12:00:00,B3688,1.13,0.0,4.04,47.43,-2.99,7588.8,8347.68,4.12
2011-07-11 13:00:00,B3688,0.308,0.0,3.94,47.43,-3.7220000000000004,7588.8,8347.68,4.03
2011-07-11 14:00:00,B3688,0.171,0.0,3.67,47.43,-3.589,7588.8,8347.68,3.76
2011-07-11 15:00:00,B3688,0.171,0.0,3.25,47.43,-3.1790000000000003,7588.8,8347.68,3.35
2011-07-11 16:00:00,B3688,0.171,0.0,2.7,47.43,-2.6390000000000002,7588.8,8347.68,2.81
2011-07-11 17:00:00,B3688,0.308,0.0,1.95,47.43,-1.7619999999999998,7588.8,8347.68,2.07
2011-07-11 18:00:00,B3688,1.13,0.0,1.03,47.43,-0.020000000000000018,7588.8,8347.68,1.15
2011-07-11 19:00:00,B3688,1.403,0.0,0.0,47.43,1.403,7588.8,8347.68,0.0
2011-07-11 20:00:00,B3688,0.308,0.0,0.0,47.43,0.308,7588.8,8347.68,0.0
2011-07-11 21:00:00,B3688,0.308,0.0,0.0,47.43,0.308,7588.8,8347.68,0.0
2011-07-11 22:00:00,B3688,0.308,0.0,0.0,47.43,0.308,7588.8,8347.68,0.0
2011-07-11 23:00:00,B3688,0.171,0.0,0.0,47.43,0.171,7588.8,8347.68,0.0
2011-07-12 00:00:00,B3688,2.571,2.4,0.0,47.43,2.571,7588.8,8347.68,0.0
2011-07-12 01:00:00,B3688,2.571,2.4,0.0,47.43,2.571,7588.8,8347.68,0.0
2011-07-12 02:00:00,B3688,2.571,2.4,0.0,47.43,2.571,7588.8,8347.68,0.0
2011-07-12 03:00:00,B3688,2.571,2.4,0.0,47.43,2.571,7588.8,8347.68,0.0
2011-07-12 04:00:00,B3688,2.571,2.4,0.0,47.43,2.571,7588.8,8347.68,0.0
2011-07-12 05:00:00,B3688,0.308,0.0,0.0,47.43,0.308,7588.8,8347.68,0.0
2011-07-12 06:00:00,B3688,1.13,0.0,0.93,47.43,-0.31000000000000005,7588.8,8347.68,1.44
2011-07-12 07:00:00,B3688,0.308,0.0,1.37,47.43,-1.502,7588.8,8347.68,1.81
2011-07-12 08:00:00,B3688,0.171,0.0,2.01,47.43,-2.249,7588.8,8347.68,2.42
2011-07-12 09:00:00,B3688,0.171,0.0,2.38,47.43,-2.5490000000000004,7588.8,8347.68,2.72
2011-07-12 10:00:00,B3688,0.171,0.0,2.65,47.43,-2.7390000000000003,7588.8,8347.68,2.91
2011-07-12 11:00:00,B3688,0.171,0.0,3.08,47.43,-3.059,7588.8,8347.68,3.23
2011-07-12 12:00:00,B3688,1.13,0.0,2.94,47.43,-1.92,7588.8,8347.68,3.05
2011-07-12 13:00:00,B3688,0.308,0.0,2.76,47.43,-2.572,7588.8,8347.68,2.88
2011-07-12 14:00:00,B3688,0.171,0.0,2.79,47.43,-2.749,7588.8,8347.68,2.92
2011-07-12 15:00:00,B3688,0.171,0.0,2.79,47.43,-2.749,7588.8,8347.68,2.92
2011-07-12 16:00:00,B3688,0.171,0.0,2.54,47.43,-2.4890000000000003,7588.8,8347.68,2.66
2011-07-12 17:00:00,B3688,0.308,0.0,1.77,47.43,-1.5819999999999999,7588.8,8347.68,1.89
2011-07-12 18:00:00,B3688,1.13,0.0,0.9,47.43,0.1299999999999999,7588.8,8347.68,1.0
2011-07-12 19:00:00,B3688,1.403,0.0,0.0,47.43,1.403,7588.8,8347.68,0.0
2011-07-12 20:00:00,B3688,0.308,0.0,0.0,47.43,0.308,7588.8,8347.68,0.0
2011-07-12 21:00:00,B3688,0.308,0.0,0.0,47.43,0.308,7588.8,8347.68,0.0
2011-07-12 22:00:00,B3688,0.308,0.0,0.0,47.43,0.308,7588.8,8347.68,0.0
2011-07-12 23:00:00,B3688,0.171,0.0,0.0,47.43,0.171,7588.8,8347.68,0.0
2011-07-13 00:00:00,B3688,2.571,2.4,0.0,47.43,2.571,7588.8,8347.68,0.0
2011-07-13 01:00:00,B3688,2.571,2.4,0.0,47.43,2.571,7588.8,8347.68,0.0
2011-07-13 02:00:00,B3688,2.571,2.4,0.0,47.43,2.571,7588.8,8347.68,0.0
2011-07-13 03:00:00,B3688,2.571,2.4,0.0,47.43,2.571,7588.8,8347.68,0.0
2011-07-13 04:00:00,B3688,2.571,2.4,0.0,47.43,2.571,7588.8,8347.68,0.0
2011-07-13 05:00:00,B3688,0.308,0.0,0.0,47.43,0.308,7588.8,8347.68,0.0
2011-07-13 06:00:00,B3688,1.13,0.0,2.25,47.43,-3.7300000000000004,7588.8,8347.68,4.86
2011-07-13 07:00:00,B3688,0.308,0.0,2.57,47.43,-3.442,7588.8,8347.68,3.75
2011-07-13 08:00:00,B3688,0.171,0.0,3.16,47.43,-3.499,7588.8,8347.68,3.67
2011-07-13 09:00:00,B3688,0.171,0.0,3.27,47.43,-3.379,7588.8,8347.68,3.55
2011-07-13 10:00:00,B3688,0.171,0.0,3.27,47.43,-3.349,7588.8,8347.68,3.52
2011-07-13 11:00:00,B3688,0.171,0.0,3.43,47.43,-3.4490000000000003,7588.8,8347.68,3.62
2011-07-13 12:00:00,B3688,1.13,0.0,3.65,47.43,-2.66,7588.8,8347.68,3.79
2011-07-13 13:00:00,B3688,0.308,0.0,3.75,47.43,-3.572,7588.8,8347.68,3.88
2011-07-13 14:00:00,B3688,0.171,0.0,3.56,47.43,-3.499,7588.8,8347.68,3.67
2011-07-13 15:00:00,B3688,0.171,0.0,3.19,47.43,-3.1390000000000002,7588.8,8347.68,3.31
2011-07-13 16:00:00,B3688,0.171,0.0,2.67,47.43,-2.629,7588.8,8347.68,2.8
2011-07-13 17:00:00,B3688,0.308,0.0,2.0,47.43,-1.812,7588.8,8347.68,2.12
2011-07-13 18:00:00,B3688,1.13,0.0,1.08,47.43,-0.07000000000000006,7588.8,8347.68,1.2
2011-07-13 19:00:00,B3688,1.403,0.0,0.0,47.43,1.403,7588.8,8347.68,0.0
2011-07-13 20:00:00,B3688,0.308,0.0,0.0,47.43,0.308,7588.8,8347.68,0.0
2011-07-13 21:00:00,B3688,0.308,0.0,0.0,47.43,0.308,7588.8,8347.68,0.0
2011-07-13 22:00:00,B3688,0.308,0.0,0.0,47.43,0.308,7588.8,8347.68,0.0
2011-07-13 23:00:00,B3688,0.171,0.0,0.0,47.43,0.171,7588.8,8347.68,0.0
2011-07-14 00:00:00,B3688,2.571,2.4,0.0,47.43,2.571,7588.8,8347.68,0.0
2011-07-14 01:00:00,B3688,2.571,2.4,0.0,47.43,2.571,7588.8,8347.68,0.0
2011-07-14 02:00:00,B3688,2.571,2.4,0.0,47.43,2.571,7588.8,8347.68,0.0
2011-07-14 03:00:00,B3688,2.571,2.4,0.0,47.43,2.571,7588.8,8347.68,0.0
2011-07-14 04:00:00,B3688,2.571,2.4,0.0,47.43,2.571,7588.8,8347.68,0.0
2011-07-14 05:00:00,B3688,0.308,0.0,0.0,47.43,0.308,7588.8,8347.68,0.0
2011-07-14 06:00:00,B3688,1.13,0.0,2.66,47.43,-4.92,7588.8,8347.68,6.05
2011-07-14 07:00:00,B3688,0.308,0.0,2.85,47.43,-3.912,7588.8,8347.68,4.22
2011-07-14 08:00:00,B3688,0.171,0.0,3.4,47.43,-3.729,7588.8,8347.68,3.9
2011-07-14 09:00:00,B3688,0.171,0.0,3.72,47.43,-3.7990000000000004,7588.8,8347.68,3.97
2011-07-14 10:00:00,B3688,0.171,0.0,3.99,47.43,-3.999,7588.8,8347.68,4.17
2011-07-14 11:00:00,B3688,0.171,0.0,4.12,47.43,-4.059,7588.8,8347.68,4.23
2011-07-14 12:00:00,B3688,1.13,0.0,4.13,47.43,-3.08,7588.8,8347.68,4.21
2011-07-14 13:00:00,B3688,0.308,0.0,4.01,47.43,-3.782,7588.8,8347.68,4.09
2011-07-14 14:00:00,B3688,0.171,0.0,3.73,47.43,-3.6590000000000003,7588.8,8347.68,3.83
2011-07-14 15:00:00,B3688,0.171,0.0,3.33,47.43,-3.269,7588.8,8347.68,3.44
2011-07-14 16:00:00,B3688,0.171,0.0,2.76,47.43,-2.6990000000000003,7588.8,8347.68,2.87
2011-07-14 17:00:00,B3688,0.308,0.0,2.03,47.43,-1.8419999999999999,7588.8,8347.68,2.15
2011-07-14 18:00:00,B3688,1.13,0.0,1.09,47.43,-0.08000000000000007,7588.8,8347.68,1.21
2011-07-14 19:00:00,B3688,1.403,0.0,0.0,47.43,1.403,7588.8,8347.68,0.0
2011-07-14 20:00:00,B3688,0.308,0.0,0.0,47.43,0.308,7588.8,8347.68,0.0
2011-07-14 21:00:00,B3688,0.308,0.0,0.0,47.43,0.308,7588.8,8347.68,0.0
2011-07-14 22:00:00,B3688,0.308,0.0,0.0,47.43,0.308,7588.8,8347.68,0.0
2011-07-14 23:00:00,B3688,0.171,0.0,0.0,47.43,0.171,7588.8,8347.68,0.0
2011-07-15 00:00:00,B3688,2.571,2.4,0.0,47.43,2.571,7588.8,8347.68,0.0
2011-07-15 01:00:00,B3688,2.571,2.4,0.0,47.43,2.571,7588.8,8347.68,0.0
2011-07-15 02:00:00,B3688,2.571,2.4,0.0,47.43,2.571,7588.8,8347.68,0.0
2011-07-15 03:00:00,B3688,2.571,2.4,0.0,47.43,2.571,7588.8,8347.68,0.0
2011-07-15 04:00:00,B3688,2.571,2.4,0.0,47.43,2.571,7588.8,8347.68,0.0
2011-07-15 05:00:00,B3688,0.308,0.0,0.0,47.43,0.308,7588.8,8347.68,0.0
2011-07-15 06:00:00,B3688,1.13,0.0,2.59,47.43,-4.76,7588.8,8347.68,5.89
2011-07-15 07:00:00,B3688,0.308,0.0,2.77,47.43,-3.792,7588.8,8347.68,4.1
2011-07-15 08:00:00,B3688,0.171,0.0,3.3,47.43,-3.6390000000000002,7588.8,8347.68,3.81
2011-07-15 09:00:00,B3688,0.171,0.0,3.62,47.43,-3.6990000000000003,7588.8,8347.68,3.87
2011-07-15 10:00:00,B3688,0.171,0.0,3.88,47.43,-3.8990000000000005,7588.8,8347.68,4.07
2011-07-15 11:00:00,B3688,0.171,0.0,4.03,47.43,-3.9790000000000005,7588.8,8347.68,4.15
2011-07-15 12:00:00,B3688,1.13,0.0,4.03,47.43,-2.9800000000000004,7588.8,8347.68,4.11
2011-07-15 13:00:00,B3688,0.308,0.0,3.9,47.43,-3.672,7588.8,8347.68,3.98
2011-07-15 14:00:00,B3688,0.171,0.0,3.64,47.43,-3.5690000000000004,7588.8,8347.68,3.74
2011-07-15 15:00:00,B3688,0.171,0.0,3.23,47.43,-3.169,7588.8,8347.68,3.34
2011-07-15 16:00:00,B3688,0.171,0.0,2.68,47.43,-2.619,7588.8,8347.68,2.79
2011-07-15 17:00:00,B3688,0.308,0.0,1.98,47.43,-1.7819999999999998,7588.8,8347.68,2.09
2011-07-15 18:00:00,B3688,1.13,0.0,1.06,47.43,-0.040000000000000036,7588.8,8347.68,1.17
2011-07-15 19:00:00,B3688,1.403,0.0,0.0,47.43,1.403,7588.8,8347.68,0.0
2011-07-15 20:00:00,B3688,0.308,0.0,0.0,47.43,0.308,7588.8,8347.68,0.0
2011-07-15 21:00:00,B3688,0.308,0.0,0.0,47.43,0.308,7588.8,8347.68,0.0
2011-07-15 22:00:00,B3688,0.308,0.0,0.0,47.43,0.308,7588.8,8347.68,0.0
2011-07-15 23:00:00,B3688,0.171,0.0,0.0,47.43,0.171,7588.8,8347.68,0.0
2011-07-16 00:00:00,B3688,0.171,0.0,0.0,47.43,0.171,7588.8,8347.68,0.0
2011-07-16 01:00:00,B3688,0.171,0.0,0.0,47.43,0.171,7588.8,8347.68,0.0
2011-07-16 02:00:00,B3688,0.171,0.0,0.0,47.43,0.171,7588.8,8347.68,0.0
2011-07-16 03:00:00,B3688,0.171,0.0,0.0,47.43,0.171,7588.8,8347.68,0.0
2011-07-16 04:00:00,B3688,0.171,0.0,0.0,47.43,0.171,7588.8,8347.68,0.0
2011-07-16 05:00:00,B3688,0.308,0.0,0.0,47.43,0.308,7588.8,8347.68,0.0
2011-07-16 06:00:00,B3688,1.129,0.0,2.59,47.43,-4.840999999999999,7588.8,8347.68,5.97
2011-07-16 07:00:00,B3688,0.308,0.0,2.76,47.43,-3.792,7588.8,8347.68,4.1
2011-07-16 08:00:00,B3688,2.571,2.4,3.24,47.43,-1.149,7588.8,8347.68,3.72
2011-07-16 09:00:00,B3688,2.571,2.4,3.52,47.43,-1.1989999999999998,7588.8,8347.68,3.77
2011-07-16 10:00:00,B3688,2.571,2.4,3.77,47.43,-1.379,7588.8,8347.68,3.95
2011-07-16 11:00:00,B3688,2.571,2.4,3.91,47.43,-1.459,7588.8,8347.68,4.03
2011-07-16 12:00:00,B3688,3.53,2.4,3.94,47.43,-0.48,7588.8,8347.68,4.01
2011-07-16 13:00:00,B3688,0.308,0.0,3.82,47.43,-3.592,7588.8,8347.68,3.9
2011-07-16 14:00:00,B3688,0.171,0.0,3.57,47.43,-3.499,7588.8,8347.68,3.67
2011-07-16 15:00:00,B3688,0.171,0.0,3.17,47.43,-3.099,7588.8,8347.68,3.27
2011-07-16 16:00:00,B3688,0.171,0.0,2.63,47.43,-2.5690000000000004,7588.8,8347.68,2.74
2011-07-16 17:00:00,B3688,0.308,0.0,1.94,47.43,-1.7419999999999998,7588.8,8347.68,2.05
2011-07-16 18:00:00,B3688,1.13,0.0,1.04,47.43,-0.020000000000000018,7588.8,8347.68,1.15
2011-07-16 19:00:00,B3688,1.403,0.0,0.0,47.43,1.403,7588.8,8347.68,0.0
2011-07-16 20:00:00,B3688,0.308,0.0,0.0,47.43,0.308,7588.8,8347.68,0.0
2011-07-16 21:00:00,B3688,0.308,0.0,0.0,47.43,0.308,7588.8,8347.68,0.0
2011-07-16 22:00:00,B3688,0.308,0.0,0.0,47.43,0.308,7588.8,8347.68,0.0
2011-07-16 23:00:00,B3688,0.171,0.0,0.0,47.43,0.171,7588.8,8347.68,0.0
2011-07-17 00:00:00,B3688,0.171,0.0,0.0,47.43,0.171,7588.8,8347.68,0.0
2011-07-17 01:00:00,B3688,0.171,0.0,0.0,47.43,0.171,7588.8,8347.68,0.0
2011-07-17 02:00:00,B3688,0.171,0.0,0.0,47.43,0.171,7588.8,8347.68,0.0
2011-07-17 03:00:00,B3688,0.171,0.0,0.0,47.43,0.171,7588.8,8347.68,0.0
2011-07-17 04:00:00,B3688,0.171,0.0,0.0,47.43,0.171,7588.8,8347.68,0.0
2011-07-17 05:00:00,B3688,0.308,0.0,0.0,47.43,0.308,7588.8,8347.68,0.0
2011-07-17 06:00:00,B3688,1.129,0.0,2.56,47.43,-4.760999999999999,7588.8,8347.68,5.89
2011-07-17 07:00:00,B3688,0.308,0.0,2.69,47.43,-3.6820000000000004,7588.8,8347.68,3.99
2011-07-17 08:00:00,B3688,2.571,2.4,3.2,47.43,-1.0989999999999998,7588.8,8347.68,3.67
2011-07-17 09:00:00,B3688,2.571,2.4,3.5,47.43,-1.1789999999999998,7588.8,8347.68,3.75
2011-07-17 10:00:00,B3688,2.571,2.4,3.74,47.43,-1.3489999999999998,7588.8,8347.68,3.92
2011-07-17 11:00:00,B3688,2.571,2.4,3.97,47.43,-1.5189999999999997,7588.8,8347.68,4.09
2011-07-17 12:00:00,B3688,3.53,2.4,3.92,47.43,-0.4700000000000002,7588.8,8347.68,4.0
2011-07-17 13:00:00,B3688,0.308,0.0,3.82,47.43,-3.612,7588.8,8347.68,3.92
2011-07-17 14:00:00,B3688,0.171,0.0,3.52,47.43,-3.459,7588.8,8347.68,3.63
2011-07-17 15:00:00,B3688,0.171,0.0,3.05,47.43,-2.999,7588.8,8347.68,3.17
2011-07-17 16:00:00,B3688,0.171,0.0,2.49,47.43,-2.439,7588.8,8347.68,2.61
2011-07-17 17:00:00,B3688,0.308,0.0,1.86,47.43,-1.672,7588.8,8347.68,1.98
2011-07-17 18:00:00,B3688,1.13,0.0,1.0,47.43,0.019999999999999796,7588.8,8347.68,1.11
2011-07-17 19:00:00,B3688,1.403,0.0,0.0,47.43,1.403,7588.8,8347.68,0.0
2011-07-17 20:00:00,B3688,0.308,0.0,0.0,47.43,0.308,7588.8,8347.68,0.0
2011-07-17 21:00:00,B3688,0.308,0.0,0.0,47.43,0.308,7588.8,8347.68,0.0
2011-07-17 22:00:00,B3688,0.308,0.0,0.0,47.43,0.308,7588.8,8347.68,0.0
2011-07-17 23:00:00,B3688,0.171,0.0,0.0,47.43,0.171,7588.8,8347.68,0.0
2011-07-18 00:00:00,B3688,2.571,2.4,0.0,47.43,2.571,7588.8,8347.68,0.0
2011-07-18 01:00:00,B3688,2.571,2.4,0.0,47.43,2.571,7588.8,8347.68,0.0
2011-07-18 02:00:00,B3688,2.571,2.4,0.0,47.43,2.571,7588.8,8347.68,0.0
2011-07-18 03:00:00,B3688,2.571,2.4,0.0,47.43,2.571,7588.8,8347.68,0.0
2011-07-18 04:00:00,B3688,2.571,2.4,0.0,47.43,2.571,7588.8,8347.68,0.0
2011-07-18 05:00:00,B3688,0.308,0.0,0.0,47.43,0.308,7588.8,8347.68,0.0
2011-07-18 06:00:00,B3688,1.13,0.0,2.6,47.43,-4.8500000000000005,7588.8,8347.68,5.98
2011-07-18 07:00:00,B3688,0.308,0.0,2.72,47.43,-3.732,7588.8,8347.68,4.04
2011-07-18 08:00:00,B3688,0.171,0.0,3.25,47.43,-3.5490000000000004,7588.8,8347.68,3.72
2011-07-18 09:00:00,B3688,0.171,0.0,3.56,47.43,-3.6390000000000002,7588.8,8347.68,3.81
2011-07-18 10:00:00,B3688,0.171,0.0,3.82,47.43,-3.829,7588.8,8347.68,4.0
2011-07-18 11:00:00,B3688,0.171,0.0,3.96,47.43,-3.8990000000000005,7588.8,8347.68,4.07
2011-07-18 12:00:00,B3688,1.13,0.0,4.0,47.43,-2.9400000000000004,7588.8,8347.68,4.07
2011-07-18 13:00:00,B3688,0.308,0.0,3.87,47.43,-3.6420000000000003,7588.8,8347.68,3.95
2011-07-18 14:00:00,B3688,0.171,0.0,3.63,47.43,-3.5490000000000004,7588.8,8347.68,3.72
2011-07-18 15:00:00,B3688,0.171,0.0,3.21,47.43,-3.149,7588.8,8347.68,3.32
2011-07-18 16:00:00,B3688,0.171,0.0,2.66,47.43,-2.599,7588.8,8347.68,2.77
2011-07-18 17:00:00,B3688,0.308,0.0,1.94,47.43,-1.7419999999999998,7588.8,8347.68,2.05
2011-07-18 18:00:00,B3688,1.13,0.0,1.01,47.43,0.009999999999999787,7588.8,8347.68,1.12
2011-07-18 19:00:00,B3688,1.403,0.0,0.0,47.43,1.403,7588.8,8347.68,0.0
2011-07-18 20:00:00,B3688,0.308,0.0,0.0,47.43,0.308,7588.8,8347.68,0.0
2011-07-18 21:00:00,B3688,0.308,0.0,0.0,47.43,0.308,7588.8,8347.68,0.0
2011-07-18 22:00:00,B3688,0.308,0.0,0.0,47.43,0.308,7588.8,8347.68,0.0
2011-07-18 23:00:00,B3688,0.171,0.0,0.0,47.43,0.171,7588.8,8347.68,0.0
2011-07-19 00:00:00,B3688,2.571,2.4,0.0,47.43,2.571,7588.8,8347.68,0.0
2011-07-19 01:00:00,B3688,2.571,2.4,0.0,47.43,2.571,7588.8,8347.68,0.0
2011-07-19 02:00:00,B3688,2.571,2.4,0.0,47.43,2.571,7588.8,8347.68,0.0
2011-07-19 03:00:00,B3688,2.571,2.4,0.0,47.43,2.571,7588.8,8347.68,0.0
2011-07-19 04:00:00,B3688,2.571,2.4,0.0,47.43,2.571,7588.8,8347.68,0.0
2011-07-19 05:00:00,B3688,0.308,0.0,0.0,47.43,0.308,7588.8,8347.68,0.0
2011-07-19 06:00:00,B3688,1.13,0.0,0.3,47.43,0.5599999999999999,7588.8,8347.68,0.57
2011-07-19 07:00:00,B3688,0.308,0.0,2.64,47.43,-3.6220000000000003,7588.8,8347.68,3.93
2011-07-19 08:00:00,B3688,0.171,0.0,3.2,47.43,-3.499,7588.8,8347.68,3.67
2011-07-19 09:00:00,B3688,0.171,0.0,3.49,47.43,-3.5690000000000004,7588.8,8347.68,3.74
2011-07-19 10:00:00,B3688,0.171,0.0,3.75,47.43,-3.769,7588.8,8347.68,3.94
2011-07-19 11:00:00,B3688,0.171,0.0,3.9,47.43,-3.8489999999999998,7588.8,8347.68,4.02
2011-07-19 12:00:00,B3688,1.13,0.0,3.92,47.43,-2.8600000000000003,7588.8,8347.68,3.99
2011-07-19 13:00:00,B3688,0.308,0.0,3.79,47.43,-3.5620000000000003,7588.8,8347.68,3.87
2011-07-19 14:00:00,B3688,0.171,0.0,3.53,47.43,-3.4490000000000003,7588.8,8347.68,3.62
2011-07-19 15:00:00,B3688,0.171,0.0,3.11,47.43,-3.0490000000000004,7588.8,8347.68,3.22
2011-07-19 16:00:00,B3688,0.171,0.0,2.58,47.43,-2.519,7588.8,8347.68,2.69
2011-07-19 17:00:00,B3688,0.308,0.0,1.88,47.43,-1.682,7588.8,8347.68,1.99
2011-07-19 18:00:00,B3688,1.13,0.0,0.98,47.43,0.039999999999999813,7588.8,8347.68,1.09
2011-07-19 19:00:00,B3688,1.403,0.0,0.0,47.43,1.403,7588.8,8347.68,0.0
2011-07-19 20:00:00,B3688,0.308,0.0,0.0,47.43,0.308,7588.8,8347.68,0.0
2011-07-19 21:00:00,B3688,0.308,0.0,0.0,47.43,0.308,7588.8,8347.68,0.0
2011-07-19 22:00:00,B3688,0.308,0.0,0.0,47.43,0.308,7588.8,8347.68,0.0
2011-07-19 23:00:00,B3688,0.171,0.0,0.0,47.43,0.171,7588.8,8347.68,0.0
2011-07-20 00:00:00,B3688,2.571,2.4,0.0,47.43,2.571,7588.8,8347.68,0.0
2011-07-20 01:00:00,B3688,2.571,2.4,0.0,47.43,2.571,7588.8,8347.68,0.0
2011-07-20 02:00:00,B3688,2.571,2.4,0.0,47.43,2.571,7588.8,8347.68,0.0
2011-07-20 03:00:00,B3688,2.571,2.4,0.0,47.43,2.571,7588.8,8347.68,0.0
2011-07-20 04:00:00,B3688,2.571,2.4,0.0,47.43,2.571,7588.8,8347.68,0.0
2011-07-20 05:00:00,B3688,0.308,0.0,0.0,47.43,0.308,7588.8,8347.68,0.0
2011-07-20 06:00:00,B3688,1.13,0.0,0.29,47.43,0.5699999999999998,7588.8,8347.68,0.56
2011-07-20 07:00:00,B3688,0.308,0.0,2.63,47.43,-3.592,7588.8,8347.68,3.9
2011-07-20 08:00:00,B3688,0.171,0.0,3.16,47.43,-3.4490000000000003,7588.8,8347.68,3.62
2011-07-20 09:00:00,B3688,0.171,0.0,3.43,47.43,-3.5090000000000003,7588.8,8347.68,3.68
2011-07-20 10:00:00,B3688,0.171,0.0,3.67,47.43,-3.689,7588.8,8347.68,3.86
2011-07-20 11:00:00,B3688,0.171,0.0,3.84,47.43,-3.7790000000000004,7588.8,8347.68,3.95
2011-07-20 12:00:00,B3688,1.13,0.0,3.83,47.43,-2.77,7588.8,8347.68,3.9
2011-07-20 13:00:00,B3688,0.308,0.0,3.71,47.43,-3.482,7588.8,8347.68,3.79
2011-07-20 14:00:00,B3688,0.171,0.0,3.51,47.43,-3.439,7588.8,8347.68,3.61
2011-07-20 15:00:00,B3688,0.171,0.0,3.03,47.43,-2.9690000000000003,7588.8,8347.68,3.14
2011-07-20 16:00:00,B3688,0.171,0.0,2.49,47.43,-2.4290000000000003,7588.8,8347.68,2.6
2011-07-20 17:00:00,B3688,0.308,0.0,1.76,47.43,-1.5719999999999998,7588.8,8347.68,1.88
2011-07-20 18:00:00,B3688,1.13,0.0,0.88,47.43,0.1499999999999999,7588.8,8347.68,0.98
2011-07-20 19:00:00,B3688,1.403,0.0,0.0,47.43,1.403,7588.8,8347.68,0.0
2011-07-20 20:00:00,B3688,0.308,0.0,0.0,47.43,0.308,7588.8,8347.68,0.0
2011-07-20 21:00:00,B3688,0.308,0.0,0.0,47.43,0.308,7588.8,8347.68,0.0
2011-07-20 22:00:00,B3688,0.308,0.0,0.0,47.43,0.308,7588.8,8347.68,0.0
2011-07-20 23:00:00,B3688,0.171,0.0,0.0,47.43,0.171,7588.8,8347.68,0.0
2011-07-21 00:00:00,B3688,2.571,2.4,0.0,47.43,2.571,7588.8,8347.68,0.0
2011-07-21 01:00:00,B3688,2.571,2.4,0.0,47.43,2.571,7588.8,8347.68,0.0
2011-07-21 02:00:00,B3688,2.571,2.4,0.0,47.43,2.571,7588.8,8347.68,0.0
2011-07-21 03:00:00,B3688,2.571,2.4,0.0,47.43,2.571,7588.8,8347.68,0.0
2011-07-21 04:00:00,B3688,2.571,2.4,0.0,47.43,2.571,7588.8,8347.68,0.0
2011-07-21 05:00:00,B3688,0.308,0.0,0.0,47.43,0.308,7588.8,8347.68,0.0
2011-07-21 06:00:00,B3688,1.13,0.0,0.5,47.43,0.41999999999999993,7588.8,8347.68,0.71
2011-07-21 07:00:00,B3688,0.308,0.0,1.59,47.43,-1.8219999999999998,7588.8,8347.68,2.13
2011-07-21 08:00:00,B3688,0.171,0.0,2.12,47.43,-2.3890000000000002,7588.8,8347.68,2.56
2011-07-21 09:00:00,B3688,0.171,0.0,2.7,47.43,-2.899,7588.8,8347.68,3.07
2011-07-21 10:00:00,B3688,0.171,0.0,3.38,47.43,-3.479,7588.8,8347.68,3.65
2011-07-21 11:00:00,B3688,0.171,0.0,3.73,47.43,-3.729,7588.8,8347.68,3.9
2011-07-21 12:00:00,B3688,1.13,0.0,3.78,47.43,-2.7600000000000002,7588.8,8347.68,3.89
2011-07-21 13:00:00,B3688,0.308,0.0,3.66,47.43,-3.462,7588.8,8347.68,3.77
2011-07-21 14:00:00,B3688,0.171,0.0,3.39,47.43,-3.339,7588.8,8347.68,3.51
2011-07-21 15:00:00,B3688,0.171,0.0,3.01,47.43,-2.959,7588.8,8347.68,3.13
2011-07-21 16:00:00,B3688,0.171,0.0,2.53,47.43,-2.479,7588.8,8347.68,2.65
2011-07-21 17:00:00,B3688,0.308,0.0,1.77,47.43,-1.5819999999999999,7588.8,8347.68,1.89
2011-07-21 18:00:00,B3688,1.13,0.0,0.87,47.43,0.16999999999999993,7588.8,8347.68,0.96
2011-07-21 19:00:00,B3688,1.403,0.0,0.0,47.43,1.403,7588.8,8347.68,0.0
2011-07-21 20:00:00,B3688,0.308,0.0,0.0,47.43,0.308,7588.8,8347.68,0.0
2011-07-21 21:00:00,B3688,0.308,0.0,0.0,47.43,0.308,7588.8,8347.68,0.0
2011-07-21 22:00:00,B3688,0.308,0.0,0.0,47.43,0.308,7588.8,8347.68,0.0
2011-07-21 23:00:00,B3688,0.171,0.0,0.0,47.43,0.171,7588.8,8347.68,0.0
2011-07-22 00:00:00,B3688,2.571,2.4,0.0,47.43,2.571,7588.8,8347.68,0.0
2011-07-22 01:00:00,B3688,2.571,2.4,0.0,47.43,2.571,7588.8,8347.68,0.0
2011-07-22 02:00:00,B3688,2.571,2.4,0.0,47.43,2.571,7588.8,8347.68,0.0
2011-07-22 03:00:00,B3688,2.571,2.4,0.0,47.43,2.571,7588.8,8347.68,0.0
2011-07-22 04:00:00,B3688,2.571,2.4,0.0,47.43,2.571,7588.8,8347.68,0.0
2011-07-22 05:00:00,B3688,0.308,0.0,0.0,47.43,0.308,7588.8,8347.68,0.0
2011-07-22 06:00:00,B3688,1.13,0.0,0.5,47.43,0.3699999999999999,7588.8,8347.68,0.76
2011-07-22 07:00:00,B3688,0.308,0.0,2.08,47.43,-2.6420000000000003,7588.8,8347.68,2.95
2011-07-22 08:00:00,B3688,0.171,0.0,2.89,47.43,-3.189,7588.8,8347.68,3.36
2011-07-22 09:00:00,B3688,0.171,0.0,3.38,47.43,-3.499,7588.8,8347.68,3.67
2011-07-22 10:00:00,B3688,0.171,0.0,3.69,47.43,-3.7390000000000003,7588.8,8347.68,3.91
2011-07-22 11:00:00,B3688,0.171,0.0,3.86,47.43,-3.809,7588.8,8347.68,3.98
2011-07-22 12:00:00,B3688,1.13,0.0,3.9,47.43,-2.85,7588.8,8347.68,3.98
2011-07-22 13:00:00,B3688,0.308,0.0,3.79,47.43,-3.5620000000000003,7588.8,8347.68,3.87
2011-07-22 14:00:00,B3688,0.171,0.0,3.54,47.43,-3.459,7588.8,8347.68,3.63
2011-07-22 15:00:00,B3688,0.171,0.0,3.12,47.43,-3.0490000000000004,7588.8,8347.68,3.22
2011-07-22 16:00:00,B3688,0.171,0.0,2.56,47.43,-2.499,7588.8,8347.68,2.67
2011-07-22 17:00:00,B3688,0.308,0.0,1.85,47.43,-1.652,7588.8,8347.68,1.96
2011-07-22 18:00:00,B3688,1.13,0.0,0.95,47.43,0.08999999999999986,7588.8,8347.68,1.04
2011-07-22 19:00:00,B3688,1.403,0.0,0.0,47.43,1.403,7588.8,8347.68,0.0
2011-07-22 20:00:00,B3688,0.308,0.0,0.0,47.43,0.308,7588.8,8347.68,0.0
2011-07-22 21:00:00,B3688,0.308,0.0,0.0,47.43,0.308,7588.8,8347.68,0.0
2011-07-22 22:00:00,B3688,0.308,0.0,0.0,47.43,0.308,7588.8,8347.68,0.0
2011-07-22 23:00:00,B3688,0.171,0.0,0.0,47.43,0.171,7588.8,8347.68,0.0
2011-07-23 00:00:00,B3688,0.171,0.0,0.0,47.43,0.171,7588.8,8347.68,0.0
2011-07-23 01:00:00,B3688,0.171,0.0,0.0,47.43,0.171,7588.8,8347.68,0.0
2011-07-23 02:00:00,B3688,0.171,0.0,0.0,47.43,0.171,7588.8,8347.68,0.0
2011-07-23 03:00:00,B3688,0.171,0.0,0.0,47.43,0.171,7588.8,8347.68,0.0
2011-07-23 04:00:00,B3688,0.171,0.0,0.0,47.43,0.171,7588.8,8347.68,0.0
2011-07-23 05:00:00,B3688,0.308,0.0,0.0,47.43,0.308,7588.8,8347.68,0.0
2011-07-23 06:00:00,B3688,1.129,0.0,0.39,47.43,0.469,7588.8,8347.68,0.66
2011-07-23 07:00:00,B3688,0.308,0.0,2.38,47.43,-3.1620000000000004,7588.8,8347.68,3.47
2011-07-23 08:00:00,B3688,2.571,2.4,3.06,47.43,-0.9589999999999996,7588.8,8347.68,3.53
2011-07-23 09:00:00,B3688,2.571,2.4,3.41,47.43,-1.129,7588.8,8347.68,3.7
2011-07-23 10:00:00,B3688,2.571,2.4,3.63,47.43,-1.2689999999999997,7588.8,8347.68,3.84
2011-07-23 11:00:00,B3688,2.571,2.4,3.83,47.43,-1.3889999999999998,7588.8,8347.68,3.96
2011-07-23 12:00:00,B3688,3.53,2.4,3.81,47.43,-0.3600000000000003,7588.8,8347.68,3.89
2011-07-23 13:00:00,B3688,0.308,0.0,3.73,47.43,-3.512,7588.8,8347.68,3.82
2011-07-23 14:00:00,B3688,0.171,0.0,3.5,47.43,-3.4290000000000003,7588.8,8347.68,3.6
2011-07-23 15:00:00,B3688,0.171,0.0,3.11,47.43,-3.0490000000000004,7588.8,8347.68,3.22
2011-07-23 16:00:00,B3688,0.171,0.0,2.52,47.43,-2.4690000000000003,7588.8,8347.68,2.64
2011-07-23 17:00:00,B3688,0.308,0.0,1.75,47.43,-1.552,7588.8,8347.68,1.86
2011-07-23 18:00:00,B3688,1.13,0.0,0.86,47.43,0.17999999999999994,7588.8,8347.68,0.95
2011-07-23 19:00:00,B3688,1.403,0.0,0.0,47.43,1.403,7588.8,8347.68,0.0
2011-07-23 20:00:00,B3688,0.308,0.0,0.0,47.43,0.308,7588.8,8347.68,0.0
2011-07-23 21:00:00,B3688,0.308,0.0,0.0,47.43,0.308,7588.8,8347.68,0.0
2011-07-23 22:00:00,B3688,0.308,0.0,0.0,47.43,0.308,7588.8,8347.68,0.0
2011-07-23 23:00:00,B3688,0.171,0.0,0.0,47.43,0.171,7588.8,8347.68,0.0
2011-07-24 00:00:00,B3688,0.171,0.0,0.0,47.43,0.171,7588.8,8347.68,0.0
2011-07-24 01:00:00,B3688,0.171,0.0,0.0,47.43,0.171,7588.8,8347.68,0.0
2011-07-24 02:00:00,B3688,0.171,0.0,0.0,47.43,0.171,7588.8,8347.68,0.0
2011-07-24 03:00:00,B3688,0.171,0.0,0.0,47.43,0.171,7588.8,8347.68,0.0
2011-07-24 04:00:00,B3688,0.171,0.0,0.0,47.43,0.171,7588.8,8347.68,0.0
2011-07-24 05:00:00,B3688,0.308,0.0,0.0,47.43,0.308,7588.8,8347.68,0.0
2011-07-24 06:00:00,B3688,1.129,0.0,0.53,47.43,0.40900000000000003,7588.8,8347.68,0.72
2011-07-24 07:00:00,B3688,0.308,0.0,1.63,47.43,-1.882,7588.8,8347.68,2.19
2011-07-24 08:00:00,B3688,2.571,2.4,2.42,47.43,-0.3089999999999997,7588.8,8347.68,2.88
2011-07-24 09:00:00,B3688,2.571,2.4,3.11,47.43,-0.859,7588.8,8347.68,3.43
2011-07-24 10:00:00,B3688,2.571,2.4,3.6,47.43,-1.2489999999999997,7588.8,8347.68,3.82
2011-07-24 11:00:00,B3688,2.571,2.4,3.88,47.43,-1.4389999999999996,7588.8,8347.68,4.01
2011-07-24 12:00:00,B3688,3.53,2.4,3.94,47.43,-0.48999999999999977,7588.8,8347.68,4.02
2011-07-24 13:00:00,B3688,0.308,0.0,3.84,47.43,-3.612,7588.8,8347.68,3.92
2011-07-24 14:00:00,B3688,0.171,0.0,3.59,47.43,-3.5090000000000003,7588.8,8347.68,3.68
2011-07-24 15:00:00,B3688,0.171,0.0,3.16,47.43,-3.099,7588.8,8347.68,3.27
2011-07-24 16:00:00,B3688,0.171,0.0,2.61,47.43,-2.559,7588.8,8347.68,2.73
2011-07-24 17:00:00,B3688,0.308,0.0,1.87,47.43,-1.682,7588.8,8347.68,1.99
2011-07-24 18:00:00,B3688,1.13,0.0,0.94,47.43,0.08999999999999986,7588.8,8347.68,1.04
2011-07-24 19:00:00,B3688,1.403,0.0,0.0,47.43,1.403,7588.8,8347.68,0.0
2011-07-24 20:00:00,B3688,0.308,0.0,0.0,47.43,0.308,7588.8,8347.68,0.0
2011-07-24 21:00:00,B3688,0.308,0.0,0.0,47.43,0.308,7588.8,8347.68,0.0
2011-07-24 22:00:00,B3688,0.308,0.0,0.0,47.43,0.308,7588.8,8347.68,0.0
2011-07-24 23:00:00,B3688,0.171,0.0,0.0,47.43,0.171,7588.8,8347.68,0.0
2011-07-25 00:00:00,B3688,2.571,2.4,0.0,47.43,2.571,7588.8,8347.68,0.0
2011-07-25 01:00:00,B3688,2.571,2.4,0.0,47.43,2.571,7588.8,8347.68,0.0
2011-07-25 02:00:00,B3688,2.571,2.4,0.0,47.43,2.571,7588.8,8347.68,0.0
2011-07-25 03:00:00,B3688,2.571,2.4,0.0,47.43,2.571,7588.8,8347.68,0.0
2011-07-25 04:00:00,B3688,2.571,2.4,0.0,47.43,2.571,7588.8,8347.68,0.0
2011-07-25 05:00:00,B3688,0.308,0.0,0.0,47.43,0.308,7588.8,8347.68,0.0
2011-07-25 06:00:00,B3688,1.13,0.0,0.51,47.43,0.3799999999999999,7588.8,8347.68,0.75
2011-07-25 07:00:00,B3688,0.308,0.0,1.86,47.43,-2.282,7588.8,8347.68,2.59
2011-07-25 08:00:00,B3688,0.171,0.0,2.48,47.43,-2.7590000000000003,7588.8,8347.68,2.93
2011-07-25 09:00:00,B3688,0.171,0.0,2.99,47.43,-3.169,7588.8,8347.68,3.34
2011-07-25 10:00:00,B3688,0.171,0.0,3.44,47.43,-3.5290000000000004,7588.8,8347.68,3.7
2011-07-25 11:00:00,B3688,0.171,0.0,3.73,47.43,-3.709,7588.8,8347.68,3.88
2011-07-25 12:00:00,B3688,1.13,0.0,3.86,47.43,-2.8200000000000003,7588.8,8347.68,3.95
2011-07-25 13:00:00,B3688,0.308,0.0,3.71,47.43,-3.512,7588.8,8347.68,3.82
2011-07-25 14:00:00,B3688,0.171,0.0,3.46,47.43,-3.4090000000000003,7588.8,8347.68,3.58
2011-07-25 15:00:00,B3688,0.171,0.0,3.07,47.43,-3.0090000000000003,7588.8,8347.68,3.18
2011-07-25 16:00:00,B3688,0.171,0.0,2.51,47.43,-2.459,7588.8,8347.68,2.63
2011-07-25 17:00:00,B3688,0.308,0.0,1.77,47.43,-1.5719999999999998,7588.8,8347.68,1.88
2011-07-25 18:00:00,B3688,1.13,0.0,0.83,47.43,0.20999999999999985,7588.8,8347.68,0.92
2011-07-25 19:00:00,B3688,1.403,0.0,0.0,47.43,1.403,7588.8,8347.68,0.0
2011-07-25 20:00:00,B3688,0.308,0.0,0.0,47.43,0.308,7588.8,8347.68,0.0
2011-07-25 21:00:00,B3688,0.308,0.0,0.0,47.43,0.308,7588.8,8347.68,0.0
2011-07-25 22:00:00,B3688,0.308,0.0,0.0,47.43,0.308,7588.8,8347.68,0.0
2011-07-25 23:00:00,B3688,0.171,0.0,0.0,47.43,0.171,7588.8,8347.68,0.0
2011-07-26 00:00:00,B3688,2.571,2.4,0.0,47.43,2.571,7588.8,8347.68,0.0
2011-07-26 01:00:00,B3688,2.571,2.4,0.0,47.43,2.571,7588.8,8347.68,0.0
2011-07-26 02:00:00,B3688,2.571,2.4,0.0,47.43,2.571,7588.8,8347.68,0.0
2011-07-26 03:00:00,B3688,2.571,2.4,0.0,47.43,2.571,7588.8,8347.68,0.0
2011-07-26 04:00:00,B3688,2.571,2.4,0.0,47.43,2.571,7588.8,8347.68,0.0
2011-07-26 05:00:00,B3688,0.308,0.0,0.0,47.43,0.308,7588.8,8347.68,0.0
2011-07-26 06:00:00,B3688,1.13,0.0,0.31,47.43,0.71,7588.8,8347.68,0.42
2011-07-26 07:00:00,B3688,0.308,0.0,0.84,47.43,-0.782,7588.8,8347.68,1.09
2011-07-26 08:00:00,B3688,0.171,0.0,1.39,47.43,-1.519,7588.8,8347.68,1.69
2011-07-26 09:00:00,B3688,0.171,0.0,1.8,47.43,-1.929,7588.8,8347.68,2.1
2011-07-26 10:00:00,B3688,0.171,0.0,2.36,47.43,-2.4690000000000003,7588.8,8347.68,2.64
2011-07-26 11:00:00,B3688,0.171,0.0,3.03,47.43,-3.0490000000000004,7588.8,8347.68,3.22
2011-07-26 12:00:00,B3688,1.13,0.0,3.27,47.43,-2.2600000000000002,7588.8,8347.68,3.39
2011-07-26 13:00:00,B3688,0.308,0.0,3.3,47.43,-3.112,7588.8,8347.68,3.42
2011-07-26 14:00:00,B3688,0.171,0.0,3.15,47.43,-3.099,7588.8,8347.68,3.27
2011-07-26 15:00:00,B3688,0.171,0.0,2.78,47.43,-2.729,7588.8,8347.68,2.9
2011-07-26 16:00:00,B3688,0.171,0.0,2.17,47.43,-2.119,7588.8,8347.68,2.29
2011-07-26 17:00:00,B3688,0.308,0.0,1.49,47.43,-1.302,7588.8,8347.68,1.61
2011-07-26 18:00:00,B3688,1.13,0.0,0.71,47.43,0.34999999999999987,7588.8,8347.68,0.78
2011-07-26 19:00:00,B3688,1.403,0.0,0.0,47.43,1.403,7588.8,8347.68,0.0
2011-07-26 20:00:00,B3688,0.308,0.0,0.0,47.43,0.308,7588.8,8347.68,0.0
2011-07-26 21:00:00,B3688,0.308,0.0,0.0,47.43,0.308,7588.8,8347.68,0.0
2011-07-26 22:00:00,B3688,0.308,0.0,0.0,47.43,0.308,7588.8,8347.68,0.0
2011-07-26 23:00:00,B3688,0.171,0.0,0.0,47.43,0.171,7588.8,8347.68,0.0
2011-07-27 00:00:00,B3688,2.571,2.4,0.0,47.43,2.571,7588.8,8347.68,0.0
2011-07-27 01:00:00,B3688,2.571,2.4,0.0,47.43,2.571,7588.8,8347.68,0.0
2011-07-27 02:00:00,B3688,2.571,2.4,0.0,47.43,2.571,7588.8,8347.68,0.0
2011-07-27 03:00:00,B3688,2.571,2.4,0.0,47.43,2.571,7588.8,8347.68,0.0
2011-07-27 04:00:00,B3688,2.571,2.4,0.0,47.43,2.571,7588.8,8347.68,0.0
2011-07-27 05:00:00,B3688,0.308,0.0,0.0,47.43,0.308,7588.8,8347.68,0.0
2011-07-27 06:00:00,B3688,1.13,0.0,0.38,47.43,0.5399999999999999,7588.8,8347.68,0.59
2011-07-27 07:00:00,B3688,0.308,0.0,1.61,47.43,-1.902,7588.8,8347.68,2.21
2011-07-27 08:00:00,B3688,0.171,0.0,2.21,47.43,-2.4690000000000003,7588.8,8347.68,2.64
2011-07-27 09:00:00,B3688,0.171,0.0,2.93,47.43,-3.089,7588.8,8347.68,3.26
2011-07-27 10:00:00,B3688,0.171,0.0,3.54,47.43,-3.609,7588.8,8347.68,3.78
2011-07-27 11:00:00,B3688,0.171,0.0,3.79,47.43,-3.7590000000000003,7588.8,8347.68,3.93
2011-07-27 12:00:00,B3688,1.13,0.0,3.8,47.43,-2.7600000000000002,7588.8,8347.68,3.89
2011-07-27 13:00:00,B3688,0.308,0.0,3.7,47.43,-3.482,7588.8,8347.68,3.79
2011-07-27 14:00:00,B3688,0.171,0.0,3.46,47.43,-3.379,7588.8,8347.68,3.55
2011-07-27 15:00:00,B3688,0.171,0.0,3.04,47.43,-2.979,7588.8,8347.68,3.15
2011-07-27 16:00:00,B3688,0.171,0.0,2.47,47.43,-2.419,7588.8,8347.68,2.59
2011-07-27 17:00:00,B3688,0.308,0.0,1.75,47.43,-1.562,7588.8,8347.68,1.87
2011-07-27 18:00:00,B3688,1.13,0.0,0.85,47.43,0.18999999999999995,7588.8,8347.68,0.94
2011-07-27 19:00:00,B3688,1.403,0.0,0.0,47.43,1.403,7588.8,8347.68,0.0
2011-07-27 20:00:00,B3688,0.308,0.0,0.0,47.43,0.308,7588.8,8347.68,0.0
2011-07-27 21:00:00,B3688,0.308,0.0,0.0,47.43,0.308,7588.8,8347.68,0.0
2011-07-27 22:00:00,B3688,0.308,0.0,0.0,47.43,0.308,7588.8,8347.68,0.0
2011-07-27 23:00:00,B3688,0.171,0.0,0.0,47.43,0.171,7588.8,8347.68,0.0
2011-07-28 00:00:00,B3688,2.571,2.4,0.0,47.43,2.571,7588.8,8347.68,0.0
2011-07-28 01:00:00,B3688,2.571,2.4,0.0,47.43,2.571,7588.8,8347.68,0.0
2011-07-28 02:00:00,B3688,2.571,2.4,0.0,47.43,2.571,7588.8,8347.68,0.0
2011-07-28 03:00:00,B3688,2.571,2.4,0.0,47.43,2.571,7588.8,8347.68,0.0
2011-07-28 04:00:00,B3688,2.571,2.4,0.0,47.43,2.571,7588.8,8347.68,0.0
2011-07-28 05:00:00,B3688,0.308,0.0,0.0,47.43,0.308,7588.8,8347.68,0.0
2011-07-28 06:00:00,B3688,1.13,0.0,0.5,47.43,0.44999999999999984,7588.8,8347.68,0.68
2011-07-28 07:00:00,B3688,0.308,0.0,1.71,47.43,-2.052,7588.8,8347.68,2.36
2011-07-28 08:00:00,B3688,0.171,0.0,2.37,47.43,-2.6390000000000002,7588.8,8347.68,2.81
2011-07-28 09:00:00,B3688,0.171,0.0,2.77,47.43,-2.9290000000000003,7588.8,8347.68,3.1
2011-07-28 10:00:00,B3688,0.171,0.0,3.18,47.43,-3.2590000000000003,7588.8,8347.68,3.43
2011-07-28 11:00:00,B3688,0.171,0.0,3.5,47.43,-3.4890000000000003,7588.8,8347.68,3.66
2011-07-28 12:00:00,B3688,1.13,0.0,3.69,47.43,-2.66,7588.8,8347.68,3.79
2011-07-28 13:00:00,B3688,0.308,0.0,3.6,47.43,-3.3920000000000003,7588.8,8347.68,3.7
2011-07-28 14:00:00,B3688,0.171,0.0,3.38,47.43,-3.309,7588.8,8347.68,3.48
2011-07-28 15:00:00,B3688,0.171,0.0,2.97,47.43,-2.9090000000000003,7588.8,8347.68,3.08
2011-07-28 16:00:00,B3688,0.171,0.0,2.38,47.43,-2.329,7588.8,8347.68,2.5
2011-07-28 17:00:00,B3688,0.308,0.0,1.59,47.43,-1.3619999999999999,7588.8,8347.68,1.67
2011-07-28 18:00:00,B3688,1.13,0.0,0.7,47.43,0.3599999999999999,7588.8,8347.68,0.77
2011-07-28 19:00:00,B3688,1.403,0.0,0.0,47.43,1.403,7588.8,8347.68,0.0
2011-07-28 20:00:00,B3688,0.308,0.0,0.0,47.43,0.308,7588.8,8347.68,0.0
2011-07-28 21:00:00,B3688,0.308,0.0,0.0,47.43,0.308,7588.8,8347.68,0.0
2011-07-28 22:00:00,B3688,0.308,0.0,0.0,47.43,0.308,7588.8,8347.68,0.0
2011-07-28 23:00:00,B3688,0.171,0.0,0.0,47.43,0.171,7588.8,8347.68,0.0
2011-07-29 00:00:00,B3688,2.571,2.4,0.0,47.43,2.571,7588.8,8347.68,0.0
2011-07-29 01:00:00,B3688,2.571,2.4,0.0,47.43,2.571,7588.8,8347.68,0.0
2011-07-29 02:00:00,B3688,2.571,2.4,0.0,47.43,2.571,7588.8,8347.68,0.0
2011-07-29 03:00:00,B3688,2.571,2.4,0.0,47.43,2.571,7588.8,8347.68,0.0
2011-07-29 04:00:00,B3688,2.571,2.4,0.0,47.43,2.571,7588.8,8347.68,0.0
2011-07-29 05:00:00,B3688,0.308,0.0,0.0,47.43,0.308,7588.8,8347.68,0.0
2011-07-29 06:00:00,B3688,1.13,0.0,0.4,47.43,0.46999999999999986,7588.8,8347.68,0.66
2011-07-29 07:00:00,B3688,0.308,0.0,2.19,47.43,-2.862,7588.8,8347.68,3.17
2011-07-29 08:00:00,B3688,0.171,0.0,2.91,47.43,-3.169,7588.8,8347.68,3.34
2011-07-29 09:00:00,B3688,0.171,0.0,3.35,47.43,-3.4490000000000003,7588.8,8347.68,3.62
2011-07-29 10:00:00,B3688,0.171,0.0,3.6,47.43,-3.6390000000000002,7588.8,8347.68,3.81
2011-07-29 11:00:00,B3688,0.171,0.0,3.75,47.43,-3.7190000000000003,7588.8,8347.68,3.89
2011-07-29 12:00:00,B3688,1.13,0.0,3.83,47.43,-2.7800000000000002,7588.8,8347.68,3.91
2011-07-29 13:00:00,B3688,0.308,0.0,3.73,47.43,-3.512,7588.8,8347.68,3.82
2011-07-29 14:00:00,B3688,0.171,0.0,3.47,47.43,-3.399,7588.8,8347.68,3.57
2011-07-29 15:00:00,B3688,0.171,0.0,3.04,47.43,-2.979,7588.8,8347.68,3.15
2011-07-29 16:00:00,B3688,0.171,0.0,2.49,47.43,-2.439,7588.8,8347.68,2.61
2011-07-29 17:00:00,B3688,0.308,0.0,1.78,47.43,-1.5819999999999999,7588.8,8347.68,1.89
2011-07-29 18:00:00,B3688,1.13,0.0,0.87,47.43,0.16999999999999993,7588.8,8347.68,0.96
2011-07-29 19:00:00,B3688,1.403,0.0,0.0,47.43,1.403,7588.8,8347.68,0.0
2011-07-29 20:00:00,B3688,0.308,0.0,0.0,47.43,0.308,7588.8,8347.68,0.0
2011-07-29 21:00:00,B3688,0.308,0.0,0.0,47.43,0.308,7588.8,8347.68,0.0
2011-07-29 22:00:00,B3688,0.308,0.0,0.0,47.43,0.308,7588.8,8347.68,0.0
2011-07-29 23:00:00,B3688,0.171,0.0,0.0,47.43,0.171,7588.8,8347.68,0.0
2011-07-30 00:00:00,B3688,0.171,0.0,0.0,47.43,0.171,7588.8,8347.68,0.0
2011-07-30 01:00:00,B3688,0.171,0.0,0.0,47.43,0.171,7588.8,8347.68,0.0
2011-07-30 02:00:00,B3688,0.171,0.0,0.0,47.43,0.171,7588.8,8347.68,0.0
2011-07-30 03:00:00,B3688,0.171,0.0,0.0,47.43,0.171,7588.8,8347.68,0.0
2011-07-30 04:00:00,B3688,0.171,0.0,0.0,47.43,0.171,7588.8,8347.68,0.0
2011-07-30 05:00:00,B3688,0.308,0.0,0.0,47.43,0.308,7588.8,8347.68,0.0
2011-07-30 06:00:00,B3688,1.129,0.0,0.35,47.43,0.539,7588.8,8347.68,0.59
2011-07-30 07:00:00,B3688,0.308,0.0,2.21,47.43,-2.8720000000000003,7588.8,8347.68,3.18
2011-07-30 08:00:00,B3688,2.571,2.4,2.81,47.43,-0.6789999999999998,7588.8,8347.68,3.25
2011-07-30 09:00:00,B3688,2.571,2.4,3.25,47.43,-0.9689999999999999,7588.8,8347.68,3.54
2011-07-30 10:00:00,B3688,2.571,2.4,3.58,47.43,-1.2189999999999999,7588.8,8347.68,3.79
2011-07-30 11:00:00,B3688,2.571,2.4,3.75,47.43,-1.319,7588.8,8347.68,3.89
2011-07-30 12:00:00,B3688,3.53,2.4,3.79,47.43,-0.3500000000000001,7588.8,8347.68,3.88
2011-07-30 13:00:00,B3688,0.308,0.0,3.73,47.43,-3.512,7588.8,8347.68,3.82
2011-07-30 14:00:00,B3688,0.171,0.0,3.5,47.43,-3.4290000000000003,7588.8,8347.68,3.6
2011-07-30 15:00:00,B3688,0.171,0.0,3.07,47.43,-3.0090000000000003,7588.8,8347.68,3.18
2011-07-30 16:00:00,B3688,0.171,0.0,2.5,47.43,-2.4490000000000003,7588.8,8347.68,2.62
2011-07-30 17:00:00,B3688,0.308,0.0,1.77,47.43,-1.5719999999999998,7588.8,8347.68,1.88
2011-07-30 18:00:00,B3688,1.13,0.0,0.86,47.43,0.18999999999999995,7588.8,8347.68,0.94
2011-07-30 19:00:00,B3688,1.403,0.0,0.0,47.43,1.403,7588.8,8347.68,0.0
2011-07-30 20:00:00,B3688,0.308,0.0,0.0,47.43,0.308,7588.8,8347.68,0.0
2011-07-30 21:00:00,B3688,0.308,0.0,0.0,47.43,0.308,7588.8,8347.68,0.0
2011-07-30 22:00:00,B3688,0.308,0.0,0.0,47.43,0.308,7588.8,8347.68,0.0
2011-07-30 23:00:00,B3688,0.171,0.0,0.0,47.43,0.171,7588.8,8347.68,0.0
2011-07-31 00:00:00,B3688,0.171,0.0,0.0,47.43,0.171,7588.8,8347.68,0.0
2011-07-31 01:00:00,B3688,0.171,0.0,0.0,47.43,0.171,7588.8,8347.68,0.0
2011-07-31 02:00:00,B3688,0.171,0.0,0.0,47.43,0.171,7588.8,8347.68,0.0
2011-07-31 03:00:00,B3688,0.171,0.0,0.0,47.43,0.171,7588.8,8347.68,0.0
2011-07-31 04:00:00,B3688,0.171,0.0,0.0,47.43,0.171,7588.8,8347.68,0.0
2011-07-31 05:00:00,B3688,0.308,0.0,0.0,47.43,0.308,7588.8,8347.68,0.0
2011-07-31 06:00:00,B3688,1.129,0.0,0.34,47.43,0.569,7588.8,8347.68,0.56
2011-07-31 07:00:00,B3688,0.308,0.0,1.92,47.43,-2.3920000000000003,7588.8,8347.68,2.7
2011-07-31 08:00:00,B3688,2.571,2.4,2.42,47.43,-0.29899999999999993,7588.8,8347.68,2.87
2011-07-31 09:00:00,B3688,2.571,2.4,3.0,47.43,-0.7689999999999997,7588.8,8347.68,3.34
2011-07-31 10:00:00,B3688,2.571,2.4,3.4,47.43,-1.049,7588.8,8347.68,3.62
2011-07-31 11:00:00,B3688,2.571,2.4,3.63,47.43,-1.1789999999999998,7588.8,8347.68,3.75
2011-07-31 12:00:00,B3688,3.53,2.4,3.7,47.43,-0.25,7588.8,8347.68,3.78
2011-07-31 13:00:00,B3688,0.308,0.0,3.59,47.43,-3.362,7588.8,8347.68,3.67
2011-07-31 14:00:00,B3688,0.171,0.0,3.32,47.43,-3.249,7588.8,8347.68,3.42
2011-07-31 15:00:00,B3688,0.171,0.0,2.91,47.43,-2.849,7588.8,8347.68,3.02
2011-07-31 16:00:00,B3688,0.171,0.0,2.35,47.43,-2.289,7588.8,8347.68,2.46
2011-07-31 17:00:00,B3688,0.308,0.0,1.64,47.43,-1.422,7588.8,8347.68,1.73
2011-07-31 18:00:00,B3688,1.13,0.0,0.57,47.43,0.5099999999999999,7588.8,8347.68,0.62
2011-07-31 19:00:00,B3688,1.403,0.0,0.0,47.43,1.403,7588.8,8347.68,0.0
2011-07-31 20:00:00,B3688,0.308,0.0,0.0,47.43,0.308,7588.8,8347.68,0.0
2011-07-31 21:00:00,B3688,0.308,0.0,0.0,47.43,0.308,7588.8,8347.68,0.0
2011-07-31 22:00:00,B3688,0.308,0.0,0.0,47.43,0.308,7588.8,8347.68,0.0
2011-07-31 23:00:00,B3688,0.171,0.0,0.0,47.43,0.171,7588.8,8347.68,0.0
2011-08-01 00:00:00,B3688,2.571,2.4,0.0,47.43,2.571,7588.8,8347.68,0.0
2011-08-01 01:00:00,B3688,2.571,2.4,0.0,47.43,2.571,7588.8,8347.68,0.0
2011-08-01 02:00:00,B3688,2.571,2.4,0.0,47.43,2.571,7588.8,8347.68,0.0
2011-08-01 03:00:00,B3688,2.571,2.4,0.0,47.43,2.571,7588.8,8347.68,0.0
2011-08-01 04:00:00,B3688,2.571,2.4,0.0,47.43,2.571,7588.8,8347.68,0.0
2011-08-01 05:00:00,B3688,0.308,0.0,0.0,47.43,0.308,7588.8,8347.68,0.0
2011-08-01 06:00:00,B3688,1.13,0.0,0.34,47.43,0.5599999999999999,7588.8,8347.68,0.57
2011-08-01 07:00:00,B3688,0.308,0.0,2.25,47.43,-3.0020000000000002,7588.8,8347.68,3.31
2011-08-01 08:00:00,B3688,0.171,0.0,2.89,47.43,-3.129,7588.8,8347.68,3.3
2011-08-01 09:00:00,B3688,0.171,0.0,3.22,47.43,-3.329,7588.8,8347.68,3.5
2011-08-01 10:00:00,B3688,0.171,0.0,3.5,47.43,-3.539,7588.8,8347.68,3.71
2011-08-01 11:00:00,B3688,0.171,0.0,3.76,47.43,-3.6990000000000003,7588.8,8347.68,3.87
2011-08-01 12:00:00,B3688,1.13,0.0,3.81,47.43,-2.75,7588.8,8347.68,3.88
2011-08-01 13:00:00,B3688,0.308,0.0,3.7,47.43,-3.472,7588.8,8347.68,3.78
2011-08-01 14:00:00,B3688,0.171,0.0,3.44,47.43,-3.359,7588.8,8347.68,3.53
2011-08-01 15:00:00,B3688,0.171,0.0,3.02,47.43,-2.959,7588.8,8347.68,3.13
2011-08-01 16:00:00,B3688,0.171,0.0,2.46,47.43,-2.4090000000000003,7588.8,8347.68,2.58
2011-08-01 17:00:00,B3688,0.308,0.0,1.77,47.43,-1.5719999999999998,7588.8,8347.68,1.88
2011-08-01 18:00:00,B3688,1.13,0.0,0.61,47.43,0.46999999999999986,7588.8,8347.68,0.66
2011-08-01 19:00:00,B3688,1.403,0.0,0.0,47.43,1.403,7588.8,8347.68,0.0
2011-08-01 20:00:00,B3688,0.308,0.0,0.0,47.43,0.308,7588.8,8347.68,0.0
2011-08-01 21:00:00,B3688,0.308,0.0,0.0,47.43,0.308,7588.8,8347.68,0.0
2011-08-01 22:00:00,B3688,0.308,0.0,0.0,47.43,0.308,7588.8,8347.68,0.0
2011-08-01 23:00:00,B3688,0.171,0.0,0.0,47.43,0.171,7588.8,8347.68,0.0
2011-08-02 00:00:00,B3688,2.571,2.4,0.0,47.43,2.571,7588.8,8347.68,0.0
2011-08-02 01:00:00,B3688,2.571,2.4,0.0,47.43,2.571,7588.8,8347.68,0.0
2011-08-02 02:00:00,B3688,2.571,2.4,0.0,47.43,2.571,7588.8,8347.68,0.0
2011-08-02 03:00:00,B3688,2.571,2.4,0.0,47.43,2.571,7588.8,8347.68,0.0
2011-08-02 04:00:00,B3688,2.571,2.4,0.0,47.43,2.571,7588.8,8347.68,0.0
2011-08-02 05:00:00,B3688,0.308,0.0,0.0,47.43,0.308,7588.8,8347.68,0.0
2011-08-02 06:00:00,B3688,1.13,0.0,0.45,47.43,0.47999999999999987,7588.8,8347.68,0.65
2011-08-02 07:00:00,B3688,0.308,0.0,1.74,47.43,-2.1020000000000003,7588.8,8347.68,2.41
2011-08-02 08:00:00,B3688,0.171,0.0,2.55,47.43,-2.7990000000000004,7588.8,8347.68,2.97
2011-08-02 09:00:00,B3688,0.171,0.0,3.08,47.43,-3.209,7588.8,8347.68,3.38
2011-08-02 10:00:00,B3688,0.171,0.0,3.46,47.43,-3.499,7588.8,8347.68,3.67
2011-08-02 11:00:00,B3688,0.171,0.0,3.67,47.43,-3.619,7588.8,8347.68,3.79
2011-08-02 12:00:00,B3688,1.13,0.0,3.7,47.43,-2.65,7588.8,8347.68,3.78
2011-08-02 13:00:00,B3688,0.308,0.0,3.59,47.43,-3.362,7588.8,8347.68,3.67
2011-08-02 14:00:00,B3688,0.171,0.0,3.34,47.43,-3.269,7588.8,8347.68,3.44
2011-08-02 15:00:00,B3688,0.171,0.0,2.93,47.43,-2.869,7588.8,8347.68,3.04
2011-08-02 16:00:00,B3688,0.171,0.0,2.38,47.43,-2.329,7588.8,8347.68,2.5
2011-08-02 17:00:00,B3688,0.308,0.0,1.67,47.43,-1.452,7588.8,8347.68,1.76
2011-08-02 18:00:00,B3688,1.13,0.0,0.56,47.43,0.5199999999999999,7588.8,8347.68,0.61
2011-08-02 19:00:00,B3688,1.403,0.0,0.0,47.43,1.403,7588.8,8347.68,0.0
2011-08-02 20:00:00,B3688,0.308,0.0,0.0,47.43,0.308,7588.8,8347.68,0.0
2011-08-02 21:00:00,B3688,0.308,0.0,0.0,47.43,0.308,7588.8,8347.68,0.0
2011-08-02 22:00:00,B3688,0.308,0.0,0.0,47.43,0.308,7588.8,8347.68,0.0
2011-08-02 23:00:00,B3688,0.171,0.0,0.0,47.43,0.171,7588.8,8347.68,0.0
2011-08-03 00:00:00,B3688,2.571,2.4,0.0,47.43,2.571,7588.8,8347.68,0.0
2011-08-03 01:00:00,B3688,2.571,2.4,0.0,47.43,2.571,7588.8,8347.68,0.0
2011-08-03 02:00:00,B3688,2.571,2.4,0.0,47.43,2.571,7588.8,8347.68,0.0
2011-08-03 03:00:00,B3688,2.571,2.4,0.0,47.43,2.571,7588.8,8347.68,0.0
2011-08-03 04:00:00,B3688,2.571,2.4,0.0,47.43,2.571,7588.8,8347.68,0.0
2011-08-03 05:00:00,B3688,0.308,0.0,0.0,47.43,0.308,7588.8,8347.68,0.0
2011-08-03 06:00:00,B3688,1.13,0.0,0.43,47.43,0.46999999999999986,7588.8,8347.68,0.66
2011-08-03 07:00:00,B3688,0.308,0.0,2.0,47.43,-2.5620000000000003,7588.8,8347.68,2.87
2011-08-03 08:00:00,B3688,0.171,0.0,2.84,47.43,-3.079,7588.8,8347.68,3.25
2011-08-03 09:00:00,B3688,0.171,0.0,3.29,47.43,-3.3890000000000002,7588.8,8347.68,3.56
2011-08-03 10:00:00,B3688,0.171,0.0,3.61,47.43,-3.629,7588.8,8347.68,3.8
2011-08-03 11:00:00,B3688,0.171,0.0,3.76,47.43,-3.6990000000000003,7588.8,8347.68,3.87
2011-08-03 12:00:00,B3688,1.13,0.0,3.78,47.43,-2.73,7588.8,8347.68,3.86
2011-08-03 13:00:00,B3688,0.308,0.0,3.68,47.43,-3.462,7588.8,8347.68,3.77
2011-08-03 14:00:00,B3688,0.171,0.0,3.42,47.43,-3.349,7588.8,8347.68,3.52
2011-08-03 15:00:00,B3688,0.171,0.0,2.99,47.43,-2.919,7588.8,8347.68,3.09
2011-08-03 16:00:00,B3688,0.171,0.0,2.4,47.43,-2.339,7588.8,8347.68,2.51
2011-08-03 17:00:00,B3688,0.308,0.0,1.65,47.43,-1.442,7588.8,8347.68,1.75
2011-08-03 18:00:00,B3688,1.13,0.0,0.55,47.43,0.5299999999999999,7588.8,8347.68,0.6
2011-08-03 19:00:00,B3688,1.403,0.0,0.0,47.43,1.403,7588.8,8347.68,0.0
2011-08-03 20:00:00,B3688,0.308,0.0,0.0,47.43,0.308,7588.8,8347.68,0.0
2011-08-03 21:00:00,B3688,0.308,0.0,0.0,47.43,0.308,7588.8,8347.68,0.0
2011-08-03 22:00:00,B3688,0.308,0.0,0.0,47.43,0.308,7588.8,8347.68,0.0
2011-08-03 23:00:00,B3688,0.171,0.0,0.0,47.43,0.171,7588.8,8347.68,0.0
2011-08-04 00:00:00,B3688,2.571,2.4,0.0,47.43,2.571,7588.8,8347.68,0.0
2011-08-04 01:00:00,B3688,2.571,2.4,0.0,47.43,2.571,7588.8,8347.68,0.0
2011-08-04 02:00:00,B3688,2.571,2.4,0.0,47.43,2.571,7588.8,8347.68,0.0
2011-08-04 03:00:00,B3688,2.571,2.4,0.0,47.43,2.571,7588.8,8347.68,0.0
2011-08-04 04:00:00,B3688,2.571,2.4,0.0,47.43,2.571,7588.8,8347.68,0.0
2011-08-04 05:00:00,B3688,0.308,0.0,0.0,47.43,0.308,7588.8,8347.68,0.0
2011-08-04 06:00:00,B3688,1.13,0.0,0.3,47.43,0.6199999999999999,7588.8,8347.68,0.51
2011-08-04 07:00:00,B3688,0.308,0.0,1.94,47.43,-2.492,7588.8,8347.68,2.8
2011-08-04 08:00:00,B3688,0.171,0.0,2.47,47.43,-2.689,7588.8,8347.68,2.86
2011-08-04 09:00:00,B3688,0.171,0.0,2.87,47.43,-3.0090000000000003,7588.8,8347.68,3.18
2011-08-04 10:00:00,B3688,0.171,0.0,3.17,47.43,-3.249,7588.8,8347.68,3.42
2011-08-04 11:00:00,B3688,0.171,0.0,3.44,47.43,-3.4290000000000003,7588.8,8347.68,3.6
2011-08-04 12:00:00,B3688,1.13,0.0,3.58,47.43,-2.54,7588.8,8347.68,3.67
2011-08-04 13:00:00,B3688,0.308,0.0,3.46,47.43,-3.262,7588.8,8347.68,3.57
2011-08-04 14:00:00,B3688,0.171,0.0,3.2,47.43,-3.149,7588.8,8347.68,3.32
2011-08-04 15:00:00,B3688,0.171,0.0,2.8,47.43,-2.7590000000000003,7588.8,8347.68,2.93
2011-08-04 16:00:00,B3688,0.171,0.0,2.23,47.43,-2.1990000000000003,7588.8,8347.68,2.37
2011-08-04 17:00:00,B3688,0.308,0.0,1.53,47.43,-1.3519999999999999,7588.8,8347.68,1.66
2011-08-04 18:00:00,B3688,1.13,0.0,0.51,47.43,0.5699999999999998,7588.8,8347.68,0.56
2011-08-04 19:00:00,B3688,1.403,0.0,0.0,47.43,1.403,7588.8,8347.68,0.0
2011-08-04 20:00:00,B3688,0.308,0.0,0.0,47.43,0.308,7588.8,8347.68,0.0
2011-08-04 21:00:00,B3688,0.308,0.0,0.0,47.43,0.308,7588.8,8347.68,0.0
2011-08-04 22:00:00,B3688,0.308,0.0,0.0,47.43,0.308,7588.8,8347.68,0.0
2011-08-04 23:00:00,B3688,0.171,0.0,0.0,47.43,0.171,7588.8,8347.68,0.0
2011-08-05 00:00:00,B3688,2.571,2.4,0.0,47.43,2.571,7588.8,8347.68,0.0
2011-08-05 01:00:00,B3688,2.571,2.4,0.0,47.43,2.571,7588.8,8347.68,0.0
2011-08-05 02:00:00,B3688,2.571,2.4,0.0,47.43,2.571,7588.8,8347.68,0.0
2011-08-05 03:00:00,B3688,2.571,2.4,0.0,47.43,2.571,7588.8,8347.68,0.0
2011-08-05 04:00:00,B3688,2.571,2.4,0.0,47.43,2.571,7588.8,8347.68,0.0
2011-08-05 05:00:00,B3688,0.308,0.0,0.0,47.43,0.308,7588.8,8347.68,0.0
2011-08-05 06:00:00,B3688,1.13,0.0,0.33,47.43,0.5899999999999999,7588.8,8347.68,0.54
2011-08-05 07:00:00,B3688,0.308,0.0,2.08,47.43,-2.762,7588.8,8347.68,3.07
2011-08-05 08:00:00,B3688,0.171,0.0,2.74,47.43,-2.9290000000000003,7588.8,8347.68,3.1
2011-08-05 09:00:00,B3688,0.171,0.0,3.15,47.43,-3.2390000000000003,7588.8,8347.68,3.41
2011-08-05 10:00:00,B3688,0.171,0.0,3.43,47.43,-3.4490000000000003,7588.8,8347.68,3.62
2011-08-05 11:00:00,B3688,0.171,0.0,3.62,47.43,-3.559,7588.8,8347.68,3.73
2011-08-05 12:00:00,B3688,1.13,0.0,3.65,47.43,-2.5900000000000003,7588.8,8347.68,3.72
2011-08-05 13:00:00,B3688,0.308,0.0,3.54,47.43,-3.3120000000000003,7588.8,8347.68,3.62
2011-08-05 14:00:00,B3688,0.171,0.0,3.28,47.43,-3.209,7588.8,8347.68,3.38
2011-08-05 15:00:00,B3688,0.171,0.0,2.86,47.43,-2.789,7588.8,8347.68,2.96
2011-08-05 16:00:00,B3688,0.171,0.0,2.3,47.43,-2.2390000000000003,7588.8,8347.68,2.41
2011-08-05 17:00:00,B3688,0.308,0.0,1.61,47.43,-1.392,7588.8,8347.68,1.7
2011-08-05 18:00:00,B3688,1.13,0.0,0.52,47.43,0.5699999999999998,7588.8,8347.68,0.56
2011-08-05 19:00:00,B3688,1.403,0.0,0.0,47.43,1.403,7588.8,8347.68,0.0
2011-08-05 20:00:00,B3688,0.308,0.0,0.0,47.43,0.308,7588.8,8347.68,0.0
2011-08-05 21:00:00,B3688,0.308,0.0,0.0,47.43,0.308,7588.8,8347.68,0.0
2011-08-05 22:00:00,B3688,0.308,0.0,0.0,47.43,0.308,7588.8,8347.68,0.0
2011-08-05 23:00:00,B3688,0.171,0.0,0.0,47.43,0.171,7588.8,8347.68,0.0
2011-08-06 00:00:00,B3688,0.171,0.0,0.0,47.43,0.171,7588.8,8347.68,0.0
2011-08-06 01:00:00,B3688,0.171,0.0,0.0,47.43,0.171,7588.8,8347.68,0.0
2011-08-06 02:00:00,B3688,0.171,0.0,0.0,47.43,0.171,7588.8,8347.68,0.0
2011-08-06 03:00:00,B3688,0.171,0.0,0.0,47.43,0.171,7588.8,8347.68,0.0
2011-08-06 04:00:00,B3688,0.171,0.0,0.0,47.43,0.171,7588.8,8347.68,0.0
2011-08-06 05:00:00,B3688,0.308,0.0,0.0,47.43,0.308,7588.8,8347.68,0.0
2011-08-06 06:00:00,B3688,1.129,0.0,0.28,47.43,0.639,7588.8,8347.68,0.49
2011-08-06 07:00:00,B3688,0.308,0.0,2.08,47.43,-2.782,7588.8,8347.68,3.09
2011-08-06 08:00:00,B3688,2.571,2.4,2.71,47.43,-0.4889999999999999,7588.8,8347.68,3.06
2011-08-06 09:00:00,B3688,2.571,2.4,3.12,47.43,-0.7989999999999999,7588.8,8347.68,3.37
2011-08-06 10:00:00,B3688,2.571,2.4,3.38,47.43,-0.9889999999999999,7588.8,8347.68,3.56
2011-08-06 11:00:00,B3688,2.571,2.4,3.56,47.43,-1.089,7588.8,8347.68,3.66
2011-08-06 12:00:00,B3688,3.53,2.4,3.56,47.43,-0.10000000000000009,7588.8,8347.68,3.63
2011-08-06 13:00:00,B3688,0.308,0.0,3.46,47.43,-3.232,7588.8,8347.68,3.54
2011-08-06 14:00:00,B3688,0.171,0.0,3.2,47.43,-3.129,7588.8,8347.68,3.3
2011-08-06 15:00:00,B3688,0.171,0.0,2.78,47.43,-2.7190000000000003,7588.8,8347.68,2.89
2011-08-06 16:00:00,B3688,0.171,0.0,2.22,47.43,-2.1590000000000003,7588.8,8347.68,2.33
2011-08-06 17:00:00,B3688,0.308,0.0,1.55,47.43,-1.3319999999999999,7588.8,8347.68,1.64
2011-08-06 18:00:00,B3688,1.13,0.0,0.5,47.43,0.5899999999999999,7588.8,8347.68,0.54
2011-08-06 19:00:00,B3688,1.403,0.0,0.0,47.43,1.403,7588.8,8347.68,0.0
2011-08-06 20:00:00,B3688,0.308,0.0,0.0,47.43,0.308,7588.8,8347.68,0.0
2011-08-06 21:00:00,B3688,0.308,0.0,0.0,47.43,0.308,7588.8,8347.68,0.0
2011-08-06 22:00:00,B3688,0.308,0.0,0.0,47.43,0.308,7588.8,8347.68,0.0
2011-08-06 23:00:00,B3688,0.171,0.0,0.0,47.43,0.171,7588.8,8347.68,0.0
2011-08-07 00:00:00,B3688,0.171,0.0,0.0,47.43,0.171,7588.8,8347.68,0.0
2011-08-07 01:00:00,B3688,0.171,0.0,0.0,47.43,0.171,7588.8,8347.68,0.0
2011-08-07 02:00:00,B3688,0.171,0.0,0.0,47.43,0.171,7588.8,8347.68,0.0
2011-08-07 03:00:00,B3688,0.171,0.0,0.0,47.43,0.171,7588.8,8347.68,0.0
2011-08-07 04:00:00,B3688,0.171,0.0,0.0,47.43,0.171,7588.8,8347.68,0.0
2011-08-07 05:00:00,B3688,0.308,0.0,0.0,47.43,0.308,7588.8,8347.68,0.0
2011-08-07 06:00:00,B3688,1.129,0.0,0.25,47.43,0.679,7588.8,8347.68,0.45
2011-08-07 07:00:00,B3688,0.308,0.0,2.11,47.43,-2.822,7588.8,8347.68,3.13
2011-08-07 08:00:00,B3688,2.571,2.4,2.65,47.43,-0.41900000000000004,7588.8,8347.68,2.99
2011-08-07 09:00:00,B3688,2.571,2.4,3.05,47.43,-0.7289999999999996,7588.8,8347.68,3.3
2011-08-07 10:00:00,B3688,2.571,2.4,3.33,47.43,-0.9489999999999998,7588.8,8347.68,3.52
2011-08-07 11:00:00,B3688,2.571,2.4,3.5,47.43,-1.0389999999999997,7588.8,8347.68,3.61
2011-08-07 12:00:00,B3688,3.53,2.4,3.51,47.43,-0.06000000000000005,7588.8,8347.68,3.59
2011-08-07 13:00:00,B3688,0.308,0.0,3.42,47.43,-3.192,7588.8,8347.68,3.5
2011-08-07 14:00:00,B3688,0.171,0.0,3.15,47.43,-3.079,7588.8,8347.68,3.25
2011-08-07 15:00:00,B3688,0.171,0.0,2.77,47.43,-2.6990000000000003,7588.8,8347.68,2.87
2011-08-07 16:00:00,B3688,0.171,0.0,2.22,47.43,-2.169,7588.8,8347.68,2.34
2011-08-07 17:00:00,B3688,0.308,0.0,1.5,47.43,-1.282,7588.8,8347.68,1.59
2011-08-07 18:00:00,B3688,1.13,0.0,0.48,47.43,0.6099999999999999,7588.8,8347.68,0.52
2011-08-07 19:00:00,B3688,1.403,0.0,0.0,47.43,1.403,7588.8,8347.68,0.0
2011-08-07 20:00:00,B3688,0.308,0.0,0.0,47.43,0.308,7588.8,8347.68,0.0
2011-08-07 21:00:00,B3688,0.308,0.0,0.0,47.43,0.308,7588.8,8347.68,0.0
2011-08-07 22:00:00,B3688,0.308,0.0,0.0,47.43,0.308,7588.8,8347.68,0.0
2011-08-07 23:00:00,B3688,0.171,0.0,0.0,47.43,0.171,7588.8,8347.68,0.0
2011-08-08 00:00:00,B3688,2.571,2.4,0.0,47.43,2.571,7588.8,8347.68,0.0
2011-08-08 01:00:00,B3688,2.571,2.4,0.0,47.43,2.571,7588.8,8347.68,0.0
2011-08-08 02:00:00,B3688,2.571,2.4,0.0,47.43,2.571,7588.8,8347.68,0.0
2011-08-08 03:00:00,B3688,2.571,2.4,0.0,47.43,2.571,7588.8,8347.68,0.0
2011-08-08 04:00:00,B3688,2.571,2.4,0.0,47.43,2.571,7588.8,8347.68,0.0
2011-08-08 05:00:00,B3688,0.308,0.0,0.0,47.43,0.308,7588.8,8347.68,0.0
2011-08-08 06:00:00,B3688,1.13,0.0,0.29,47.43,0.6599999999999999,7588.8,8347.68,0.47
2011-08-08 07:00:00,B3688,0.308,0.0,1.83,47.43,-2.362,7588.8,8347.68,2.67
2011-08-08 08:00:00,B3688,0.171,0.0,2.41,47.43,-2.609,7588.8,8347.68,2.78
2011-08-08 09:00:00,B3688,0.171,0.0,2.88,47.43,-2.9890000000000003,7588.8,8347.68,3.16
2011-08-08 10:00:00,B3688,0.171,0.0,3.26,47.43,-3.2790000000000004,7588.8,8347.68,3.45
2011-08-08 11:00:00,B3688,0.171,0.0,3.49,47.43,-3.4290000000000003,7588.8,8347.68,3.6
2011-08-08 12:00:00,B3688,1.13,0.0,3.52,47.43,-2.46,7588.8,8347.68,3.59
2011-08-08 13:00:00,B3688,0.308,0.0,3.42,47.43,-3.192,7588.8,8347.68,3.5
2011-08-08 14:00:00,B3688,0.171,0.0,3.17,47.43,-3.099,7588.8,8347.68,3.27
2011-08-08 15:00:00,B3688,0.171,0.0,2.72,47.43,-2.6590000000000003,7588.8,8347.68,2.83
2011-08-08 16:00:00,B3688,0.171,0.0,2.18,47.43,-2.119,7588.8,8347.68,2.29
2011-08-08 17:00:00,B3688,0.308,0.0,1.51,47.43,-1.292,7588.8,8347.68,1.6
2011-08-08 18:00:00,B3688,1.13,0.0,0.47,47.43,0.6199999999999999,7588.8,8347.68,0.51
2011-08-08 19:00:00,B3688,1.403,0.0,0.0,47.43,1.403,7588.8,8347.68,0.0
2011-08-08 20:00:00,B3688,0.308,0.0,0.0,47.43,0.308,7588.8,8347.68,0.0
2011-08-08 21:00:00,B3688,0.308,0.0,0.0,47.43,0.308,7588.8,8347.68,0.0
2011-08-08 22:00:00,B3688,0.308,0.0,0.0,47.43,0.308,7588.8,8347.68,0.0
2011-08-08 23:00:00,B3688,0.171,0.0,0.0,47.43,0.171,7588.8,8347.68,0.0
2011-08-09 00:00:00,B3688,2.571,2.4,0.0,47.43,2.571,7588.8,8347.68,0.0
2011-08-09 01:00:00,B3688,2.571,2.4,0.0,47.43,2.571,7588.8,8347.68,0.0
2011-08-09 02:00:00,B3688,2.571,2.4,0.0,47.43,2.571,7588.8,8347.68,0.0
2011-08-09 03:00:00,B3688,2.571,2.4,0.0,47.43,2.571,7588.8,8347.68,0.0
2011-08-09 04:00:00,B3688,2.571,2.4,0.0,47.43,2.571,7588.8,8347.68,0.0
2011-08-09 05:00:00,B3688,0.308,0.0,0.0,47.43,0.308,7588.8,8347.68,0.0
2011-08-09 06:00:00,B3688,1.13,0.0,0.29,47.43,0.6599999999999999,7588.8,8347.68,0.47
2011-08-09 07:00:00,B3688,0.308,0.0,1.98,47.43,-2.6020000000000003,7588.8,8347.68,2.91
2011-08-09 08:00:00,B3688,0.171,0.0,2.59,47.43,-2.7590000000000003,7588.8,8347.68,2.93
2011-08-09 09:00:00,B3688,0.171,0.0,3.01,47.43,-3.099,7588.8,8347.68,3.27
2011-08-09 10:00:00,B3688,0.171,0.0,3.35,47.43,-3.369,7588.8,8347.68,3.54
2011-08-09 11:00:00,B3688,0.171,0.0,3.53,47.43,-3.479,7588.8,8347.68,3.65
2011-08-09 12:00:00,B3688,1.13,0.0,3.56,47.43,-2.5100000000000002,7588.8,8347.68,3.64
2011-08-09 13:00:00,B3688,0.308,0.0,3.44,47.43,-3.222,7588.8,8347.68,3.53
2011-08-09 14:00:00,B3688,0.171,0.0,3.19,47.43,-3.119,7588.8,8347.68,3.29
2011-08-09 15:00:00,B3688,0.171,0.0,2.79,47.43,-2.7190000000000003,7588.8,8347.68,2.89
2011-08-09 16:00:00,B3688,0.171,0.0,2.22,47.43,-2.169,7588.8,8347.68,2.34
2011-08-09 17:00:00,B3688,0.308,0.0,1.49,47.43,-1.272,7588.8,8347.68,1.58
2011-08-09 18:00:00,B3688,1.13,0.0,0.46,47.43,0.6299999999999999,7588.8,8347.68,0.5
2011-08-09 19:00:00,B3688,1.403,0.0,0.0,47.43,1.403,7588.8,8347.68,0.0
2011-08-09 20:00:00,B3688,0.308,0.0,0.0,47.43,0.308,7588.8,8347.68,0.0
2011-08-09 21:00:00,B3688,0.308,0.0,0.0,47.43,0.308,7588.8,8347.68,0.0
2011-08-09 22:00:00,B3688,0.308,0.0,0.0,47.43,0.308,7588.8,8347.68,0.0
2011-08-09 23:00:00,B3688,0.171,0.0,0.0,47.43,0.171,7588.8,8347.68,0.0
2011-08-10 00:00:00,B3688,2.571,2.4,0.0,47.43,2.571,7588.8,8347.68,0.0
2011-08-10 01:00:00,B3688,2.571,2.4,0.0,47.43,2.571,7588.8,8347.68,0.0
2011-08-10 02:00:00,B3688,2.571,2.4,0.0,47.43,2.571,7588.8,8347.68,0.0
2011-08-10 03:00:00,B3688,2.571,2.4,0.0,47.43,2.571,7588.8,8347.68,0.0
2011-08-10 04:00:00,B3688,2.571,2.4,0.0,47.43,2.571,7588.8,8347.68,0.0
2011-08-10 05:00:00,B3688,0.308,0.0,0.0,47.43,0.308,7588.8,8347.68,0.0
2011-08-10 06:00:00,B3688,1.13,0.0,0.41,47.43,0.5499999999999999,7588.8,8347.68,0.58
2011-08-10 07:00:00,B3688,0.308,0.0,1.65,47.43,-1.9919999999999998,7588.8,8347.68,2.3
2011-08-10 08:00:00,B3688,0.171,0.0,2.43,47.43,-2.629,7588.8,8347.68,2.8
2011-08-10 09:00:00,B3688,0.171,0.0,3.0,47.43,-3.119,7588.8,8347.68,3.29
2011-08-10 10:00:00,B3688,0.171,0.0,3.34,47.43,-3.379,7588.8,8347.68,3.55
2011-08-10 11:00:00,B3688,0.171,0.0,3.53,47.43,-3.479,7588.8,8347.68,3.65
2011-08-10 12:00:00,B3688,1.13,0.0,3.57,47.43,-2.5100000000000002,7588.8,8347.68,3.64
2011-08-10 13:00:00,B3688,0.308,0.0,3.46,47.43,-3.242,7588.8,8347.68,3.55
2011-08-10 14:00:00,B3688,0.171,0.0,3.2,47.43,-3.129,7588.8,8347.68,3.3
2011-08-10 15:00:00,B3688,0.171,0.0,2.78,47.43,-2.7190000000000003,7588.8,8347.68,2.89
2011-08-10 16:00:00,B3688,0.171,0.0,2.19,47.43,-2.129,7588.8,8347.68,2.3
2011-08-10 17:00:00,B3688,0.308,0.0,1.45,47.43,-1.232,7588.8,8347.68,1.54
2011-08-10 18:00:00,B3688,1.13,0.0,0.45,47.43,0.6499999999999999,7588.8,8347.68,0.48
2011-08-10 19:00:00,B3688,1.403,0.0,0.0,47.43,1.403,7588.8,8347.68,0.0
2011-08-10 20:00:00,B3688,0.308,0.0,0.0,47.43,0.308,7588.8,8347.68,0.0
2011-08-10 21:00:00,B3688,0.308,0.0,0.0,47.43,0.308,7588.8,8347.68,0.0
2011-08-10 22:00:00,B3688,0.308,0.0,0.0,47.43,0.308,7588.8,8347.68,0.0
2011-08-10 23:00:00,B3688,0.171,0.0,0.0,47.43,0.171,7588.8,8347.68,0.0
2011-08-11 00:00:00,B3688,2.571,2.4,0.0,47.43,2.571,7588.8,8347.68,0.0
2011-08-11 01:00:00,B3688,2.571,2.4,0.0,47.43,2.571,7588.8,8347.68,0.0
2011-08-11 02:00:00,B3688,2.571,2.4,0.0,47.43,2.571,7588.8,8347.68,0.0
2011-08-11 03:00:00,B3688,2.571,2.4,0.0,47.43,2.571,7588.8,8347.68,0.0
2011-08-11 04:00:00,B3688,2.571,2.4,0.0,47.43,2.571,7588.8,8347.68,0.0
2011-08-11 05:00:00,B3688,0.308,0.0,0.0,47.43,0.308,7588.8,8347.68,0.0
2011-08-11 06:00:00,B3688,1.13,0.0,0.36,47.43,0.5999999999999999,7588.8,8347.68,0.53
2011-08-11 07:00:00,B3688,0.308,0.0,1.53,47.43,-1.792,7588.8,8347.68,2.1
2011-08-11 08:00:00,B3688,0.171,0.0,2.27,47.43,-2.479,7588.8,8347.68,2.65
2011-08-11 09:00:00,B3688,0.171,0.0,2.92,47.43,-3.039,7588.8,8347.68,3.21
2011-08-11 10:00:00,B3688,0.171,0.0,3.27,47.43,-3.309,7588.8,8347.68,3.48
2011-08-11 11:00:00,B3688,0.171,0.0,3.49,47.43,-3.439,7588.8,8347.68,3.61
2011-08-11 12:00:00,B3688,1.13,0.0,3.51,47.43,-2.48,7588.8,8347.68,3.61
2011-08-11 13:00:00,B3688,0.308,0.0,3.35,47.43,-3.1620000000000004,7588.8,8347.68,3.47
2011-08-11 14:00:00,B3688,0.171,0.0,3.05,47.43,-3.0090000000000003,7588.8,8347.68,3.18
2011-08-11 15:00:00,B3688,0.171,0.0,2.68,47.43,-2.649,7588.8,8347.68,2.82
2011-08-11 16:00:00,B3688,0.171,0.0,2.12,47.43,-2.079,7588.8,8347.68,2.25
2011-08-11 17:00:00,B3688,0.308,0.0,1.37,47.43,-1.162,7588.8,8347.68,1.47
2011-08-11 18:00:00,B3688,1.13,0.0,0.42,47.43,0.6799999999999999,7588.8,8347.68,0.45
2011-08-11 19:00:00,B3688,1.403,0.0,0.0,47.43,1.403,7588.8,8347.68,0.0
2011-08-11 20:00:00,B3688,0.308,0.0,0.0,47.43,0.308,7588.8,8347.68,0.0
2011-08-11 21:00:00,B3688,0.308,0.0,0.0,47.43,0.308,7588.8,8347.68,0.0
2011-08-11 22:00:00,B3688,0.308,0.0,0.0,47.43,0.308,7588.8,8347.68,0.0
2011-08-11 23:00:00,B3688,0.171,0.0,0.0,47.43,0.171,7588.8,8347.68,0.0
2011-08-12 00:00:00,B3688,2.571,2.4,0.0,47.43,2.571,7588.8,8347.68,0.0
2011-08-12 01:00:00,B3688,2.571,2.4,0.0,47.43,2.571,7588.8,8347.68,0.0
2011-08-12 02:00:00,B3688,2.571,2.4,0.0,47.43,2.571,7588.8,8347.68,0.0
2011-08-12 03:00:00,B3688,2.571,2.4,0.0,47.43,2.571,7588.8,8347.68,0.0
2011-08-12 04:00:00,B3688,2.571,2.4,0.0,47.43,2.571,7588.8,8347.68,0.0
2011-08-12 05:00:00,B3688,0.308,0.0,0.0,47.43,0.308,7588.8,8347.68,0.0
2011-08-12 06:00:00,B3688,1.13,0.0,0.36,47.43,0.6699999999999999,7588.8,8347.68,0.46
2011-08-12 07:00:00,B3688,0.308,0.0,0.79,47.43,-0.6020000000000001,7588.8,8347.68,0.91
2011-08-12 08:00:00,B3688,0.171,0.0,1.33,47.43,-1.4589999999999999,7588.8,8347.68,1.63
2011-08-12 09:00:00,B3688,0.171,0.0,1.8,47.43,-1.9389999999999998,7588.8,8347.68,2.11
2011-08-12 10:00:00,B3688,0.171,0.0,2.0,47.43,-2.099,7588.8,8347.68,2.27
2011-08-12 11:00:00,B3688,0.171,0.0,2.56,47.43,-2.609,7588.8,8347.68,2.78
2011-08-12 12:00:00,B3688,1.13,0.0,3.0,47.43,-2.02,7588.8,8347.68,3.15
2011-08-12 13:00:00,B3688,0.308,0.0,2.66,47.43,-2.492,7588.8,8347.68,2.8
2011-08-12 14:00:00,B3688,0.171,0.0,2.23,47.43,-2.209,7588.8,8347.68,2.38
2011-08-12 15:00:00,B3688,0.171,0.0,1.88,47.43,-1.8589999999999998,7588.8,8347.68,2.03
2011-08-12 16:00:00,B3688,0.171,0.0,1.49,47.43,-1.4589999999999999,7588.8,8347.68,1.63
2011-08-12 17:00:00,B3688,0.308,0.0,0.85,47.43,-0.6120000000000001,7588.8,8347.68,0.92
2011-08-12 18:00:00,B3688,1.13,0.0,0.0,47.43,1.1199999999999999,7588.8,8347.68,0.01
2011-08-12 19:00:00,B3688,1.403,0.0,0.0,47.43,1.403,7588.8,8347.68,0.0
2011-08-12 20:00:00,B3688,0.308,0.0,0.0,47.43,0.308,7588.8,8347.68,0.0
2011-08-12 21:00:00,B3688,0.308,0.0,0.0,47.43,0.308,7588.8,8347.68,0.0
2011-08-12 22:00:00,B3688,0.308,0.0,0.0,47.43,0.308,7588.8,8347.68,0.0
2011-08-12 23:00:00,B3688,0.171,0.0,0.0,47.43,0.171,7588.8,8347.68,0.0
2011-08-13 00:00:00,B3688,0.171,0.0,0.0,47.43,0.171,7588.8,8347.68,0.0
2011-08-13 01:00:00,B3688,0.171,0.0,0.0,47.43,0.171,7588.8,8347.68,0.0
2011-08-13 02:00:00,B3688,0.171,0.0,0.0,47.43,0.171,7588.8,8347.68,0.0
2011-08-13 03:00:00,B3688,0.171,0.0,0.0,47.43,0.171,7588.8,8347.68,0.0
2011-08-13 04:00:00,B3688,0.171,0.0,0.0,47.43,0.171,7588.8,8347.68,0.0
2011-08-13 05:00:00,B3688,0.308,0.0,0.0,47.43,0.308,7588.8,8347.68,0.0
2011-08-13 06:00:00,B3688,1.129,0.0,0.0,47.43,1.129,7588.8,8347.68,0.0
2011-08-13 07:00:00,B3688,0.308,0.0,0.59,47.43,-0.36200000000000004,7588.8,8347.68,0.67
2011-08-13 08:00:00,B3688,2.571,2.4,1.07,47.43,1.2710000000000001,7588.8,8347.68,1.3
2011-08-13 09:00:00,B3688,2.571,2.4,1.59,47.43,0.7110000000000001,7588.8,8347.68,1.86
2011-08-13 10:00:00,B3688,2.571,2.4,1.94,47.43,0.391,7588.8,8347.68,2.18
2011-08-13 11:00:00,B3688,2.571,2.4,2.35,47.43,0.051000000000000156,7588.8,8347.68,2.52
2011-08-13 12:00:00,B3688,3.53,2.4,2.59,47.43,0.7899999999999996,7588.8,8347.68,2.74
2011-08-13 13:00:00,B3688,0.308,0.0,2.48,47.43,-2.342,7588.8,8347.68,2.65
2011-08-13 14:00:00,B3688,0.171,0.0,2.37,47.43,-2.349,7588.8,8347.68,2.52
2011-08-13 15:00:00,B3688,0.171,0.0,2.16,47.43,-2.149,7588.8,8347.68,2.32
2011-08-13 16:00:00,B3688,0.171,0.0,1.77,47.43,-1.7389999999999999,7588.8,8347.68,1.91
2011-08-13 17:00:00,B3688,0.308,0.0,1.22,47.43,-1.002,7588.8,8347.68,1.31
2011-08-13 18:00:00,B3688,1.13,0.0,0.38,47.43,0.72,7588.8,8347.68,0.41
2011-08-13 19:00:00,B3688,1.403,0.0,0.0,47.43,1.403,7588.8,8347.68,0.0
2011-08-13 20:00:00,B3688,0.308,0.0,0.0,47.43,0.308,7588.8,8347.68,0.0
2011-08-13 21:00:00,B3688,0.308,0.0,0.0,47.43,0.308,7588.8,8347.68,0.0
2011-08-13 22:00:00,B3688,0.308,0.0,0.0,47.43,0.308,7588.8,8347.68,0.0
2011-08-13 23:00:00,B3688,0.171,0.0,0.0,47.43,0.171,7588.8,8347.68,0.0
2011-08-14 00:00:00,B3688,0.171,0.0,0.0,47.43,0.171,7588.8,8347.68,0.0
2011-08-14 01:00:00,B3688,0.171,0.0,0.0,47.43,0.171,7588.8,8347.68,0.0
2011-08-14 02:00:00,B3688,0.171,0.0,0.0,47.43,0.171,7588.8,8347.68,0.0
2011-08-14 03:00:00,B3688,0.171,0.0,0.0,47.43,0.171,7588.8,8347.68,0.0
2011-08-14 04:00:00,B3688,0.171,0.0,0.0,47.43,0.171,7588.8,8347.68,0.0
2011-08-14 05:00:00,B3688,0.308,0.0,0.0,47.43,0.308,7588.8,8347.68,0.0
2011-08-14 06:00:00,B3688,1.129,0.0,0.24,47.43,0.7190000000000001,7588.8,8347.68,0.41
2011-08-14 07:00:00,B3688,0.308,0.0,1.9,47.43,-2.5020000000000002,7588.8,8347.68,2.81
2011-08-14 08:00:00,B3688,2.571,2.4,2.5,47.43,-0.23899999999999988,7588.8,8347.68,2.81
2011-08-14 09:00:00,B3688,2.571,2.4,2.89,47.43,-0.5789999999999997,7588.8,8347.68,3.15
2011-08-14 10:00:00,B3688,2.571,2.4,3.2,47.43,-0.819,7588.8,8347.68,3.39
2011-08-14 11:00:00,B3688,2.571,2.4,3.39,47.43,-0.9289999999999998,7588.8,8347.68,3.5
2011-08-14 12:00:00,B3688,3.53,2.4,3.43,47.43,0.029999999999999805,7588.8,8347.68,3.5
2011-08-14 13:00:00,B3688,0.308,0.0,3.32,47.43,-3.092,7588.8,8347.68,3.4
2011-08-14 14:00:00,B3688,0.171,0.0,3.08,47.43,-2.999,7588.8,8347.68,3.17
2011-08-14 15:00:00,B3688,0.171,0.0,2.66,47.43,-2.599,7588.8,8347.68,2.77
2011-08-14 16:00:00,B3688,0.171,0.0,2.1,47.43,-2.039,7588.8,8347.68,2.21
2011-08-14 17:00:00,B3688,0.308,0.0,1.38,47.43,-1.172,7588.8,8347.68,1.48
2011-08-14 18:00:00,B3688,1.13,0.0,0.4,47.43,0.7,7588.8,8347.68,0.43
2011-08-14 19:00:00,B3688,1.403,0.0,0.0,47.43,1.403,7588.8,8347.68,0.0
2011-08-14 20:00:00,B3688,0.308,0.0,0.0,47.43,0.308,7588.8,8347.68,0.0
2011-08-14 21:00:00,B3688,0.308,0.0,0.0,47.43,0.308,7588.8,8347.68,0.0
2011-08-14 22:00:00,B3688,0.308,0.0,0.0,47.43,0.308,7588.8,8347.68,0.0
2011-08-14 23:00:00,B3688,0.171,0.0,0.0,47.43,0.171,7588.8,8347.68,0.0
2011-08-15 00:00:00,B3688,2.571,2.4,0.0,47.43,2.571,7588.8,8347.68,0.0
2011-08-15 01:00:00,B3688,2.571,2.4,0.0,47.43,2.571,7588.8,8347.68,0.0
2011-08-15 02:00:00,B3688,2.571,2.4,0.0,47.43,2.571,7588.8,8347.68,0.0
2011-08-15 03:00:00,B3688,2.571,2.4,0.0,47.43,2.571,7588.8,8347.68,0.0
2011-08-15 04:00:00,B3688,2.571,2.4,0.0,47.43,2.571,7588.8,8347.68,0.0
2011-08-15 05:00:00,B3688,0.308,0.0,0.0,47.43,0.308,7588.8,8347.68,0.0
2011-08-15 06:00:00,B3688,1.13,0.0,0.0,47.43,1.13,7588.8,8347.68,0.0
2011-08-15 07:00:00,B3688,0.308,0.0,1.76,47.43,-2.242,7588.8,8347.68,2.55
2011-08-15 08:00:00,B3688,0.171,0.0,2.43,47.43,-2.599,7588.8,8347.68,2.77
2011-08-15 09:00:00,B3688,0.171,0.0,2.85,47.43,-2.9490000000000003,7588.8,8347.68,3.12
2011-08-15 10:00:00,B3688,0.171,0.0,3.17,47.43,-3.1790000000000003,7588.8,8347.68,3.35
2011-08-15 11:00:00,B3688,0.171,0.0,3.39,47.43,-3.329,7588.8,8347.68,3.5
2011-08-15 12:00:00,B3688,1.13,0.0,3.41,47.43,-2.35,7588.8,8347.68,3.48
2011-08-15 13:00:00,B3688,0.308,0.0,3.32,47.43,-3.092,7588.8,8347.68,3.4
2011-08-15 14:00:00,B3688,0.171,0.0,3.06,47.43,-2.9890000000000003,7588.8,8347.68,3.16
2011-08-15 15:00:00,B3688,0.171,0.0,2.65,47.43,-2.589,7588.8,8347.68,2.76
2011-08-15 16:00:00,B3688,0.171,0.0,2.08,47.43,-2.0290000000000004,7588.8,8347.68,2.2
2011-08-15 17:00:00,B3688,0.308,0.0,1.37,47.43,-1.152,7588.8,8347.68,1.46
2011-08-15 18:00:00,B3688,1.13,0.0,0.38,47.43,0.72,7588.8,8347.68,0.41
2011-08-15 19:00:00,B3688,1.403,0.0,0.0,47.43,1.403,7588.8,8347.68,0.0
2011-08-15 20:00:00,B3688,0.308,0.0,0.0,47.43,0.308,7588.8,8347.68,0.0
2011-08-15 21:00:00,B3688,0.308,0.0,0.0,47.43,0.308,7588.8,8347.68,0.0
2011-08-15 22:00:00,B3688,0.308,0.0,0.0,47.43,0.308,7588.8,8347.68,0.0
2011-08-15 23:00:00,B3688,0.171,0.0,0.0,47.43,0.171,7588.8,8347.68,0.0
2011-08-16 00:00:00,B3688,2.571,2.4,0.0,47.43,2.571,7588.8,8347.68,0.0
2011-08-16 01:00:00,B3688,2.571,2.4,0.0,47.43,2.571,7588.8,8347.68,0.0
2011-08-16 02:00:00,B3688,2.571,2.4,0.0,47.43,2.571,7588.8,8347.68,0.0
2011-08-16 03:00:00,B3688,2.571,2.4,0.0,47.43,2.571,7588.8,8347.68,0.0
2011-08-16 04:00:00,B3688,2.571,2.4,0.0,47.43,2.571,7588.8,8347.68,0.0
2011-08-16 05:00:00,B3688,0.308,0.0,0.0,47.43,0.308,7588.8,8347.68,0.0
2011-08-16 06:00:00,B3688,1.13,0.0,0.0,47.43,1.13,7588.8,8347.68,0.0
2011-08-16 07:00:00,B3688,0.308,0.0,1.83,47.43,-2.3920000000000003,7588.8,8347.68,2.7
2011-08-16 08:00:00,B3688,0.171,0.0,2.32,47.43,-2.4490000000000003,7588.8,8347.68,2.62
2011-08-16 09:00:00,B3688,0.171,0.0,2.68,47.43,-2.7790000000000004,7588.8,8347.68,2.95
2011-08-16 10:00:00,B3688,0.171,0.0,3.03,47.43,-3.059,7588.8,8347.68,3.23
2011-08-16 11:00:00,B3688,0.171,0.0,3.27,47.43,-3.2190000000000003,7588.8,8347.68,3.39
2011-08-16 12:00:00,B3688,1.13,0.0,3.34,47.43,-2.3000000000000003,7588.8,8347.68,3.43
2011-08-16 13:00:00,B3688,0.308,0.0,3.29,47.43,-3.072,7588.8,8347.68,3.38
2011-08-16 14:00:00,B3688,0.171,0.0,3.03,47.43,-2.9490000000000003,7588.8,8347.68,3.12
2011-08-16 15:00:00,B3688,0.171,0.0,2.61,47.43,-2.5490000000000004,7588.8,8347.68,2.72
2011-08-16 16:00:00,B3688,0.171,0.0,2.03,47.43,-1.9789999999999999,7588.8,8347.68,2.15
2011-08-16 17:00:00,B3688,0.308,0.0,1.32,47.43,-1.1019999999999999,7588.8,8347.68,1.41
2011-08-16 18:00:00,B3688,1.13,0.0,0.36,47.43,0.7399999999999999,7588.8,8347.68,0.39
2011-08-16 19:00:00,B3688,1.403,0.0,0.0,47.43,1.403,7588.8,8347.68,0.0
2011-08-16 20:00:00,B3688,0.308,0.0,0.0,47.43,0.308,7588.8,8347.68,0.0
2011-08-16 21:00:00,B3688,0.308,0.0,0.0,47.43,0.308,7588.8,8347.68,0.0
2011-08-16 22:00:00,B3688,0.308,0.0,0.0,47.43,0.308,7588.8,8347.68,0.0
2011-08-16 23:00:00,B3688,0.171,0.0,0.0,47.43,0.171,7588.8,8347.68,0.0
2011-08-17 00:00:00,B3688,2.571,2.4,0.0,47.43,2.571,7588.8,8347.68,0.0
2011-08-17 01:00:00,B3688,2.571,2.4,0.0,47.43,2.571,7588.8,8347.68,0.0
2011-08-17 02:00:00,B3688,2.571,2.4,0.0,47.43,2.571,7588.8,8347.68,0.0
2011-08-17 03:00:00,B3688,2.571,2.4,0.0,47.43,2.571,7588.8,8347.68,0.0
2011-08-17 04:00:00,B3688,2.571,2.4,0.0,47.43,2.571,7588.8,8347.68,0.0
2011-08-17 05:00:00,B3688,0.308,0.0,0.0,47.43,0.308,7588.8,8347.68,0.0
2011-08-17 06:00:00,B3688,1.13,0.0,0.0,47.43,1.13,7588.8,8347.68,0.0
2011-08-17 07:00:00,B3688,0.308,0.0,1.71,47.43,-2.192,7588.8,8347.68,2.5
2011-08-17 08:00:00,B3688,0.171,0.0,2.19,47.43,-2.339,7588.8,8347.68,2.51
2011-08-17 09:00:00,B3688,0.171,0.0,2.67,47.43,-2.7590000000000003,7588.8,8347.68,2.93
2011-08-17 10:00:00,B3688,0.171,0.0,3.03,47.43,-3.059,7588.8,8347.68,3.23
2011-08-17 11:00:00,B3688,0.171,0.0,3.26,47.43,-3.1990000000000003,7588.8,8347.68,3.37
2011-08-17 12:00:00,B3688,1.13,0.0,3.31,47.43,-2.25,7588.8,8347.68,3.38
2011-08-17 13:00:00,B3688,0.308,0.0,3.21,47.43,-2.982,7588.8,8347.68,3.29
2011-08-17 14:00:00,B3688,0.171,0.0,2.95,47.43,-2.869,7588.8,8347.68,3.04
2011-08-17 15:00:00,B3688,0.171,0.0,2.51,47.43,-2.4490000000000003,7588.8,8347.68,2.62
2011-08-17 16:00:00,B3688,0.171,0.0,1.95,47.43,-1.8989999999999998,7588.8,8347.68,2.07
2011-08-17 17:00:00,B3688,0.308,0.0,1.24,47.43,-1.022,7588.8,8347.68,1.33
2011-08-17 18:00:00,B3688,1.13,0.0,0.33,47.43,0.7799999999999999,7588.8,8347.68,0.35
2011-08-17 19:00:00,B3688,1.403,0.0,0.0,47.43,1.403,7588.8,8347.68,0.0
2011-08-17 20:00:00,B3688,0.308,0.0,0.0,47.43,0.308,7588.8,8347.68,0.0
2011-08-17 21:00:00,B3688,0.308,0.0,0.0,47.43,0.308,7588.8,8347.68,0.0
2011-08-17 22:00:00,B3688,0.308,0.0,0.0,47.43,0.308,7588.8,8347.68,0.0
2011-08-17 23:00:00,B3688,0.171,0.0,0.0,47.43,0.171,7588.8,8347.68,0.0
2011-08-18 00:00:00,B3688,2.571,2.4,0.0,47.43,2.571,7588.8,8347.68,0.0
2011-08-18 01:00:00,B3688,2.571,2.4,0.0,47.43,2.571,7588.8,8347.68,0.0
2011-08-18 02:00:00,B3688,2.571,2.4,0.0,47.43,2.571,7588.8,8347.68,0.0
2011-08-18 03:00:00,B3688,2.571,2.4,0.0,47.43,2.571,7588.8,8347.68,0.0
2011-08-18 04:00:00,B3688,2.571,2.4,0.0,47.43,2.571,7588.8,8347.68,0.0
2011-08-18 05:00:00,B3688,0.308,0.0,0.0,47.43,0.308,7588.8,8347.68,0.0
2011-08-18 06:00:00,B3688,1.13,0.0,0.0,47.43,1.13,7588.8,8347.68,0.0
2011-08-18 07:00:00,B3688,0.308,0.0,1.27,47.43,-1.452,7588.8,8347.68,1.76
2011-08-18 08:00:00,B3688,0.171,0.0,1.91,47.43,-2.089,7588.8,8347.68,2.26
2011-08-18 09:00:00,B3688,0.171,0.0,2.42,47.43,-2.5690000000000004,7588.8,8347.68,2.74
2011-08-18 10:00:00,B3688,0.171,0.0,2.71,47.43,-2.809,7588.8,8347.68,2.98
2011-08-18 11:00:00,B3688,0.171,0.0,2.77,47.43,-2.7990000000000004,7588.8,8347.68,2.97
2011-08-18 12:00:00,B3688,1.13,0.0,2.88,47.43,-1.9100000000000001,7588.8,8347.68,3.04
2011-08-18 13:00:00,B3688,0.308,0.0,2.92,47.43,-2.762,7588.8,8347.68,3.07
2011-08-18 14:00:00,B3688,0.171,0.0,2.6,47.43,-2.5690000000000004,7588.8,8347.68,2.74
2011-08-18 15:00:00,B3688,0.171,0.0,2.23,47.43,-2.1990000000000003,7588.8,8347.68,2.37
2011-08-18 16:00:00,B3688,0.171,0.0,1.74,47.43,-1.699,7588.8,8347.68,1.87
2011-08-18 17:00:00,B3688,0.308,0.0,1.13,47.43,-0.9219999999999999,7588.8,8347.68,1.23
2011-08-18 18:00:00,B3688,1.13,0.0,0.16,47.43,0.95,7588.8,8347.68,0.18
2011-08-18 19:00:00,B3688,1.403,0.0,0.0,47.43,1.403,7588.8,8347.68,0.0
2011-08-18 20:00:00,B3688,0.308,0.0,0.0,47.43,0.308,7588.8,8347.68,0.0
2011-08-18 21:00:00,B3688,0.308,0.0,0.0,47.43,0.308,7588.8,8347.68,0.0
2011-08-18 22:00:00,B3688,0.308,0.0,0.0,47.43,0.308,7588.8,8347.68,0.0
2011-08-18 23:00:00,B3688,0.171,0.0,0.0,47.43,0.171,7588.8,8347.68,0.0
2011-08-19 00:00:00,B3688,2.571,2.4,0.0,47.43,2.571,7588.8,8347.68,0.0
2011-08-19 01:00:00,B3688,2.571,2.4,0.0,47.43,2.571,7588.8,8347.68,0.0
2011-08-19 02:00:00,B3688,2.571,2.4,0.0,47.43,2.571,7588.8,8347.68,0.0
2011-08-19 03:00:00,B3688,2.571,2.4,0.0,47.43,2.571,7588.8,8347.68,0.0
2011-08-19 04:00:00,B3688,2.571,2.4,0.0,47.43,2.571,7588.8,8347.68,0.0
2011-08-19 05:00:00,B3688,0.308,0.0,0.0,47.43,0.308,7588.8,8347.68,0.0
2011-08-19 06:00:00,B3688,1.13,0.0,0.0,47.43,1.13,7588.8,8347.68,0.0
2011-08-19 07:00:00,B3688,0.308,0.0,1.15,47.43,-1.262,7588.8,8347.68,1.57
2011-08-19 08:00:00,B3688,0.171,0.0,1.78,47.43,-1.9789999999999999,7588.8,8347.68,2.15
2011-08-19 09:00:00,B3688,0.171,0.0,2.3,47.43,-2.4490000000000003,7588.8,8347.68,2.62
2011-08-19 10:00:00,B3688,0.171,0.0,2.83,47.43,-2.8890000000000002,7588.8,8347.68,3.06
2011-08-19 11:00:00,B3688,0.171,0.0,3.2,47.43,-3.1590000000000003,7588.8,8347.68,3.33
2011-08-19 12:00:00,B3688,1.13,0.0,3.24,47.43,-2.19,7588.8,8347.68,3.32
2011-08-19 13:00:00,B3688,0.308,0.0,3.16,47.43,-2.942,7588.8,8347.68,3.25
2011-08-19 14:00:00,B3688,0.171,0.0,2.89,47.43,-2.8190000000000004,7588.8,8347.68,2.99
2011-08-19 15:00:00,B3688,0.171,0.0,2.47,47.43,-2.419,7588.8,8347.68,2.59
2011-08-19 16:00:00,B3688,0.171,0.0,1.9,47.43,-1.8589999999999998,7588.8,8347.68,2.03
2011-08-19 17:00:00,B3688,0.308,0.0,1.23,47.43,-1.022,7588.8,8347.68,1.33
2011-08-19 18:00:00,B3688,1.13,0.0,0.33,47.43,0.7799999999999999,7588.8,8347.68,0.35
2011-08-19 19:00:00,B3688,1.403,0.0,0.0,47.43,1.403,7588.8,8347.68,0.0
2011-08-19 20:00:00,B3688,0.308,0.0,0.0,47.43,0.308,7588.8,8347.68,0.0
2011-08-19 21:00:00,B3688,0.308,0.0,0.0,47.43,0.308,7588.8,8347.68,0.0
2011-08-19 22:00:00,B3688,0.308,0.0,0.0,47.43,0.308,7588.8,8347.68,0.0
2011-08-19 23:00:00,B3688,0.171,0.0,0.0,47.43,0.171,7588.8,8347.68,0.0
2011-08-20 00:00:00,B3688,0.171,0.0,0.0,47.43,0.171,7588.8,8347.68,0.0
2011-08-20 01:00:00,B3688,0.171,0.0,0.0,47.43,0.171,7588.8,8347.68,0.0
2011-08-20 02:00:00,B3688,0.171,0.0,0.0,47.43,0.171,7588.8,8347.68,0.0
2011-08-20 03:00:00,B3688,0.171,0.0,0.0,47.43,0.171,7588.8,8347.68,0.0
2011-08-20 04:00:00,B3688,0.171,0.0,0.0,47.43,0.171,7588.8,8347.68,0.0
2011-08-20 05:00:00,B3688,0.308,0.0,0.0,47.43,0.308,7588.8,8347.68,0.0
2011-08-20 06:00:00,B3688,1.129,0.0,0.0,47.43,1.129,7588.8,8347.68,0.0
2011-08-20 07:00:00,B3688,0.308,0.0,1.45,47.43,-1.7219999999999998,7588.8,8347.68,2.03
2011-08-20 08:00:00,B3688,2.571,2.4,2.07,47.43,0.121,7588.8,8347.68,2.45
2011-08-20 09:00:00,B3688,2.571,2.4,2.57,47.43,-0.3089999999999997,7588.8,8347.68,2.88
2011-08-20 10:00:00,B3688,2.571,2.4,2.95,47.43,-0.5989999999999998,7588.8,8347.68,3.17
2011-08-20 11:00:00,B3688,2.571,2.4,3.11,47.43,-0.669,7588.8,8347.68,3.24
2011-08-20 12:00:00,B3688,3.53,2.4,3.17,47.43,0.2799999999999998,7588.8,8347.68,3.25
2011-08-20 13:00:00,B3688,0.308,0.0,3.11,47.43,-2.8920000000000003,7588.8,8347.68,3.2
2011-08-20 14:00:00,B3688,0.171,0.0,2.86,47.43,-2.789,7588.8,8347.68,2.96
2011-08-20 15:00:00,B3688,0.171,0.0,2.44,47.43,-2.379,7588.8,8347.68,2.55
2011-08-20 16:00:00,B3688,0.171,0.0,1.87,47.43,-1.819,7588.8,8347.68,1.99
2011-08-20 17:00:00,B3688,0.308,0.0,1.16,47.43,-0.952,7588.8,8347.68,1.26
2011-08-20 18:00:00,B3688,1.13,0.0,0.15,47.43,0.9599999999999999,7588.8,8347.68,0.17
2011-08-20 19:00:00,B3688,1.403,0.0,0.0,47.43,1.403,7588.8,8347.68,0.0
2011-08-20 20:00:00,B3688,0.308,0.0,0.0,47.43,0.308,7588.8,8347.68,0.0
2011-08-20 21:00:00,B3688,0.308,0.0,0.0,47.43,0.308,7588.8,8347.68,0.0
2011-08-20 22:00:00,B3688,0.308,0.0,0.0,47.43,0.308,7588.8,8347.68,0.0
2011-08-20 23:00:00,B3688,0.171,0.0,0.0,47.43,0.171,7588.8,8347.68,0.0
2011-08-21 00:00:00,B3688,0.171,0.0,0.0,47.43,0.171,7588.8,8347.68,0.0
2011-08-21 01:00:00,B3688,0.171,0.0,0.0,47.43,0.171,7588.8,8347.68,0.0
2011-08-21 02:00:00,B3688,0.171,0.0,0.0,47.43,0.171,7588.8,8347.68,0.0
2011-08-21 03:00:00,B3688,0.171,0.0,0.0,47.43,0.171,7588.8,8347.68,0.0
2011-08-21 04:00:00,B3688,0.171,0.0,0.0,47.43,0.171,7588.8,8347.68,0.0
2011-08-21 05:00:00,B3688,0.308,0.0,0.0,47.43,0.308,7588.8,8347.68,0.0
2011-08-21 06:00:00,B3688,1.129,0.0,0.0,47.43,1.129,7588.8,8347.68,0.0
2011-08-21 07:00:00,B3688,0.308,0.0,0.43,47.43,-0.122,7588.8,8347.68,0.43
2011-08-21 08:00:00,B3688,2.571,2.4,0.72,47.43,1.7610000000000001,7588.8,8347.68,0.81
2011-08-21 09:00:00,B3688,2.571,2.4,0.85,47.43,1.6310000000000002,7588.8,8347.68,0.94
2011-08-21 10:00:00,B3688,2.571,2.4,0.96,47.43,1.481,7588.8,8347.68,1.09
2011-08-21 11:00:00,B3688,2.571,2.4,1.2,47.43,1.231,7588.8,8347.68,1.34
2011-08-21 12:00:00,B3688,3.53,2.4,1.42,47.43,1.9799999999999998,7588.8,8347.68,1.55
2011-08-21 13:00:00,B3688,0.308,0.0,1.54,47.43,-1.3619999999999999,7588.8,8347.68,1.67
2011-08-21 14:00:00,B3688,0.171,0.0,1.59,47.43,-1.559,7588.8,8347.68,1.73
2011-08-21 15:00:00,B3688,0.171,0.0,1.36,47.43,-1.329,7588.8,8347.68,1.5
2011-08-21 16:00:00,B3688,0.171,0.0,0.73,47.43,-0.599,7588.8,8347.68,0.77
2011-08-21 17:00:00,B3688,0.308,0.0,0.0,47.43,0.308,7588.8,8347.68,0.0
2011-08-21 18:00:00,B3688,1.13,0.0,0.0,47.43,1.13,7588.8,8347.68,0.0
2011-08-21 19:00:00,B3688,1.403,0.0,0.0,47.43,1.403,7588.8,8347.68,0.0
2011-08-21 20:00:00,B3688,0.308,0.0,0.0,47.43,0.308,7588.8,8347.68,0.0
2011-08-21 21:00:00,B3688,0.308,0.0,0.0,47.43,0.308,7588.8,8347.68,0.0
2011-08-21 22:00:00,B3688,0.308,0.0,0.0,47.43,0.308,7588.8,8347.68,0.0
2011-08-21 23:00:00,B3688,0.171,0.0,0.0,47.43,0.171,7588.8,8347.68,0.0
2011-08-22 00:00:00,B3688,2.571,2.4,0.0,47.43,2.571,7588.8,8347.68,0.0
2011-08-22 01:00:00,B3688,2.571,2.4,0.0,47.43,2.571,7588.8,8347.68,0.0
2011-08-22 02:00:00,B3688,2.571,2.4,0.0,47.43,2.571,7588.8,8347.68,0.0
2011-08-22 03:00:00,B3688,2.571,2.4,0.0,47.43,2.571,7588.8,8347.68,0.0
2011-08-22 04:00:00,B3688,2.571,2.4,0.0,47.43,2.571,7588.8,8347.68,0.0
2011-08-22 05:00:00,B3688,0.308,0.0,0.0,47.43,0.308,7588.8,8347.68,0.0
2011-08-22 06:00:00,B3688,1.13,0.0,0.0,47.43,1.13,7588.8,8347.68,0.0
2011-08-22 07:00:00,B3688,0.308,0.0,0.72,47.43,-0.6419999999999999,7588.8,8347.68,0.95
2011-08-22 08:00:00,B3688,0.171,0.0,1.32,47.43,-1.439,7588.8,8347.68,1.61
2011-08-22 09:00:00,B3688,0.171,0.0,1.98,47.43,-2.109,7588.8,8347.68,2.28
2011-08-22 10:00:00,B3688,0.171,0.0,2.49,47.43,-2.5290000000000004,7588.8,8347.68,2.7
2011-08-22 11:00:00,B3688,0.171,0.0,2.81,47.43,-2.7590000000000003,7588.8,8347.68,2.93
2011-08-22 12:00:00,B3688,1.13,0.0,3.04,47.43,-2.0,7588.8,8347.68,3.13
2011-08-22 13:00:00,B3688,0.308,0.0,3.03,47.43,-2.8120000000000003,7588.8,8347.68,3.12
2011-08-22 14:00:00,B3688,0.171,0.0,2.8,47.43,-2.7390000000000003,7588.8,8347.68,2.91
2011-08-22 15:00:00,B3688,0.171,0.0,2.39,47.43,-2.329,7588.8,8347.68,2.5
2011-08-22 16:00:00,B3688,0.171,0.0,1.81,47.43,-1.769,7588.8,8347.68,1.94
2011-08-22 17:00:00,B3688,0.308,0.0,1.08,47.43,-0.8619999999999999,7588.8,8347.68,1.17
2011-08-22 18:00:00,B3688,1.13,0.0,0.0,47.43,1.1099999999999999,7588.8,8347.68,0.02
2011-08-22 19:00:00,B3688,1.403,0.0,0.0,47.43,1.403,7588.8,8347.68,0.0
2011-08-22 20:00:00,B3688,0.308,0.0,0.0,47.43,0.308,7588.8,8347.68,0.0
2011-08-22 21:00:00,B3688,0.308,0.0,0.0,47.43,0.308,7588.8,8347.68,0.0
2011-08-22 22:00:00,B3688,0.308,0.0,0.0,47.43,0.308,7588.8,8347.68,0.0
2011-08-22 23:00:00,B3688,0.171,0.0,0.0,47.43,0.171,7588.8,8347.68,0.0
2011-08-23 00:00:00,B3688,2.571,2.4,0.0,47.43,2.571,7588.8,8347.68,0.0
2011-08-23 01:00:00,B3688,2.571,2.4,0.0,47.43,2.571,7588.8,8347.68,0.0
2011-08-23 02:00:00,B3688,2.571,2.4,0.0,47.43,2.571,7588.8,8347.68,0.0
2011-08-23 03:00:00,B3688,2.571,2.4,0.0,47.43,2.571,7588.8,8347.68,0.0
2011-08-23 04:00:00,B3688,2.571,2.4,0.0,47.43,2.571,7588.8,8347.68,0.0
2011-08-23 05:00:00,B3688,0.308,0.0,0.0,47.43,0.308,7588.8,8347.68,0.0
2011-08-23 06:00:00,B3688,1.13,0.0,0.0,47.43,1.13,7588.8,8347.68,0.0
2011-08-23 07:00:00,B3688,0.308,0.0,1.6,47.43,-2.032,7588.8,8347.68,2.34
2011-08-23 08:00:00,B3688,0.171,0.0,2.2,47.43,-2.339,7588.8,8347.68,2.51
2011-08-23 09:00:00,B3688,0.171,0.0,2.66,47.43,-2.729,7588.8,8347.68,2.9
2011-08-23 10:00:00,B3688,0.171,0.0,2.98,47.43,-2.9890000000000003,7588.8,8347.68,3.16
2011-08-23 11:00:00,B3688,0.171,0.0,3.16,47.43,-3.089,7588.8,8347.68,3.26
2011-08-23 12:00:00,B3688,1.13,0.0,3.23,47.43,-2.17,7588.8,8347.68,3.3
2011-08-23 13:00:00,B3688,0.308,0.0,3.12,47.43,-2.8920000000000003,7588.8,8347.68,3.2
2011-08-23 14:00:00,B3688,0.171,0.0,2.85,47.43,-2.769,7588.8,8347.68,2.94
2011-08-23 15:00:00,B3688,0.171,0.0,2.47,47.43,-2.4090000000000003,7588.8,8347.68,2.58
2011-08-23 16:00:00,B3688,0.171,0.0,1.91,47.43,-1.8589999999999998,7588.8,8347.68,2.03
2011-08-23 17:00:00,B3688,0.308,0.0,1.19,47.43,-0.982,7588.8,8347.68,1.29
2011-08-23 18:00:00,B3688,1.13,0.0,0.15,47.43,0.9599999999999999,7588.8,8347.68,0.17
2011-08-23 19:00:00,B3688,1.403,0.0,0.0,47.43,1.403,7588.8,8347.68,0.0
2011-08-23 20:00:00,B3688,0.308,0.0,0.0,47.43,0.308,7588.8,8347.68,0.0
2011-08-23 21:00:00,B3688,0.308,0.0,0.0,47.43,0.308,7588.8,8347.68,0.0
2011-08-23 22:00:00,B3688,0.308,0.0,0.0,47.43,0.308,7588.8,8347.68,0.0
2011-08-23 23:00:00,B3688,0.171,0.0,0.0,47.43,0.171,7588.8,8347.68,0.0
2011-08-24 00:00:00,B3688,2.571,2.4,0.0,47.43,2.571,7588.8,8347.68,0.0
2011-08-24 01:00:00,B3688,2.571,2.4,0.0,47.43,2.571,7588.8,8347.68,0.0
2011-08-24 02:00:00,B3688,2.571,2.4,0.0,47.43,2.571,7588.8,8347.68,0.0
2011-08-24 03:00:00,B3688,2.571,2.4,0.0,47.43,2.571,7588.8,8347.68,0.0
2011-08-24 04:00:00,B3688,2.571,2.4,0.0,47.43,2.571,7588.8,8347.68,0.0
2011-08-24 05:00:00,B3688,0.308,0.0,0.0,47.43,0.308,7588.8,8347.68,0.0
2011-08-24 06:00:00,B3688,1.13,0.0,0.0,47.43,1.13,7588.8,8347.68,0.0
2011-08-24 07:00:00,B3688,0.308,0.0,1.53,47.43,-1.9320000000000002,7588.8,8347.68,2.24
2011-08-24 08:00:00,B3688,0.171,0.0,2.1,47.43,-2.229,7588.8,8347.68,2.4
2011-08-24 09:00:00,B3688,0.171,0.0,2.54,47.43,-2.609,7588.8,8347.68,2.78
2011-08-24 10:00:00,B3688,0.171,0.0,2.83,47.43,-2.839,7588.8,8347.68,3.01
2011-08-24 11:00:00,B3688,0.171,0.0,3.02,47.43,-2.9490000000000003,7588.8,8347.68,3.12
2011-08-24 12:00:00,B3688,1.13,0.0,3.09,47.43,-2.0300000000000002,7588.8,8347.68,3.16
2011-08-24 13:00:00,B3688,0.308,0.0,2.98,47.43,-2.7520000000000002,7588.8,8347.68,3.06
2011-08-24 14:00:00,B3688,0.171,0.0,2.71,47.43,-2.629,7588.8,8347.68,2.8
2011-08-24 15:00:00,B3688,0.171,0.0,2.34,47.43,-2.2790000000000004,7588.8,8347.68,2.45
2011-08-24 16:00:00,B3688,0.171,0.0,1.79,47.43,-1.7289999999999999,7588.8,8347.68,1.9
2011-08-24 17:00:00,B3688,0.308,0.0,1.08,47.43,-0.8719999999999999,7588.8,8347.68,1.18
2011-08-24 18:00:00,B3688,1.13,0.0,0.0,47.43,1.1099999999999999,7588.8,8347.68,0.02
2011-08-24 19:00:00,B3688,1.403,0.0,0.0,47.43,1.403,7588.8,8347.68,0.0
2011-08-24 20:00:00,B3688,0.308,0.0,0.0,47.43,0.308,7588.8,8347.68,0.0
2011-08-24 21:00:00,B3688,0.308,0.0,0.0,47.43,0.308,7588.8,8347.68,0.0
2011-08-24 22:00:00,B3688,0.308,0.0,0.0,47.43,0.308,7588.8,8347.68,0.0
2011-08-24 23:00:00,B3688,0.171,0.0,0.0,47.43,0.171,7588.8,8347.68,0.0
2011-08-25 00:00:00,B3688,2.571,2.4,0.0,47.43,2.571,7588.8,8347.68,0.0
2011-08-25 01:00:00,B3688,2.571,2.4,0.0,47.43,2.571,7588.8,8347.68,0.0
2011-08-25 02:00:00,B3688,2.571,2.4,0.0,47.43,2.571,7588.8,8347.68,0.0
2011-08-25 03:00:00,B3688,2.571,2.4,0.0,47.43,2.571,7588.8,8347.68,0.0
2011-08-25 04:00:00,B3688,2.571,2.4,0.0,47.43,2.571,7588.8,8347.68,0.0
2011-08-25 05:00:00,B3688,0.308,0.0,0.0,47.43,0.308,7588.8,8347.68,0.0
2011-08-25 06:00:00,B3688,1.13,0.0,0.0,47.43,1.13,7588.8,8347.68,0.0
2011-08-25 07:00:00,B3688,0.308,0.0,1.45,47.43,-1.812,7588.8,8347.68,2.12
2011-08-25 08:00:00,B3688,0.171,0.0,2.03,47.43,-2.1590000000000003,7588.8,8347.68,2.33
2011-08-25 09:00:00,B3688,0.171,0.0,2.47,47.43,-2.539,7588.8,8347.68,2.71
2011-08-25 10:00:00,B3688,0.171,0.0,2.78,47.43,-2.7790000000000004,7588.8,8347.68,2.95
2011-08-25 11:00:00,B3688,0.171,0.0,2.97,47.43,-2.8890000000000002,7588.8,8347.68,3.06
2011-08-25 12:00:00,B3688,1.13,0.0,3.05,47.43,-1.9900000000000002,7588.8,8347.68,3.12
2011-08-25 13:00:00,B3688,0.308,0.0,2.95,47.43,-2.722,7588.8,8347.68,3.03
2011-08-25 14:00:00,B3688,0.171,0.0,2.7,47.43,-2.619,7588.8,8347.68,2.79
2011-08-25 15:00:00,B3688,0.171,0.0,2.29,47.43,-2.229,7588.8,8347.68,2.4
2011-08-25 16:00:00,B3688,0.171,0.0,1.74,47.43,-1.689,7588.8,8347.68,1.86
2011-08-25 17:00:00,B3688,0.308,0.0,1.07,47.43,-0.8519999999999999,7588.8,8347.68,1.16
2011-08-25 18:00:00,B3688,1.13,0.0,0.0,47.43,1.1099999999999999,7588.8,8347.68,0.02
2011-08-25 19:00:00,B3688,1.403,0.0,0.0,47.43,1.403,7588.8,8347.68,0.0
2011-08-25 20:00:00,B3688,0.308,0.0,0.0,47.43,0.308,7588.8,8347.68,0.0
2011-08-25 21:00:00,B3688,0.308,0.0,0.0,47.43,0.308,7588.8,8347.68,0.0
2011-08-25 22:00:00,B3688,0.308,0.0,0.0,47.43,0.308,7588.8,8347.68,0.0
2011-08-25 23:00:00,B3688,0.171,0.0,0.0,47.43,0.171,7588.8,8347.68,0.0
2011-08-26 00:00:00,B3688,2.571,2.4,0.0,47.43,2.571,7588.8,8347.68,0.0
2011-08-26 01:00:00,B3688,2.571,2.4,0.0,47.43,2.571,7588.8,8347.68,0.0
2011-08-26 02:00:00,B3688,2.571,2.4,0.0,47.43,2.571,7588.8,8347.68,0.0
2011-08-26 03:00:00,B3688,2.571,2.4,0.0,47.43,2.571,7588.8,8347.68,0.0
2011-08-26 04:00:00,B3688,2.571,2.4,0.0,47.43,2.571,7588.8,8347.68,0.0
2011-08-26 05:00:00,B3688,0.308,0.0,0.0,47.43,0.308,7588.8,8347.68,0.0
2011-08-26 06:00:00,B3688,1.13,0.0,0.0,47.43,1.13,7588.8,8347.68,0.0
2011-08-26 07:00:00,B3688,0.308,0.0,1.47,47.43,-1.8219999999999998,7588.8,8347.68,2.13
2011-08-26 08:00:00,B3688,0.171,0.0,2.04,47.43,-2.169,7588.8,8347.68,2.34
2011-08-26 09:00:00,B3688,0.171,0.0,2.49,47.43,-2.559,7588.8,8347.68,2.73
2011-08-26 10:00:00,B3688,0.171,0.0,2.8,47.43,-2.7990000000000004,7588.8,8347.68,2.97
2011-08-26 11:00:00,B3688,0.171,0.0,3.01,47.43,-2.9290000000000003,7588.8,8347.68,3.1
2011-08-26 12:00:00,B3688,1.13,0.0,3.06,47.43,-2.0,7588.8,8347.68,3.13
2011-08-26 13:00:00,B3688,0.308,0.0,2.97,47.43,-2.742,7588.8,8347.68,3.05
2011-08-26 14:00:00,B3688,0.171,0.0,2.71,47.43,-2.6390000000000002,7588.8,8347.68,2.81
2011-08-26 15:00:00,B3688,0.171,0.0,2.32,47.43,-2.249,7588.8,8347.68,2.42
2011-08-26 16:00:00,B3688,0.171,0.0,1.77,47.43,-1.7189999999999999,7588.8,8347.68,1.89
2011-08-26 17:00:00,B3688,0.308,0.0,1.06,47.43,-0.8519999999999999,7588.8,8347.68,1.16
2011-08-26 18:00:00,B3688,1.13,0.0,0.0,47.43,1.1099999999999999,7588.8,8347.68,0.02
2011-08-26 19:00:00,B3688,1.403,0.0,0.0,47.43,1.403,7588.8,8347.68,0.0
2011-08-26 20:00:00,B3688,0.308,0.0,0.0,47.43,0.308,7588.8,8347.68,0.0
2011-08-26 21:00:00,B3688,0.308,0.0,0.0,47.43,0.308,7588.8,8347.68,0.0
2011-08-26 22:00:00,B3688,0.308,0.0,0.0,47.43,0.308,7588.8,8347.68,0.0
2011-08-26 23:00:00,B3688,0.171,0.0,0.0,47.43,0.171,7588.8,8347.68,0.0
2011-08-27 00:00:00,B3688,0.171,0.0,0.0,47.43,0.171,7588.8,8347.68,0.0
2011-08-27 01:00:00,B3688,0.171,0.0,0.0,47.43,0.171,7588.8,8347.68,0.0
2011-08-27 02:00:00,B3688,0.171,0.0,0.0,47.43,0.171,7588.8,8347.68,0.0
2011-08-27 03:00:00,B3688,0.171,0.0,0.0,47.43,0.171,7588.8,8347.68,0.0
2011-08-27 04:00:00,B3688,0.171,0.0,0.0,47.43,0.171,7588.8,8347.68,0.0
2011-08-27 05:00:00,B3688,0.308,0.0,0.0,47.43,0.308,7588.8,8347.68,0.0
2011-08-27 06:00:00,B3688,1.129,0.0,0.0,47.43,1.129,7588.8,8347.68,0.0
2011-08-27 07:00:00,B3688,0.308,0.0,1.32,47.43,-1.5719999999999998,7588.8,8347.68,1.88
2011-08-27 08:00:00,B3688,2.571,2.4,1.9,47.43,0.3610000000000002,7588.8,8347.68,2.21
2011-08-27 09:00:00,B3688,2.571,2.4,2.38,47.43,-0.05899999999999972,7588.8,8347.68,2.63
2011-08-27 10:00:00,B3688,2.571,2.4,2.66,47.43,-0.2789999999999999,7588.8,8347.68,2.85
2011-08-27 11:00:00,B3688,2.571,2.4,2.86,47.43,-0.399,7588.8,8347.68,2.97
2011-08-27 12:00:00,B3688,3.53,2.4,2.99,47.43,0.45999999999999996,7588.8,8347.68,3.07
2011-08-27 13:00:00,B3688,0.308,0.0,2.91,47.43,-2.692,7588.8,8347.68,3.0
2011-08-27 14:00:00,B3688,0.171,0.0,2.63,47.43,-2.559,7588.8,8347.68,2.73
2011-08-27 15:00:00,B3688,0.171,0.0,2.22,47.43,-2.1590000000000003,7588.8,8347.68,2.33
2011-08-27 16:00:00,B3688,0.171,0.0,1.69,47.43,-1.639,7588.8,8347.68,1.81
2011-08-27 17:00:00,B3688,0.308,0.0,1.01,47.43,-0.792,7588.8,8347.68,1.1
2011-08-27 18:00:00,B3688,1.13,0.0,0.0,47.43,1.1099999999999999,7588.8,8347.68,0.02
2011-08-27 19:00:00,B3688,1.403,0.0,0.0,47.43,1.403,7588.8,8347.68,0.0
2011-08-27 20:00:00,B3688,0.308,0.0,0.0,47.43,0.308,7588.8,8347.68,0.0
2011-08-27 21:00:00,B3688,0.308,0.0,0.0,47.43,0.308,7588.8,8347.68,0.0
2011-08-27 22:00:00,B3688,0.308,0.0,0.0,47.43,0.308,7588.8,8347.68,0.0
2011-08-27 23:00:00,B3688,0.171,0.0,0.0,47.43,0.171,7588.8,8347.68,0.0
2011-08-28 00:00:00,B3688,0.171,0.0,0.0,47.43,0.171,7588.8,8347.68,0.0
2011-08-28 01:00:00,B3688,0.171,0.0,0.0,47.43,0.171,7588.8,8347.68,0.0
2011-08-28 02:00:00,B3688,0.171,0.0,0.0,47.43,0.171,7588.8,8347.68,0.0
2011-08-28 03:00:00,B3688,0.171,0.0,0.0,47.43,0.171,7588.8,8347.68,0.0
2011-08-28 04:00:00,B3688,0.171,0.0,0.0,47.43,0.171,7588.8,8347.68,0.0
2011-08-28 05:00:00,B3688,0.308,0.0,0.0,47.43,0.308,7588.8,8347.68,0.0
2011-08-28 06:00:00,B3688,1.129,0.0,0.0,47.43,1.129,7588.8,8347.68,0.0
2011-08-28 07:00:00,B3688,0.308,0.0,1.02,47.43,-1.052,7588.8,8347.68,1.36
2011-08-28 08:00:00,B3688,2.571,2.4,1.77,47.43,0.42100000000000026,7588.8,8347.68,2.15
2011-08-28 09:00:00,B3688,2.571,2.4,2.3,47.43,-0.05899999999999972,7588.8,8347.68,2.63
2011-08-28 10:00:00,B3688,2.571,2.4,2.66,47.43,-0.3089999999999997,7588.8,8347.68,2.88
2011-08-28 11:00:00,B3688,2.571,2.4,2.88,47.43,-0.4389999999999996,7588.8,8347.68,3.01
2011-08-28 12:00:00,B3688,3.53,2.4,2.95,47.43,0.48999999999999977,7588.8,8347.68,3.04
2011-08-28 13:00:00,B3688,0.308,0.0,2.83,47.43,-2.6220000000000003,7588.8,8347.68,2.93
2011-08-28 14:00:00,B3688,0.171,0.0,2.54,47.43,-2.479,7588.8,8347.68,2.65
2011-08-28 15:00:00,B3688,0.171,0.0,2.14,47.43,-2.099,7588.8,8347.68,2.27
2011-08-28 16:00:00,B3688,0.171,0.0,1.62,47.43,-1.579,7588.8,8347.68,1.75
2011-08-28 17:00:00,B3688,0.308,0.0,0.97,47.43,-0.752,7588.8,8347.68,1.06
2011-08-28 18:00:00,B3688,1.13,0.0,0.0,47.43,1.1099999999999999,7588.8,8347.68,0.02
2011-08-28 19:00:00,B3688,1.403,0.0,0.0,47.43,1.403,7588.8,8347.68,0.0
2011-08-28 20:00:00,B3688,0.308,0.0,0.0,47.43,0.308,7588.8,8347.68,0.0
2011-08-28 21:00:00,B3688,0.308,0.0,0.0,47.43,0.308,7588.8,8347.68,0.0
2011-08-28 22:00:00,B3688,0.308,0.0,0.0,47.43,0.308,7588.8,8347.68,0.0
2011-08-28 23:00:00,B3688,0.171,0.0,0.0,47.43,0.171,7588.8,8347.68,0.0
2011-08-29 00:00:00,B3688,2.571,2.4,0.0,47.43,2.571,7588.8,8347.68,0.0
2011-08-29 01:00:00,B3688,2.571,2.4,0.0,47.43,2.571,7588.8,8347.68,0.0
2011-08-29 02:00:00,B3688,2.571,2.4,0.0,47.43,2.571,7588.8,8347.68,0.0
2011-08-29 03:00:00,B3688,2.571,2.4,0.0,47.43,2.571,7588.8,8347.68,0.0
2011-08-29 04:00:00,B3688,2.571,2.4,0.0,47.43,2.571,7588.8,8347.68,0.0
2011-08-29 05:00:00,B3688,0.308,0.0,0.0,47.43,0.308,7588.8,8347.68,0.0
2011-08-29 06:00:00,B3688,1.13,0.0,0.0,47.43,1.13,7588.8,8347.68,0.0
2011-08-29 07:00:00,B3688,0.308,0.0,0.59,47.43,-0.452,7588.8,8347.68,0.76
2011-08-29 08:00:00,B3688,0.171,0.0,1.29,47.43,-1.419,7588.8,8347.68,1.59
2011-08-29 09:00:00,B3688,0.171,0.0,2.16,47.43,-2.2790000000000004,7588.8,8347.68,2.45
2011-08-29 10:00:00,B3688,0.171,0.0,2.64,47.43,-2.6590000000000003,7588.8,8347.68,2.83
2011-08-29 11:00:00,B3688,0.171,0.0,2.87,47.43,-2.809,7588.8,8347.68,2.98
2011-08-29 12:00:00,B3688,1.13,0.0,2.97,47.43,-1.92,7588.8,8347.68,3.05
2011-08-29 13:00:00,B3688,0.308,0.0,2.91,47.43,-2.6820000000000004,7588.8,8347.68,2.99
2011-08-29 14:00:00,B3688,0.171,0.0,2.65,47.43,-2.579,7588.8,8347.68,2.75
2011-08-29 15:00:00,B3688,0.171,0.0,2.24,47.43,-2.1790000000000003,7588.8,8347.68,2.35
2011-08-29 16:00:00,B3688,0.171,0.0,1.68,47.43,-1.629,7588.8,8347.68,1.8
2011-08-29 17:00:00,B3688,0.308,0.0,0.98,47.43,-0.762,7588.8,8347.68,1.07
2011-08-29 18:00:00,B3688,1.13,0.0,0.0,47.43,1.1099999999999999,7588.8,8347.68,0.02
2011-08-29 19:00:00,B3688,1.403,0.0,0.0,47.43,1.403,7588.8,8347.68,0.0
2011-08-29 20:00:00,B3688,0.308,0.0,0.0,47.43,0.308,7588.8,8347.68,0.0
2011-08-29 21:00:00,B3688,0.308,0.0,0.0,47.43,0.308,7588.8,8347.68,0.0
2011-08-29 22:00:00,B3688,0.308,0.0,0.0,47.43,0.308,7588.8,8347.68,0.0
2011-08-29 23:00:00,B3688,0.171,0.0,0.0,47.43,0.171,7588.8,8347.68,0.0
2011-08-30 00:00:00,B3688,2.571,2.4,0.0,47.43,2.571,7588.8,8347.68,0.0
2011-08-30 01:00:00,B3688,2.571,2.4,0.0,47.43,2.571,7588.8,8347.68,0.0
2011-08-30 02:00:00,B3688,2.571,2.4,0.0,47.43,2.571,7588.8,8347.68,0.0
2011-08-30 03:00:00,B3688,2.571,2.4,0.0,47.43,2.571,7588.8,8347.68,0.0
2011-08-30 04:00:00,B3688,2.571,2.4,0.0,47.43,2.571,7588.8,8347.68,0.0
2011-08-30 05:00:00,B3688,0.308,0.0,0.0,47.43,0.308,7588.8,8347.68,0.0
2011-08-30 06:00:00,B3688,1.13,0.0,0.0,47.43,1.13,7588.8,8347.68,0.0
2011-08-30 07:00:00,B3688,0.308,0.0,1.24,47.43,-1.472,7588.8,8347.68,1.78
2011-08-30 08:00:00,B3688,0.171,0.0,1.85,47.43,-1.9989999999999999,7588.8,8347.68,2.17
2011-08-30 09:00:00,B3688,0.171,0.0,2.32,47.43,-2.4090000000000003,7588.8,8347.68,2.58
2011-08-30 10:00:00,B3688,0.171,0.0,2.67,47.43,-2.6790000000000003,7588.8,8347.68,2.85
2011-08-30 11:00:00,B3688,0.171,0.0,2.9,47.43,-2.839,7588.8,8347.68,3.01
2011-08-30 12:00:00,B3688,1.13,0.0,2.98,47.43,-1.92,7588.8,8347.68,3.05
2011-08-30 13:00:00,B3688,0.308,0.0,2.89,47.43,-2.6620000000000004,7588.8,8347.68,2.97
2011-08-30 14:00:00,B3688,0.171,0.0,2.65,47.43,-2.579,7588.8,8347.68,2.75
2011-08-30 15:00:00,B3688,0.171,0.0,2.23,47.43,-2.169,7588.8,8347.68,2.34
2011-08-30 16:00:00,B3688,0.171,0.0,1.67,47.43,-1.629,7588.8,8347.68,1.8
2011-08-30 17:00:00,B3688,0.308,0.0,0.96,47.43,-0.742,7588.8,8347.68,1.05
2011-08-30 18:00:00,B3688,1.13,0.0,0.0,47.43,1.1099999999999999,7588.8,8347.68,0.02
2011-08-30 19:00:00,B3688,1.403,0.0,0.0,47.43,1.403,7588.8,8347.68,0.0
2011-08-30 20:00:00,B3688,0.308,0.0,0.0,47.43,0.308,7588.8,8347.68,0.0
2011-08-30 21:00:00,B3688,0.308,0.0,0.0,47.43,0.308,7588.8,8347.68,0.0
2011-08-30 22:00:00,B3688,0.308,0.0,0.0,47.43,0.308,7588.8,8347.68,0.0
2011-08-30 23:00:00,B3688,0.171,0.0,0.0,47.43,0.171,7588.8,8347.68,0.0
2011-08-31 00:00:00,B3688,2.571,2.4,0.0,47.43,2.571,7588.8,8347.68,0.0
2011-08-31 01:00:00,B3688,2.571,2.4,0.0,47.43,2.571,7588.8,8347.68,0.0
2011-08-31 02:00:00,B3688,2.571,2.4,0.0,47.43,2.571,7588.8,8347.68,0.0
2011-08-31 03:00:00,B3688,2.571,2.4,0.0,47.43,2.571,7588.8,8347.68,0.0
2011-08-31 04:00:00,B3688,2.571,2.4,0.0,47.43,2.571,7588.8,8347.68,0.0
2011-08-31 05:00:00,B3688,0.308,0.0,0.0,47.43,0.308,7588.8,8347.68,0.0
2011-08-31 06:00:00,B3688,1.13,0.0,0.0,47.43,1.13,7588.8,8347.68,0.0
2011-08-31 07:00:00,B3688,0.308,0.0,1.25,47.43,-1.482,7588.8,8347.68,1.79
2011-08-31 08:00:00,B3688,0.171,0.0,1.83,47.43,-1.969,7588.8,8347.68,2.14
2011-08-31 09:00:00,B3688,0.171,0.0,2.33,47.43,-2.4090000000000003,7588.8,8347.68,2.58
2011-08-31 10:00:00,B3688,0.171,0.0,2.66,47.43,-2.669,7588.8,8347.68,2.84
2011-08-31 11:00:00,B3688,0.171,0.0,2.88,47.43,-2.7990000000000004,7588.8,8347.68,2.97
2011-08-31 12:00:00,B3688,1.13,0.0,2.95,47.43,-1.8900000000000001,7588.8,8347.68,3.02
2011-08-31 13:00:00,B3688,0.308,0.0,2.86,47.43,-2.632,7588.8,8347.68,2.94
2011-08-31 14:00:00,B3688,0.171,0.0,2.6,47.43,-2.5290000000000004,7588.8,8347.68,2.7
2011-08-31 15:00:00,B3688,0.171,0.0,2.19,47.43,-2.129,7588.8,8347.68,2.3
2011-08-31 16:00:00,B3688,0.171,0.0,1.66,47.43,-1.609,7588.8,8347.68,1.78
2011-08-31 17:00:00,B3688,0.308,0.0,0.96,47.43,-0.742,7588.8,8347.68,1.05
2011-08-31 18:00:00,B3688,1.13,0.0,0.0,47.43,1.1099999999999999,7588.8,8347.68,0.02
2011-08-31 19:00:00,B3688,1.403,0.0,0.0,47.43,1.403,7588.8,8347.68,0.0
2011-08-31 20:00:00,B3688,0.308,0.0,0.0,47.43,0.308,7588.8,8347.68,0.0
2011-08-31 21:00:00,B3688,0.308,0.0,0.0,47.43,0.308,7588.8,8347.68,0.0
2011-08-31 22:00:00,B3688,0.308,0.0,0.0,47.43,0.308,7588.8,8347.68,0.0
2011-08-31 23:00:00,B3688,0.171,0.0,0.0,47.43,0.171,7588.8,8347.68,0.0
2011-09-01 00:00:00,B3688,2.571,2.4,0.0,47.43,2.571,7588.8,8347.68,0.0
2011-09-01 01:00:00,B3688,2.571,2.4,0.0,47.43,2.571,7588.8,8347.68,0.0
2011-09-01 02:00:00,B3688,2.571,2.4,0.0,47.43,2.571,7588.8,8347.68,0.0
2011-09-01 03:00:00,B3688,2.571,2.4,0.0,47.43,2.571,7588.8,8347.68,0.0
2011-09-01 04:00:00,B3688,2.571,2.4,0.0,47.43,2.571,7588.8,8347.68,0.0
2011-09-01 05:00:00,B3688,0.308,0.0,0.0,47.43,0.308,7588.8,8347.68,0.0
2011-09-01 06:00:00,B3688,1.13,0.0,0.0,47.43,1.13,7588.8,8347.68,0.0
2011-09-01 07:00:00,B3688,0.308,0.0,1.06,47.43,-1.182,7588.8,8347.68,1.49
2011-09-01 08:00:00,B3688,0.171,0.0,1.71,47.43,-1.8789999999999998,7588.8,8347.68,2.05
2011-09-01 09:00:00,B3688,0.171,0.0,2.21,47.43,-2.3190000000000004,7588.8,8347.68,2.49
2011-09-01 10:00:00,B3688,0.171,0.0,2.55,47.43,-2.579,7588.8,8347.68,2.75
2011-09-01 11:00:00,B3688,0.171,0.0,2.75,47.43,-2.689,7588.8,8347.68,2.86
2011-09-01 12:00:00,B3688,1.13,0.0,2.83,47.43,-1.79,7588.8,8347.68,2.92
2011-09-01 13:00:00,B3688,0.308,0.0,2.71,47.43,-2.492,7588.8,8347.68,2.8
2011-09-01 14:00:00,B3688,0.171,0.0,2.44,47.43,-2.369,7588.8,8347.68,2.54
2011-09-01 15:00:00,B3688,0.171,0.0,2.05,47.43,-1.9989999999999999,7588.8,8347.68,2.17
2011-09-01 16:00:00,B3688,0.171,0.0,1.5,47.43,-1.449,7588.8,8347.68,1.62
2011-09-01 17:00:00,B3688,0.308,0.0,0.83,47.43,-0.6120000000000001,7588.8,8347.68,0.92
2011-09-01 18:00:00,B3688,1.13,0.0,0.0,47.43,1.1199999999999999,7588.8,8347.68,0.01
2011-09-01 19:00:00,B3688,1.403,0.0,0.0,47.43,1.403,7588.8,8347.68,0.0
2011-09-01 20:00:00,B3688,0.308,0.0,0.0,47.43,0.308,7588.8,8347.68,0.0
2011-09-01 21:00:00,B3688,0.308,0.0,0.0,47.43,0.308,7588.8,8347.68,0.0
2011-09-01 22:00:00,B3688,0.308,0.0,0.0,47.43,0.308,7588.8,8347.68,0.0
2011-09-01 23:00:00,B3688,0.171,0.0,0.0,47.43,0.171,7588.8,8347.68,0.0
2011-09-02 00:00:00,B3688,2.571,2.4,0.0,47.43,2.571,7588.8,8347.68,0.0
2011-09-02 01:00:00,B3688,2.571,2.4,0.0,47.43,2.571,7588.8,8347.68,0.0
2011-09-02 02:00:00,B3688,2.571,2.4,0.0,47.43,2.571,7588.8,8347.68,0.0
2011-09-02 03:00:00,B3688,2.571,2.4,0.0,47.43,2.571,7588.8,8347.68,0.0
2011-09-02 04:00:00,B3688,2.571,2.4,0.0,47.43,2.571,7588.8,8347.68,0.0
2011-09-02 05:00:00,B3688,0.308,0.0,0.0,47.43,0.308,7588.8,8347.68,0.0
2011-09-02 06:00:00,B3688,1.13,0.0,0.0,47.43,1.13,7588.8,8347.68,0.0
2011-09-02 07:00:00,B3688,0.308,0.0,1.01,47.43,-1.1019999999999999,7588.8,8347.68,1.41
2011-09-02 08:00:00,B3688,0.171,0.0,1.59,47.43,-1.7389999999999999,7588.8,8347.68,1.91
2011-09-02 09:00:00,B3688,0.171,0.0,2.12,47.43,-2.229,7588.8,8347.68,2.4
2011-09-02 10:00:00,B3688,0.171,0.0,2.48,47.43,-2.5090000000000003,7588.8,8347.68,2.68
2011-09-02 11:00:00,B3688,0.171,0.0,2.71,47.43,-2.6590000000000003,7588.8,8347.68,2.83
2011-09-02 12:00:00,B3688,1.13,0.0,2.8,47.43,-1.7400000000000002,7588.8,8347.68,2.87
2011-09-02 13:00:00,B3688,0.308,0.0,2.7,47.43,-2.472,7588.8,8347.68,2.78
2011-09-02 14:00:00,B3688,0.171,0.0,2.45,47.43,-2.369,7588.8,8347.68,2.54
2011-09-02 15:00:00,B3688,0.171,0.0,2.06,47.43,-1.9989999999999999,7588.8,8347.68,2.17
2011-09-02 16:00:00,B3688,0.171,0.0,1.52,47.43,-1.4689999999999999,7588.8,8347.68,1.64
2011-09-02 17:00:00,B3688,0.308,0.0,0.85,47.43,-0.6319999999999999,7588.8,8347.68,0.94
2011-09-02 18:00:00,B3688,1.13,0.0,0.0,47.43,1.1199999999999999,7588.8,8347.68,0.01
2011-09-02 19:00:00,B3688,1.403,0.0,0.0,47.43,1.403,7588.8,8347.68,0.0
2011-09-02 20:00:00,B3688,0.308,0.0,0.0,47.43,0.308,7588.8,8347.68,0.0
2011-09-02 21:00:00,B3688,0.308,0.0,0.0,47.43,0.308,7588.8,8347.68,0.0
2011-09-02 22:00:00,B3688,0.308,0.0,0.0,47.43,0.308,7588.8,8347.68,0.0
2011-09-02 23:00:00,B3688,0.171,0.0,0.0,47.43,0.171,7588.8,8347.68,0.0
2011-09-03 00:00:00,B3688,0.171,0.0,0.0,47.43,0.171,7588.8,8347.68,0.0
2011-09-03 01:00:00,B3688,0.171,0.0,0.0,47.43,0.171,7588.8,8347.68,0.0
2011-09-03 02:00:00,B3688,0.171,0.0,0.0,47.43,0.171,7588.8,8347.68,0.0
2011-09-03 03:00:00,B3688,0.171,0.0,0.0,47.43,0.171,7588.8,8347.68,0.0
2011-09-03 04:00:00,B3688,0.171,0.0,0.0,47.43,0.171,7588.8,8347.68,0.0
2011-09-03 05:00:00,B3688,0.308,0.0,0.0,47.43,0.308,7588.8,8347.68,0.0
2011-09-03 06:00:00,B3688,1.129,0.0,0.0,47.43,1.129,7588.8,8347.68,0.0
2011-09-03 07:00:00,B3688,0.308,0.0,1.03,47.43,-1.142,7588.8,8347.68,1.45
2011-09-03 08:00:00,B3688,2.571,2.4,1.64,47.43,0.6310000000000002,7588.8,8347.68,1.94
2011-09-03 09:00:00,B3688,2.571,2.4,2.13,47.43,0.19100000000000028,7588.8,8347.68,2.38
2011-09-03 10:00:00,B3688,2.571,2.4,2.47,47.43,-0.06899999999999995,7588.8,8347.68,2.64
2011-09-03 11:00:00,B3688,2.571,2.4,2.67,47.43,-0.19899999999999984,7588.8,8347.68,2.77
2011-09-03 12:00:00,B3688,3.53,2.4,2.75,47.43,0.71,7588.8,8347.68,2.82
2011-09-03 13:00:00,B3688,0.308,0.0,2.67,47.43,-2.442,7588.8,8347.68,2.75
2011-09-03 14:00:00,B3688,0.171,0.0,2.43,47.43,-2.359,7588.8,8347.68,2.53
2011-09-03 15:00:00,B3688,0.171,0.0,2.04,47.43,-1.9789999999999999,7588.8,8347.68,2.15
2011-09-03 16:00:00,B3688,0.171,0.0,1.51,47.43,-1.4589999999999999,7588.8,8347.68,1.63
2011-09-03 17:00:00,B3688,0.308,0.0,0.83,47.43,-0.6120000000000001,7588.8,8347.68,0.92
2011-09-03 18:00:00,B3688,1.13,0.0,0.0,47.43,1.1199999999999999,7588.8,8347.68,0.01
2011-09-03 19:00:00,B3688,1.403,0.0,0.0,47.43,1.403,7588.8,8347.68,0.0
2011-09-03 20:00:00,B3688,0.308,0.0,0.0,47.43,0.308,7588.8,8347.68,0.0
2011-09-03 21:00:00,B3688,0.308,0.0,0.0,47.43,0.308,7588.8,8347.68,0.0
2011-09-03 22:00:00,B3688,0.308,0.0,0.0,47.43,0.308,7588.8,8347.68,0.0
2011-09-03 23:00:00,B3688,0.171,0.0,0.0,47.43,0.171,7588.8,8347.68,0.0
2011-09-04 00:00:00,B3688,0.171,0.0,0.0,47.43,0.171,7588.8,8347.68,0.0
2011-09-04 01:00:00,B3688,0.171,0.0,0.0,47.43,0.171,7588.8,8347.68,0.0
2011-09-04 02:00:00,B3688,0.171,0.0,0.0,47.43,0.171,7588.8,8347.68,0.0
2011-09-04 03:00:00,B3688,0.171,0.0,0.0,47.43,0.171,7588.8,8347.68,0.0
2011-09-04 04:00:00,B3688,0.171,0.0,0.0,47.43,0.171,7588.8,8347.68,0.0
2011-09-04 05:00:00,B3688,0.308,0.0,0.0,47.43,0.308,7588.8,8347.68,0.0
2011-09-04 06:00:00,B3688,1.129,0.0,0.0,47.43,1.129,7588.8,8347.68,0.0
2011-09-04 07:00:00,B3688,0.308,0.0,0.96,47.43,-1.022,7588.8,8347.68,1.33
2011-09-04 08:00:00,B3688,2.571,2.4,1.59,47.43,0.6510000000000002,7588.8,8347.68,1.92
2011-09-04 09:00:00,B3688,2.571,2.4,2.1,47.43,0.2110000000000003,7588.8,8347.68,2.36
2011-09-04 10:00:00,B3688,2.571,2.4,2.45,47.43,-0.07899999999999974,7588.8,8347.68,2.65
2011-09-04 11:00:00,B3688,2.571,2.4,2.67,47.43,-0.21899999999999986,7588.8,8347.68,2.79
2011-09-04 12:00:00,B3688,3.53,2.4,2.75,47.43,0.6999999999999997,7588.8,8347.68,2.83
2011-09-04 13:00:00,B3688,0.308,0.0,2.66,47.43,-2.4320000000000004,7588.8,8347.68,2.74
2011-09-04 14:00:00,B3688,0.171,0.0,2.41,47.43,-2.329,7588.8,8347.68,2.5
2011-09-04 15:00:00,B3688,0.171,0.0,2.01,47.43,-1.949,7588.8,8347.68,2.12
2011-09-04 16:00:00,B3688,0.171,0.0,1.48,47.43,-1.429,7588.8,8347.68,1.6
2011-09-04 17:00:00,B3688,0.308,0.0,0.8,47.43,-0.5820000000000001,7588.8,8347.68,0.89
2011-09-04 18:00:00,B3688,1.13,0.0,0.0,47.43,1.1199999999999999,7588.8,8347.68,0.01
2011-09-04 19:00:00,B3688,1.403,0.0,0.0,47.43,1.403,7588.8,8347.68,0.0
2011-09-04 20:00:00,B3688,0.308,0.0,0.0,47.43,0.308,7588.8,8347.68,0.0
2011-09-04 21:00:00,B3688,0.308,0.0,0.0,47.43,0.308,7588.8,8347.68,0.0
2011-09-04 22:00:00,B3688,0.308,0.0,0.0,47.43,0.308,7588.8,8347.68,0.0
2011-09-04 23:00:00,B3688,0.171,0.0,0.0,47.43,0.171,7588.8,8347.68,0.0
2011-09-05 00:00:00,B3688,2.571,2.4,0.0,47.43,2.571,7588.8,8347.68,0.0
2011-09-05 01:00:00,B3688,2.571,2.4,0.0,47.43,2.571,7588.8,8347.68,0.0
2011-09-05 02:00:00,B3688,2.571,2.4,0.0,47.43,2.571,7588.8,8347.68,0.0
2011-09-05 03:00:00,B3688,2.571,2.4,0.0,47.43,2.571,7588.8,8347.68,0.0
2011-09-05 04:00:00,B3688,2.571,2.4,0.0,47.43,2.571,7588.8,8347.68,0.0
2011-09-05 05:00:00,B3688,0.308,0.0,0.0,47.43,0.308,7588.8,8347.68,0.0
2011-09-05 06:00:00,B3688,1.13,0.0,0.0,47.43,1.13,7588.8,8347.68,0.0
2011-09-05 07:00:00,B3688,0.308,0.0,0.97,47.43,-1.052,7588.8,8347.68,1.36
2011-09-05 08:00:00,B3688,0.171,0.0,1.54,47.43,-1.689,7588.8,8347.68,1.86
2011-09-05 09:00:00,B3688,0.171,0.0,2.05,47.43,-2.1390000000000002,7588.8,8347.68,2.31
2011-09-05 10:00:00,B3688,0.171,0.0,2.4,47.43,-2.419,7588.8,8347.68,2.59
2011-09-05 11:00:00,B3688,0.171,0.0,2.61,47.43,-2.5490000000000004,7588.8,8347.68,2.72
2011-09-05 12:00:00,B3688,1.13,0.0,2.69,47.43,-1.6400000000000001,7588.8,8347.68,2.77
2011-09-05 13:00:00,B3688,0.308,0.0,2.6,47.43,-2.382,7588.8,8347.68,2.69
2011-09-05 14:00:00,B3688,0.171,0.0,2.35,47.43,-2.2790000000000004,7588.8,8347.68,2.45
2011-09-05 15:00:00,B3688,0.171,0.0,1.95,47.43,-1.8989999999999998,7588.8,8347.68,2.07
2011-09-05 16:00:00,B3688,0.171,0.0,1.42,47.43,-1.369,7588.8,8347.68,1.54
2011-09-05 17:00:00,B3688,0.308,0.0,0.76,47.43,-0.542,7588.8,8347.68,0.85
2011-09-05 18:00:00,B3688,1.13,0.0,0.0,47.43,1.13,7588.8,8347.68,0.0
2011-09-05 19:00:00,B3688,1.403,0.0,0.0,47.43,1.403,7588.8,8347.68,0.0
2011-09-05 20:00:00,B3688,0.308,0.0,0.0,47.43,0.308,7588.8,8347.68,0.0
2011-09-05 21:00:00,B3688,0.308,0.0,0.0,47.43,0.308,7588.8,8347.68,0.0
2011-09-05 22:00:00,B3688,0.308,0.0,0.0,47.43,0.308,7588.8,8347.68,0.0
2011-09-05 23:00:00,B3688,0.171,0.0,0.0,47.43,0.171,7588.8,8347.68,0.0
2011-09-06 00:00:00,B3688,2.571,2.4,0.0,47.43,2.571,7588.8,8347.68,0.0
2011-09-06 01:00:00,B3688,2.571,2.4,0.0,47.43,2.571,7588.8,8347.68,0.0
2011-09-06 02:00:00,B3688,2.571,2.4,0.0,47.43,2.571,7588.8,8347.68,0.0
2011-09-06 03:00:00,B3688,2.571,2.4,0.0,47.43,2.571,7588.8,8347.68,0.0
2011-09-06 04:00:00,B3688,2.571,2.4,0.0,47.43,2.571,7588.8,8347.68,0.0
2011-09-06 05:00:00,B3688,0.308,0.0,0.0,47.43,0.308,7588.8,8347.68,0.0
2011-09-06 06:00:00,B3688,1.13,0.0,0.0,47.43,1.13,7588.8,8347.68,0.0
2011-09-06 07:00:00,B3688,0.308,0.0,0.87,47.43,-0.8619999999999999,7588.8,8347.68,1.17
2011-09-06 08:00:00,B3688,0.171,0.0,1.55,47.43,-1.759,7588.8,8347.68,1.93
2011-09-06 09:00:00,B3688,0.171,0.0,2.06,47.43,-2.229,7588.8,8347.68,2.4
2011-09-06 10:00:00,B3688,0.171,0.0,2.38,47.43,-2.4490000000000003,7588.8,8347.68,2.62
2011-09-06 11:00:00,B3688,0.171,0.0,2.56,47.43,-2.5290000000000004,7588.8,8347.68,2.7
2011-09-06 12:00:00,B3688,1.13,0.0,2.63,47.43,-1.6100000000000003,7588.8,8347.68,2.74
2011-09-06 13:00:00,B3688,0.308,0.0,2.54,47.43,-2.3720000000000003,7588.8,8347.68,2.68
2011-09-06 14:00:00,B3688,0.171,0.0,2.2,47.43,-2.189,7588.8,8347.68,2.36
2011-09-06 15:00:00,B3688,0.171,0.0,1.84,47.43,-1.829,7588.8,8347.68,2.0
2011-09-06 16:00:00,B3688,0.171,0.0,1.39,47.43,-1.359,7588.8,8347.68,1.53
2011-09-06 17:00:00,B3688,0.308,0.0,0.68,47.43,-0.462,7588.8,8347.68,0.77
2011-09-06 18:00:00,B3688,1.13,0.0,0.0,47.43,1.13,7588.8,8347.68,0.0
2011-09-06 19:00:00,B3688,1.403,0.0,0.0,47.43,1.403,7588.8,8347.68,0.0
2011-09-06 20:00:00,B3688,0.308,0.0,0.0,47.43,0.308,7588.8,8347.68,0.0
2011-09-06 21:00:00,B3688,0.308,0.0,0.0,47.43,0.308,7588.8,8347.68,0.0
2011-09-06 22:00:00,B3688,0.308,0.0,0.0,47.43,0.308,7588.8,8347.68,0.0
2011-09-06 23:00:00,B3688,0.171,0.0,0.0,47.43,0.171,7588.8,8347.68,0.0
2011-09-07 00:00:00,B3688,2.571,2.4,0.0,47.43,2.571,7588.8,8347.68,0.0
2011-09-07 01:00:00,B3688,2.571,2.4,0.0,47.43,2.571,7588.8,8347.68,0.0
2011-09-07 02:00:00,B3688,2.571,2.4,0.0,47.43,2.571,7588.8,8347.68,0.0
2011-09-07 03:00:00,B3688,2.571,2.4,0.0,47.43,2.571,7588.8,8347.68,0.0
2011-09-07 04:00:00,B3688,2.571,2.4,0.0,47.43,2.571,7588.8,8347.68,0.0
2011-09-07 05:00:00,B3688,0.308,0.0,0.0,47.43,0.308,7588.8,8347.68,0.0
2011-09-07 06:00:00,B3688,1.13,0.0,0.0,47.43,1.13,7588.8,8347.68,0.0
2011-09-07 07:00:00,B3688,0.308,0.0,0.83,47.43,-0.8419999999999999,7588.8,8347.68,1.15
2011-09-07 08:00:00,B3688,0.171,0.0,1.35,47.43,-1.4989999999999999,7588.8,8347.68,1.67
2011-09-07 09:00:00,B3688,0.171,0.0,1.72,47.43,-1.809,7588.8,8347.68,1.98
2011-09-07 10:00:00,B3688,0.171,0.0,1.86,47.43,-1.8989999999999998,7588.8,8347.68,2.07
2011-09-07 11:00:00,B3688,0.171,0.0,1.93,47.43,-1.889,7588.8,8347.68,2.06
2011-09-07 12:00:00,B3688,1.13,0.0,2.09,47.43,-1.06,7588.8,8347.68,2.19
2011-09-07 13:00:00,B3688,0.308,0.0,2.17,47.43,-1.982,7588.8,8347.68,2.29
2011-09-07 14:00:00,B3688,0.171,0.0,1.93,47.43,-1.8789999999999998,7588.8,8347.68,2.05
2011-09-07 15:00:00,B3688,0.171,0.0,1.5,47.43,-1.449,7588.8,8347.68,1.62
2011-09-07 16:00:00,B3688,0.171,0.0,1.18,47.43,-1.119,7588.8,8347.68,1.29
2011-09-07 17:00:00,B3688,0.308,0.0,0.66,47.43,-0.432,7588.8,8347.68,0.74
2011-09-07 18:00:00,B3688,1.13,0.0,0.0,47.43,1.13,7588.8,8347.68,0.0
2011-09-07 19:00:00,B3688,1.403,0.0,0.0,47.43,1.403,7588.8,8347.68,0.0
2011-09-07 20:00:00,B3688,0.308,0.0,0.0,47.43,0.308,7588.8,8347.68,0.0
2011-09-07 21:00:00,B3688,0.308,0.0,0.0,47.43,0.308,7588.8,8347.68,0.0
2011-09-07 22:00:00,B3688,0.308,0.0,0.0,47.43,0.308,7588.8,8347.68,0.0
2011-09-07 23:00:00,B3688,0.171,0.0,0.0,47.43,0.171,7588.8,8347.68,0.0
2011-09-08 00:00:00,B3688,2.571,2.4,0.0,47.43,2.571,7588.8,8347.68,0.0
2011-09-08 01:00:00,B3688,2.571,2.4,0.0,47.43,2.571,7588.8,8347.68,0.0
2011-09-08 02:00:00,B3688,2.571,2.4,0.0,47.43,2.571,7588.8,8347.68,0.0
2011-09-08 03:00:00,B3688,2.571,2.4,0.0,47.43,2.571,7588.8,8347.68,0.0
2011-09-08 04:00:00,B3688,2.571,2.4,0.0,47.43,2.571,7588.8,8347.68,0.0
2011-09-08 05:00:00,B3688,0.308,0.0,0.0,47.43,0.308,7588.8,8347.68,0.0
2011-09-08 06:00:00,B3688,1.13,0.0,0.0,47.43,1.13,7588.8,8347.68,0.0
2011-09-08 07:00:00,B3688,0.308,0.0,0.84,47.43,-0.8719999999999999,7588.8,8347.68,1.18
2011-09-08 08:00:00,B3688,0.171,0.0,1.35,47.43,-1.4989999999999999,7588.8,8347.68,1.67
2011-09-08 09:00:00,B3688,0.171,0.0,1.76,47.43,-1.889,7588.8,8347.68,2.06
2011-09-08 10:00:00,B3688,0.171,0.0,2.04,47.43,-2.089,7588.8,8347.68,2.26
2011-09-08 11:00:00,B3688,0.171,0.0,2.24,47.43,-2.209,7588.8,8347.68,2.38
2011-09-08 12:00:00,B3688,1.13,0.0,2.4,47.43,-1.38,7588.8,8347.68,2.51
2011-09-08 13:00:00,B3688,0.308,0.0,2.49,47.43,-2.2920000000000003,7588.8,8347.68,2.6
2011-09-08 14:00:00,B3688,0.171,0.0,2.28,47.43,-2.229,7588.8,8347.68,2.4
2011-09-08 15:00:00,B3688,0.171,0.0,1.9,47.43,-1.8589999999999998,7588.8,8347.68,2.03
2011-09-08 16:00:00,B3688,0.171,0.0,1.34,47.43,-1.279,7588.8,8347.68,1.45
2011-09-08 17:00:00,B3688,0.308,0.0,0.69,47.43,-0.462,7588.8,8347.68,0.77
2011-09-08 18:00:00,B3688,1.13,0.0,0.0,47.43,1.13,7588.8,8347.68,0.0
2011-09-08 19:00:00,B3688,1.403,0.0,0.0,47.43,1.403,7588.8,8347.68,0.0
2011-09-08 20:00:00,B3688,0.308,0.0,0.0,47.43,0.308,7588.8,8347.68,0.0
2011-09-08 21:00:00,B3688,0.308,0.0,0.0,47.43,0.308,7588.8,8347.68,0.0
2011-09-08 22:00:00,B3688,0.308,0.0,0.0,47.43,0.308,7588.8,8347.68,0.0
2011-09-08 23:00:00,B3688,0.171,0.0,0.0,47.43,0.171,7588.8,8347.68,0.0
2011-09-09 00:00:00,B3688,2.571,2.4,0.0,47.43,2.571,7588.8,8347.68,0.0
2011-09-09 01:00:00,B3688,2.571,2.4,0.0,47.43,2.571,7588.8,8347.68,0.0
2011-09-09 02:00:00,B3688,2.571,2.4,0.0,47.43,2.571,7588.8,8347.68,0.0
2011-09-09 03:00:00,B3688,2.571,2.4,0.0,47.43,2.571,7588.8,8347.68,0.0
2011-09-09 04:00:00,B3688,2.571,2.4,0.0,47.43,2.571,7588.8,8347.68,0.0
2011-09-09 05:00:00,B3688,0.308,0.0,0.0,47.43,0.308,7588.8,8347.68,0.0
2011-09-09 06:00:00,B3688,1.13,0.0,0.0,47.43,1.13,7588.8,8347.68,0.0
2011-09-09 07:00:00,B3688,0.308,0.0,0.78,47.43,-0.802,7588.8,8347.68,1.11
2011-09-09 08:00:00,B3688,0.171,0.0,1.35,47.43,-1.4889999999999999,7588.8,8347.68,1.66
2011-09-09 09:00:00,B3688,0.171,0.0,1.85,47.43,-1.9389999999999998,7588.8,8347.68,2.11
2011-09-09 10:00:00,B3688,0.171,0.0,2.24,47.43,-2.2590000000000003,7588.8,8347.68,2.43
2011-09-09 11:00:00,B3688,0.171,0.0,2.47,47.43,-2.4090000000000003,7588.8,8347.68,2.58
2011-09-09 12:00:00,B3688,1.13,0.0,2.54,47.43,-1.48,7588.8,8347.68,2.61
2011-09-09 13:00:00,B3688,0.308,0.0,2.47,47.43,-2.242,7588.8,8347.68,2.55
2011-09-09 14:00:00,B3688,0.171,0.0,2.23,47.43,-2.1590000000000003,7588.8,8347.68,2.33
2011-09-09 15:00:00,B3688,0.171,0.0,1.85,47.43,-1.789,7588.8,8347.68,1.96
2011-09-09 16:00:00,B3688,0.171,0.0,1.33,47.43,-1.279,7588.8,8347.68,1.45
2011-09-09 17:00:00,B3688,0.308,0.0,0.68,47.43,-0.452,7588.8,8347.68,0.76
2011-09-09 18:00:00,B3688,1.13,0.0,0.0,47.43,1.13,7588.8,8347.68,0.0
2011-09-09 19:00:00,B3688,1.403,0.0,0.0,47.43,1.403,7588.8,8347.68,0.0
2011-09-09 20:00:00,B3688,0.308,0.0,0.0,47.43,0.308,7588.8,8347.68,0.0
2011-09-09 21:00:00,B3688,0.308,0.0,0.0,47.43,0.308,7588.8,8347.68,0.0
2011-09-09 22:00:00,B3688,0.308,0.0,0.0,47.43,0.308,7588.8,8347.68,0.0
2011-09-09 23:00:00,B3688,0.171,0.0,0.0,47.43,0.171,7588.8,8347.68,0.0
2011-09-10 00:00:00,B3688,0.171,0.0,0.0,47.43,0.171,7588.8,8347.68,0.0
2011-09-10 01:00:00,B3688,0.171,0.0,0.0,47.43,0.171,7588.8,8347.68,0.0
2011-09-10 02:00:00,B3688,0.171,0.0,0.0,47.43,0.171,7588.8,8347.68,0.0
2011-09-10 03:00:00,B3688,0.171,0.0,0.0,47.43,0.171,7588.8,8347.68,0.0
2011-09-10 04:00:00,B3688,0.171,0.0,0.0,47.43,0.171,7588.8,8347.68,0.0
2011-09-10 05:00:00,B3688,0.308,0.0,0.0,47.43,0.308,7588.8,8347.68,0.0
2011-09-10 06:00:00,B3688,1.129,0.0,0.0,47.43,1.129,7588.8,8347.68,0.0
2011-09-10 07:00:00,B3688,0.308,0.0,0.76,47.43,-0.772,7588.8,8347.68,1.08
2011-09-10 08:00:00,B3688,2.571,2.4,1.33,47.43,0.9310000000000003,7588.8,8347.68,1.64
2011-09-10 09:00:00,B3688,2.571,2.4,1.86,47.43,0.4410000000000003,7588.8,8347.68,2.13
2011-09-10 10:00:00,B3688,2.571,2.4,2.22,47.43,0.16100000000000003,7588.8,8347.68,2.41
2011-09-10 11:00:00,B3688,2.571,2.4,2.51,47.43,-0.05899999999999972,7588.8,8347.68,2.63
2011-09-10 12:00:00,B3688,3.53,2.4,2.57,47.43,0.8599999999999999,7588.8,8347.68,2.67
2011-09-10 13:00:00,B3688,0.308,0.0,2.54,47.43,-2.342,7588.8,8347.68,2.65
2011-09-10 14:00:00,B3688,0.171,0.0,2.26,47.43,-2.2190000000000003,7588.8,8347.68,2.39
2011-09-10 15:00:00,B3688,0.171,0.0,1.79,47.43,-1.759,7588.8,8347.68,1.93
2011-09-10 16:00:00,B3688,0.171,0.0,1.2,47.43,-1.169,7588.8,8347.68,1.34
2011-09-10 17:00:00,B3688,0.308,0.0,0.66,47.43,-0.442,7588.8,8347.68,0.75
2011-09-10 18:00:00,B3688,1.13,0.0,0.0,47.43,1.13,7588.8,8347.68,0.0
2011-09-10 19:00:00,B3688,1.403,0.0,0.0,47.43,1.403,7588.8,8347.68,0.0
2011-09-10 20:00:00,B3688,0.308,0.0,0.0,47.43,0.308,7588.8,8347.68,0.0
2011-09-10 21:00:00,B3688,0.308,0.0,0.0,47.43,0.308,7588.8,8347.68,0.0
2011-09-10 22:00:00,B3688,0.308,0.0,0.0,47.43,0.308,7588.8,8347.68,0.0
2011-09-10 23:00:00,B3688,0.171,0.0,0.0,47.43,0.171,7588.8,8347.68,0.0
2011-09-11 00:00:00,B3688,0.171,0.0,0.0,47.43,0.171,7588.8,8347.68,0.0
2011-09-11 01:00:00,B3688,0.171,0.0,0.0,47.43,0.171,7588.8,8347.68,0.0
2011-09-11 02:00:00,B3688,0.171,0.0,0.0,47.43,0.171,7588.8,8347.68,0.0
2011-09-11 03:00:00,B3688,0.171,0.0,0.0,47.43,0.171,7588.8,8347.68,0.0
2011-09-11 04:00:00,B3688,0.171,0.0,0.0,47.43,0.171,7588.8,8347.68,0.0
2011-09-11 05:00:00,B3688,0.308,0.0,0.0,47.43,0.308,7588.8,8347.68,0.0
2011-09-11 06:00:00,B3688,1.129,0.0,0.0,47.43,1.129,7588.8,8347.68,0.0
2011-09-11 07:00:00,B3688,0.308,0.0,0.7,47.43,-0.6819999999999999,7588.8,8347.68,0.99
2011-09-11 08:00:00,B3688,2.571,2.4,1.26,47.43,1.0110000000000001,7588.8,8347.68,1.56
2011-09-11 09:00:00,B3688,2.571,2.4,1.77,47.43,0.5510000000000002,7588.8,8347.68,2.02
2011-09-11 10:00:00,B3688,2.571,2.4,2.12,47.43,0.27100000000000035,7588.8,8347.68,2.3
2011-09-11 11:00:00,B3688,2.571,2.4,2.35,47.43,0.13100000000000023,7588.8,8347.68,2.44
2011-09-11 12:00:00,B3688,3.53,2.4,2.44,47.43,1.02,7588.8,8347.68,2.51
2011-09-11 13:00:00,B3688,0.308,0.0,2.37,47.43,-2.1420000000000003,7588.8,8347.68,2.45
2011-09-11 14:00:00,B3688,0.171,0.0,2.14,47.43,-2.059,7588.8,8347.68,2.23
2011-09-11 15:00:00,B3688,0.171,0.0,1.75,47.43,-1.689,7588.8,8347.68,1.86
2011-09-11 16:00:00,B3688,0.171,0.0,1.25,47.43,-1.169,7588.8,8347.68,1.34
2011-09-11 17:00:00,B3688,0.308,0.0,0.61,47.43,-0.38199999999999995,7588.8,8347.68,0.69
2011-09-11 18:00:00,B3688,1.13,0.0,0.0,47.43,1.13,7588.8,8347.68,0.0
2011-09-11 19:00:00,B3688,1.403,0.0,0.0,47.43,1.403,7588.8,8347.68,0.0
2011-09-11 20:00:00,B3688,0.308,0.0,0.0,47.43,0.308,7588.8,8347.68,0.0
2011-09-11 21:00:00,B3688,0.308,0.0,0.0,47.43,0.308,7588.8,8347.68,0.0
2011-09-11 22:00:00,B3688,0.308,0.0,0.0,47.43,0.308,7588.8,8347.68,0.0
2011-09-11 23:00:00,B3688,0.171,0.0,0.0,47.43,0.171,7588.8,8347.68,0.0
2011-09-12 00:00:00,B3688,2.571,2.4,0.0,47.43,2.571,7588.8,8347.68,0.0
2011-09-12 01:00:00,B3688,2.571,2.4,0.0,47.43,2.571,7588.8,8347.68,0.0
2011-09-12 02:00:00,B3688,2.571,2.4,0.0,47.43,2.571,7588.8,8347.68,0.0
2011-09-12 03:00:00,B3688,2.571,2.4,0.0,47.43,2.571,7588.8,8347.68,0.0
2011-09-12 04:00:00,B3688,2.571,2.4,0.0,47.43,2.571,7588.8,8347.68,0.0
2011-09-12 05:00:00,B3688,0.308,0.0,0.0,47.43,0.308,7588.8,8347.68,0.0
2011-09-12 06:00:00,B3688,1.13,0.0,0.0,47.43,1.13,7588.8,8347.68,0.0
2011-09-12 07:00:00,B3688,0.308,0.0,0.69,47.43,-0.6819999999999999,7588.8,8347.68,0.99
2011-09-12 08:00:00,B3688,0.171,0.0,1.24,47.43,-1.379,7588.8,8347.68,1.55
2011-09-12 09:00:00,B3688,0.171,0.0,1.8,47.43,-1.909,7588.8,8347.68,2.08
2011-09-12 10:00:00,B3688,0.171,0.0,2.13,47.43,-2.1590000000000003,7588.8,8347.68,2.33
2011-09-12 11:00:00,B3688,0.171,0.0,2.34,47.43,-2.269,7588.8,8347.68,2.44
2011-09-12 12:00:00,B3688,1.13,0.0,2.4,47.43,-1.3400000000000003,7588.8,8347.68,2.47
2011-09-12 13:00:00,B3688,0.308,0.0,2.3,47.43,-2.0820000000000003,7588.8,8347.68,2.39
2011-09-12 14:00:00,B3688,0.171,0.0,2.05,47.43,-1.9789999999999999,7588.8,8347.68,2.15
2011-09-12 15:00:00,B3688,0.171,0.0,1.66,47.43,-1.589,7588.8,8347.68,1.76
2011-09-12 16:00:00,B3688,0.171,0.0,1.12,47.43,-1.039,7588.8,8347.68,1.21
2011-09-12 17:00:00,B3688,0.308,0.0,0.56,47.43,-0.342,7588.8,8347.68,0.65
2011-09-12 18:00:00,B3688,1.13,0.0,0.0,47.43,1.13,7588.8,8347.68,0.0
2011-09-12 19:00:00,B3688,1.403,0.0,0.0,47.43,1.403,7588.8,8347.68,0.0
2011-09-12 20:00:00,B3688,0.308,0.0,0.0,47.43,0.308,7588.8,8347.68,0.0
2011-09-12 21:00:00,B3688,0.308,0.0,0.0,47.43,0.308,7588.8,8347.68,0.0
2011-09-12 22:00:00,B3688,0.308,0.0,0.0,47.43,0.308,7588.8,8347.68,0.0
2011-09-12 23:00:00,B3688,0.171,0.0,0.0,47.43,0.171,7588.8,8347.68,0.0
2011-09-13 00:00:00,B3688,2.571,2.4,0.0,47.43,2.571,7588.8,8347.68,0.0
2011-09-13 01:00:00,B3688,2.571,2.4,0.0,47.43,2.571,7588.8,8347.68,0.0
2011-09-13 02:00:00,B3688,2.571,2.4,0.0,47.43,2.571,7588.8,8347.68,0.0
2011-09-13 03:00:00,B3688,2.571,2.4,0.0,47.43,2.571,7588.8,8347.68,0.0
2011-09-13 04:00:00,B3688,2.571,2.4,0.0,47.43,2.571,7588.8,8347.68,0.0
2011-09-13 05:00:00,B3688,0.308,0.0,0.0,47.43,0.308,7588.8,8347.68,0.0
2011-09-13 06:00:00,B3688,1.13,0.0,0.0,47.43,1.13,7588.8,8347.68,0.0
2011-09-13 07:00:00,B3688,0.308,0.0,0.61,47.43,-0.5920000000000001,7588.8,8347.68,0.9
2011-09-13 08:00:00,B3688,0.171,0.0,1.18,47.43,-1.329,7588.8,8347.68,1.5
2011-09-13 09:00:00,B3688,0.171,0.0,1.68,47.43,-1.779,7588.8,8347.68,1.95
2011-09-13 10:00:00,B3688,0.171,0.0,2.01,47.43,-2.019,7588.8,8347.68,2.19
2011-09-13 11:00:00,B3688,0.171,0.0,2.24,47.43,-2.169,7588.8,8347.68,2.34
2011-09-13 12:00:00,B3688,1.13,0.0,2.33,47.43,-1.27,7588.8,8347.68,2.4
2011-09-13 13:00:00,B3688,0.308,0.0,2.24,47.43,-2.012,7588.8,8347.68,2.32
2011-09-13 14:00:00,B3688,0.171,0.0,2.05,47.43,-1.9789999999999999,7588.8,8347.68,2.15
2011-09-13 15:00:00,B3688,0.171,0.0,1.65,47.43,-1.589,7588.8,8347.68,1.76
2011-09-13 16:00:00,B3688,0.171,0.0,1.16,47.43,-1.079,7588.8,8347.68,1.25
2011-09-13 17:00:00,B3688,0.308,0.0,0.57,47.43,-0.342,7588.8,8347.68,0.65
2011-09-13 18:00:00,B3688,1.13,0.0,0.0,47.43,1.13,7588.8,8347.68,0.0
2011-09-13 19:00:00,B3688,1.403,0.0,0.0,47.43,1.403,7588.8,8347.68,0.0
2011-09-13 20:00:00,B3688,0.308,0.0,0.0,47.43,0.308,7588.8,8347.68,0.0
2011-09-13 21:00:00,B3688,0.308,0.0,0.0,47.43,0.308,7588.8,8347.68,0.0
2011-09-13 22:00:00,B3688,0.308,0.0,0.0,47.43,0.308,7588.8,8347.68,0.0
2011-09-13 23:00:00,B3688,0.171,0.0,0.0,47.43,0.171,7588.8,8347.68,0.0
2011-09-14 00:00:00,B3688,2.571,2.4,0.0,47.43,2.571,7588.8,8347.68,0.0
2011-09-14 01:00:00,B3688,2.571,2.4,0.0,47.43,2.571,7588.8,8347.68,0.0
2011-09-14 02:00:00,B3688,2.571,2.4,0.0,47.43,2.571,7588.8,8347.68,0.0
2011-09-14 03:00:00,B3688,2.571,2.4,0.0,47.43,2.571,7588.8,8347.68,0.0
2011-09-14 04:00:00,B3688,2.571,2.4,0.0,47.43,2.571,7588.8,8347.68,0.0
2011-09-14 05:00:00,B3688,0.308,0.0,0.0,47.43,0.308,7588.8,8347.68,0.0
2011-09-14 06:00:00,B3688,1.13,0.0,0.0,47.43,1.13,7588.8,8347.68,0.0
2011-09-14 07:00:00,B3688,0.308,0.0,0.77,47.43,-0.772,7588.8,8347.68,1.08
2011-09-14 08:00:00,B3688,0.171,0.0,1.38,47.43,-1.599,7588.8,8347.68,1.77
2011-09-14 09:00:00,B3688,0.171,0.0,1.78,47.43,-1.929,7588.8,8347.68,2.1
2011-09-14 10:00:00,B3688,0.171,0.0,2.08,47.43,-2.129,7588.8,8347.68,2.3
2011-09-14 11:00:00,B3688,0.171,0.0,2.23,47.43,-2.1790000000000003,7588.8,8347.68,2.35
2011-09-14 12:00:00,B3688,1.13,0.0,2.34,47.43,-1.29,7588.8,8347.68,2.42
2011-09-14 13:00:00,B3688,0.308,0.0,2.28,47.43,-2.092,7588.8,8347.68,2.4
2011-09-14 14:00:00,B3688,0.171,0.0,2.06,47.43,-2.039,7588.8,8347.68,2.21
2011-09-14 15:00:00,B3688,0.171,0.0,1.66,47.43,-1.639,7588.8,8347.68,1.81
2011-09-14 16:00:00,B3688,0.171,0.0,1.11,47.43,-1.079,7588.8,8347.68,1.25
2011-09-14 17:00:00,B3688,0.308,0.0,0.39,47.43,-0.132,7588.8,8347.68,0.44
2011-09-14 18:00:00,B3688,1.13,0.0,0.0,47.43,1.13,7588.8,8347.68,0.0
2011-09-14 19:00:00,B3688,1.403,0.0,0.0,47.43,1.403,7588.8,8347.68,0.0
2011-09-14 20:00:00,B3688,0.308,0.0,0.0,47.43,0.308,7588.8,8347.68,0.0
2011-09-14 21:00:00,B3688,0.308,0.0,0.0,47.43,0.308,7588.8,8347.68,0.0
2011-09-14 22:00:00,B3688,0.308,0.0,0.0,47.43,0.308,7588.8,8347.68,0.0
2011-09-14 23:00:00,B3688,0.171,0.0,0.0,47.43,0.171,7588.8,8347.68,0.0
2011-09-15 00:00:00,B3688,2.571,2.4,0.0,47.43,2.571,7588.8,8347.68,0.0
2011-09-15 01:00:00,B3688,2.571,2.4,0.0,47.43,2.571,7588.8,8347.68,0.0
2011-09-15 02:00:00,B3688,2.571,2.4,0.0,47.43,2.571,7588.8,8347.68,0.0
2011-09-15 03:00:00,B3688,2.571,2.4,0.0,47.43,2.571,7588.8,8347.68,0.0
2011-09-15 04:00:00,B3688,2.571,2.4,0.0,47.43,2.571,7588.8,8347.68,0.0
2011-09-15 05:00:00,B3688,0.308,0.0,0.0,47.43,0.308,7588.8,8347.68,0.0
2011-09-15 06:00:00,B3688,1.13,0.0,0.0,47.43,1.13,7588.8,8347.68,0.0
2011-09-15 07:00:00,B3688,0.308,0.0,0.56,47.43,-0.40199999999999997,7588.8,8347.68,0.71
2011-09-15 08:00:00,B3688,0.171,0.0,0.89,47.43,-0.929,7588.8,8347.68,1.1
2011-09-15 09:00:00,B3688,0.171,0.0,0.98,47.43,-1.009,7588.8,8347.68,1.18
2011-09-15 10:00:00,B3688,0.171,0.0,1.2,47.43,-1.2189999999999999,7588.8,8347.68,1.39
2011-09-15 11:00:00,B3688,0.171,0.0,1.31,47.43,-1.309,7588.8,8347.68,1.48
2011-09-15 12:00:00,B3688,1.13,0.0,1.17,47.43,-0.18000000000000016,7588.8,8347.68,1.31
2011-09-15 13:00:00,B3688,0.308,0.0,1.36,47.43,-1.192,7588.8,8347.68,1.5
2011-09-15 14:00:00,B3688,0.171,0.0,1.43,47.43,-1.399,7588.8,8347.68,1.57
2011-09-15 15:00:00,B3688,0.171,0.0,1.19,47.43,-1.159,7588.8,8347.68,1.33
2011-09-15 16:00:00,B3688,0.171,0.0,0.73,47.43,-0.6689999999999999,7588.8,8347.68,0.84
2011-09-15 17:00:00,B3688,0.308,0.0,0.0,47.43,0.308,7588.8,8347.68,0.0
2011-09-15 18:00:00,B3688,1.13,0.0,0.0,47.43,1.13,7588.8,8347.68,0.0
2011-09-15 19:00:00,B3688,1.403,0.0,0.0,47.43,1.403,7588.8,8347.68,0.0
2011-09-15 20:00:00,B3688,0.308,0.0,0.0,47.43,0.308,7588.8,8347.68,0.0
2011-09-15 21:00:00,B3688,0.308,0.0,0.0,47.43,0.308,7588.8,8347.68,0.0
2011-09-15 22:00:00,B3688,0.308,0.0,0.0,47.43,0.308,7588.8,8347.68,0.0
2011-09-15 23:00:00,B3688,0.171,0.0,0.0,47.43,0.171,7588.8,8347.68,0.0
2011-09-16 00:00:00,B3688,2.571,2.4,0.0,47.43,2.571,7588.8,8347.68,0.0
2011-09-16 01:00:00,B3688,2.571,2.4,0.0,47.43,2.571,7588.8,8347.68,0.0
2011-09-16 02:00:00,B3688,2.571,2.4,0.0,47.43,2.571,7588.8,8347.68,0.0
2011-09-16 03:00:00,B3688,2.571,2.4,0.0,47.43,2.571,7588.8,8347.68,0.0
2011-09-16 04:00:00,B3688,2.571,2.4,0.0,47.43,2.571,7588.8,8347.68,0.0
2011-09-16 05:00:00,B3688,0.308,0.0,0.0,47.43,0.308,7588.8,8347.68,0.0
2011-09-16 06:00:00,B3688,1.13,0.0,0.0,47.43,1.13,7588.8,8347.68,0.0
2011-09-16 07:00:00,B3688,0.308,0.0,0.59,47.43,-0.5720000000000001,7588.8,8347.68,0.88
2011-09-16 08:00:00,B3688,0.171,0.0,1.12,47.43,-1.279,7588.8,8347.68,1.45
2011-09-16 09:00:00,B3688,0.171,0.0,1.67,47.43,-1.809,7588.8,8347.68,1.98
2011-09-16 10:00:00,B3688,0.171,0.0,1.99,47.43,-2.039,7588.8,8347.68,2.21
2011-09-16 11:00:00,B3688,0.171,0.0,2.15,47.43,-2.089,7588.8,8347.68,2.26
2011-09-16 12:00:00,B3688,1.13,0.0,2.2,47.43,-1.1400000000000001,7588.8,8347.68,2.27
2011-09-16 13:00:00,B3688,0.308,0.0,2.09,47.43,-1.8619999999999999,7588.8,8347.68,2.17
2011-09-16 14:00:00,B3688,0.171,0.0,1.91,47.43,-1.8389999999999997,7588.8,8347.68,2.01
2011-09-16 15:00:00,B3688,0.171,0.0,1.6,47.43,-1.539,7588.8,8347.68,1.71
2011-09-16 16:00:00,B3688,0.171,0.0,1.1,47.43,-1.029,7588.8,8347.68,1.2
2011-09-16 17:00:00,B3688,0.308,0.0,0.36,47.43,-0.10199999999999998,7588.8,8347.68,0.41
2011-09-16 18:00:00,B3688,1.13,0.0,0.0,47.43,1.13,7588.8,8347.68,0.0
2011-09-16 19:00:00,B3688,1.403,0.0,0.0,47.43,1.403,7588.8,8347.68,0.0
2011-09-16 20:00:00,B3688,0.308,0.0,0.0,47.43,0.308,7588.8,8347.68,0.0
2011-09-16 21:00:00,B3688,0.308,0.0,0.0,47.43,0.308,7588.8,8347.68,0.0
2011-09-16 22:00:00,B3688,0.308,0.0,0.0,47.43,0.308,7588.8,8347.68,0.0
2011-09-16 23:00:00,B3688,0.171,0.0,0.0,47.43,0.171,7588.8,8347.68,0.0
2011-09-17 00:00:00,B3688,0.171,0.0,0.0,47.43,0.171,7588.8,8347.68,0.0
2011-09-17 01:00:00,B3688,0.171,0.0,0.0,47.43,0.171,7588.8,8347.68,0.0
2011-09-17 02:00:00,B3688,0.171,0.0,0.0,47.43,0.171,7588.8,8347.68,0.0
2011-09-17 03:00:00,B3688,0.171,0.0,0.0,47.43,0.171,7588.8,8347.68,0.0
2011-09-17 04:00:00,B3688,0.171,0.0,0.0,47.43,0.171,7588.8,8347.68,0.0
2011-09-17 05:00:00,B3688,0.308,0.0,0.0,47.43,0.308,7588.8,8347.68,0.0
2011-09-17 06:00:00,B3688,1.129,0.0,0.0,47.43,1.129,7588.8,8347.68,0.0
2011-09-17 07:00:00,B3688,0.308,0.0,0.51,47.43,-0.49200000000000005,7588.8,8347.68,0.8
2011-09-17 08:00:00,B3688,2.571,2.4,1.06,47.43,1.1910000000000003,7588.8,8347.68,1.38
2011-09-17 09:00:00,B3688,2.571,2.4,1.54,47.43,0.7610000000000001,7588.8,8347.68,1.81
2011-09-17 10:00:00,B3688,2.571,2.4,1.87,47.43,0.5210000000000004,7588.8,8347.68,2.05
2011-09-17 11:00:00,B3688,2.571,2.4,2.18,47.43,0.27100000000000035,7588.8,8347.68,2.3
2011-09-17 12:00:00,B3688,3.53,2.4,2.28,47.43,1.15,7588.8,8347.68,2.38
2011-09-17 13:00:00,B3688,0.308,0.0,2.18,47.43,-1.962,7588.8,8347.68,2.27
2011-09-17 14:00:00,B3688,0.171,0.0,1.96,47.43,-1.8989999999999998,7588.8,8347.68,2.07
2011-09-17 15:00:00,B3688,0.171,0.0,1.58,47.43,-1.529,7588.8,8347.68,1.7
2011-09-17 16:00:00,B3688,0.171,0.0,1.07,47.43,-0.9989999999999999,7588.8,8347.68,1.17
2011-09-17 17:00:00,B3688,0.308,0.0,0.34,47.43,-0.09200000000000003,7588.8,8347.68,0.4
2011-09-17 18:00:00,B3688,1.13,0.0,0.0,47.43,1.13,7588.8,8347.68,0.0
2011-09-17 19:00:00,B3688,1.403,0.0,0.0,47.43,1.403,7588.8,8347.68,0.0
2011-09-17 20:00:00,B3688,0.308,0.0,0.0,47.43,0.308,7588.8,8347.68,0.0
2011-09-17 21:00:00,B3688,0.308,0.0,0.0,47.43,0.308,7588.8,8347.68,0.0
2011-09-17 22:00:00,B3688,0.308,0.0,0.0,47.43,0.308,7588.8,8347.68,0.0
2011-09-17 23:00:00,B3688,0.171,0.0,0.0,47.43,0.171,7588.8,8347.68,0.0
2011-09-18 00:00:00,B3688,0.171,0.0,0.0,47.43,0.171,7588.8,8347.68,0.0
2011-09-18 01:00:00,B3688,0.171,0.0,0.0,47.43,0.171,7588.8,8347.68,0.0
2011-09-18 02:00:00,B3688,0.171,0.0,0.0,47.43,0.171,7588.8,8347.68,0.0
2011-09-18 03:00:00,B3688,0.171,0.0,0.0,47.43,0.171,7588.8,8347.68,0.0
2011-09-18 04:00:00,B3688,0.171,0.0,0.0,47.43,0.171,7588.8,8347.68,0.0
2011-09-18 05:00:00,B3688,0.308,0.0,0.0,47.43,0.308,7588.8,8347.68,0.0
2011-09-18 06:00:00,B3688,1.129,0.0,0.0,47.43,1.129,7588.8,8347.68,0.0
2011-09-18 07:00:00,B3688,0.308,0.0,0.51,47.43,-0.48200000000000004,7588.8,8347.68,0.79
2011-09-18 08:00:00,B3688,2.571,2.4,1.04,47.43,1.201,7588.8,8347.68,1.37
2011-09-18 09:00:00,B3688,2.571,2.4,1.63,47.43,0.6210000000000002,7588.8,8347.68,1.95
2011-09-18 10:00:00,B3688,2.571,2.4,2.0,47.43,0.3210000000000002,7588.8,8347.68,2.25
2011-09-18 11:00:00,B3688,2.571,2.4,2.19,47.43,0.22100000000000009,7588.8,8347.68,2.35
2011-09-18 12:00:00,B3688,3.53,2.4,2.26,47.43,1.1799999999999997,7588.8,8347.68,2.35
2011-09-18 13:00:00,B3688,0.308,0.0,2.12,47.43,-1.902,7588.8,8347.68,2.21
2011-09-18 14:00:00,B3688,0.171,0.0,1.87,47.43,-1.799,7588.8,8347.68,1.97
2011-09-18 15:00:00,B3688,0.171,0.0,1.52,47.43,-1.4589999999999999,7588.8,8347.68,1.63
2011-09-18 16:00:00,B3688,0.171,0.0,1.04,47.43,-0.9689999999999999,7588.8,8347.68,1.14
2011-09-18 17:00:00,B3688,0.308,0.0,0.33,47.43,-0.08200000000000002,7588.8,8347.68,0.39
2011-09-18 18:00:00,B3688,1.13,0.0,0.0,47.43,1.13,7588.8,8347.68,0.0
2011-09-18 19:00:00,B3688,1.403,0.0,0.0,47.43,1.403,7588.8,8347.68,0.0
2011-09-18 20:00:00,B3688,0.308,0.0,0.0,47.43,0.308,7588.8,8347.68,0.0
2011-09-18 21:00:00,B3688,0.308,0.0,0.0,47.43,0.308,7588.8,8347.68,0.0
2011-09-18 22:00:00,B3688,0.308,0.0,0.0,47.43,0.308,7588.8,8347.68,0.0
2011-09-18 23:00:00,B3688,0.171,0.0,0.0,47.43,0.171,7588.8,8347.68,0.0
2011-09-19 00:00:00,B3688,2.571,2.4,0.0,47.43,2.571,7588.8,8347.68,0.0
2011-09-19 01:00:00,B3688,2.571,2.4,0.0,47.43,2.571,7588.8,8347.68,0.0
2011-09-19 02:00:00,B3688,2.571,2.4,0.0,47.43,2.571,7588.8,8347.68,0.0
2011-09-19 03:00:00,B3688,2.571,2.4,0.0,47.43,2.571,7588.8,8347.68,0.0
2011-09-19 04:00:00,B3688,2.571,2.4,0.0,47.43,2.571,7588.8,8347.68,0.0
2011-09-19 05:00:00,B3688,0.308,0.0,0.0,47.43,0.308,7588.8,8347.68,0.0
2011-09-19 06:00:00,B3688,1.13,0.0,0.0,47.43,1.13,7588.8,8347.68,0.0
2011-09-19 07:00:00,B3688,0.308,0.0,0.4,47.43,-0.37200000000000005,7588.8,8347.68,0.68
2011-09-19 08:00:00,B3688,0.171,0.0,0.91,47.43,-1.039,7588.8,8347.68,1.21
2011-09-19 09:00:00,B3688,0.171,0.0,1.44,47.43,-1.529,7588.8,8347.68,1.7
2011-09-19 10:00:00,B3688,0.171,0.0,1.8,47.43,-1.809,7588.8,8347.68,1.98
2011-09-19 11:00:00,B3688,0.171,0.0,2.04,47.43,-1.9589999999999999,7588.8,8347.68,2.13
2011-09-19 12:00:00,B3688,1.13,0.0,2.14,47.43,-1.08,7588.8,8347.68,2.21
2011-09-19 13:00:00,B3688,0.308,0.0,2.08,47.43,-1.852,7588.8,8347.68,2.16
2011-09-19 14:00:00,B3688,0.171,0.0,1.85,47.43,-1.779,7588.8,8347.68,1.95
2011-09-19 15:00:00,B3688,0.171,0.0,1.49,47.43,-1.429,7588.8,8347.68,1.6
2011-09-19 16:00:00,B3688,0.171,0.0,1.0,47.43,-0.929,7588.8,8347.68,1.1
2011-09-19 17:00:00,B3688,0.308,0.0,0.31,47.43,-0.062,7588.8,8347.68,0.37
2011-09-19 18:00:00,B3688,1.13,0.0,0.0,47.43,1.13,7588.8,8347.68,0.0
2011-09-19 19:00:00,B3688,1.403,0.0,0.0,47.43,1.403,7588.8,8347.68,0.0
2011-09-19 20:00:00,B3688,0.308,0.0,0.0,47.43,0.308,7588.8,8347.68,0.0
2011-09-19 21:00:00,B3688,0.308,0.0,0.0,47.43,0.308,7588.8,8347.68,0.0
2011-09-19 22:00:00,B3688,0.308,0.0,0.0,47.43,0.308,7588.8,8347.68,0.0
2011-09-19 23:00:00,B3688,0.171,0.0,0.0,47.43,0.171,7588.8,8347.68,0.0
2011-09-20 00:00:00,B3688,2.571,2.4,0.0,47.43,2.571,7588.8,8347.68,0.0
2011-09-20 01:00:00,B3688,2.571,2.4,0.0,47.43,2.571,7588.8,8347.68,0.0
2011-09-20 02:00:00,B3688,2.571,2.4,0.0,47.43,2.571,7588.8,8347.68,0.0
2011-09-20 03:00:00,B3688,2.571,2.4,0.0,47.43,2.571,7588.8,8347.68,0.0
2011-09-20 04:00:00,B3688,2.571,2.4,0.0,47.43,2.571,7588.8,8347.68,0.0
2011-09-20 05:00:00,B3688,0.308,0.0,0.0,47.43,0.308,7588.8,8347.68,0.0
2011-09-20 06:00:00,B3688,1.13,0.0,0.0,47.43,1.13,7588.8,8347.68,0.0
2011-09-20 07:00:00,B3688,0.308,0.0,0.4,47.43,-0.37200000000000005,7588.8,8347.68,0.68
2011-09-20 08:00:00,B3688,0.171,0.0,0.91,47.43,-1.049,7588.8,8347.68,1.22
2011-09-20 09:00:00,B3688,0.171,0.0,1.39,47.43,-1.4789999999999999,7588.8,8347.68,1.65
2011-09-20 10:00:00,B3688,0.171,0.0,1.73,47.43,-1.7389999999999999,7588.8,8347.68,1.91
2011-09-20 11:00:00,B3688,0.171,0.0,1.99,47.43,-1.9189999999999998,7588.8,8347.68,2.09
2011-09-20 12:00:00,B3688,1.13,0.0,2.1,47.43,-1.04,7588.8,8347.68,2.17
2011-09-20 13:00:00,B3688,0.308,0.0,2.04,47.43,-1.812,7588.8,8347.68,2.12
2011-09-20 14:00:00,B3688,0.171,0.0,1.82,47.43,-1.7389999999999999,7588.8,8347.68,1.91
2011-09-20 15:00:00,B3688,0.171,0.0,1.46,47.43,-1.399,7588.8,8347.68,1.57
2011-09-20 16:00:00,B3688,0.171,0.0,0.99,47.43,-0.919,7588.8,8347.68,1.09
2011-09-20 17:00:00,B3688,0.308,0.0,0.31,47.43,-0.062,7588.8,8347.68,0.37
2011-09-20 18:00:00,B3688,1.13,0.0,0.0,47.43,1.13,7588.8,8347.68,0.0
2011-09-20 19:00:00,B3688,1.403,0.0,0.0,47.43,1.403,7588.8,8347.68,0.0
2011-09-20 20:00:00,B3688,0.308,0.0,0.0,47.43,0.308,7588.8,8347.68,0.0
2011-09-20 21:00:00,B3688,0.308,0.0,0.0,47.43,0.308,7588.8,8347.68,0.0
2011-09-20 22:00:00,B3688,0.308,0.0,0.0,47.43,0.308,7588.8,8347.68,0.0
2011-09-20 23:00:00,B3688,0.171,0.0,0.0,47.43,0.171,7588.8,8347.68,0.0
2011-09-21 00:00:00,B3688,2.571,2.4,0.0,47.43,2.571,7588.8,8347.68,0.0
2011-09-21 01:00:00,B3688,2.571,2.4,0.0,47.43,2.571,7588.8,8347.68,0.0
2011-09-21 02:00:00,B3688,2.571,2.4,0.0,47.43,2.571,7588.8,8347.68,0.0
2011-09-21 03:00:00,B3688,2.571,2.4,0.0,47.43,2.571,7588.8,8347.68,0.0
2011-09-21 04:00:00,B3688,2.571,2.4,0.0,47.43,2.571,7588.8,8347.68,0.0
2011-09-21 05:00:00,B3688,0.308,0.0,0.0,47.43,0.308,7588.8,8347.68,0.0
2011-09-21 06:00:00,B3688,1.13,0.0,0.0,47.43,1.13,7588.8,8347.68,0.0
2011-09-21 07:00:00,B3688,0.308,0.0,0.37,47.43,-0.332,7588.8,8347.68,0.64
2011-09-21 08:00:00,B3688,0.171,0.0,0.88,47.43,-1.019,7588.8,8347.68,1.19
2011-09-21 09:00:00,B3688,0.171,0.0,1.36,47.43,-1.449,7588.8,8347.68,1.62
2011-09-21 10:00:00,B3688,0.171,0.0,1.7,47.43,-1.699,7588.8,8347.68,1.87
2011-09-21 11:00:00,B3688,0.171,0.0,1.95,47.43,-1.869,7588.8,8347.68,2.04
2011-09-21 12:00:00,B3688,1.13,0.0,2.06,47.43,-1.0100000000000002,7588.8,8347.68,2.14
2011-09-21 13:00:00,B3688,0.308,0.0,2.02,47.43,-1.8019999999999998,7588.8,8347.68,2.11
2011-09-21 14:00:00,B3688,0.171,0.0,1.82,47.43,-1.759,7588.8,8347.68,1.93
2011-09-21 15:00:00,B3688,0.171,0.0,1.46,47.43,-1.419,7588.8,8347.68,1.59
2011-09-21 16:00:00,B3688,0.171,0.0,0.98,47.43,-0.909,7588.8,8347.68,1.08
2011-09-21 17:00:00,B3688,0.308,0.0,0.29,47.43,-0.04199999999999998,7588.8,8347.68,0.35
2011-09-21 18:00:00,B3688,1.13,0.0,0.0,47.43,1.13,7588.8,8347.68,0.0
2011-09-21 19:00:00,B3688,1.403,0.0,0.0,47.43,1.403,7588.8,8347.68,0.0
2011-09-21 20:00:00,B3688,0.308,0.0,0.0,47.43,0.308,7588.8,8347.68,0.0
2011-09-21 21:00:00,B3688,0.308,0.0,0.0,47.43,0.308,7588.8,8347.68,0.0
2011-09-21 22:00:00,B3688,0.308,0.0,0.0,47.43,0.308,7588.8,8347.68,0.0
2011-09-21 23:00:00,B3688,0.171,0.0,0.0,47.43,0.171,7588.8,8347.68,0.0
2011-09-22 00:00:00,B3688,2.571,2.4,0.0,47.43,2.571,7588.8,8347.68,0.0
2011-09-22 01:00:00,B3688,2.571,2.4,0.0,47.43,2.571,7588.8,8347.68,0.0
2011-09-22 02:00:00,B3688,2.571,2.4,0.0,47.43,2.571,7588.8,8347.68,0.0
2011-09-22 03:00:00,B3688,2.571,2.4,0.0,47.43,2.571,7588.8,8347.68,0.0
2011-09-22 04:00:00,B3688,2.571,2.4,0.0,47.43,2.571,7588.8,8347.68,0.0
2011-09-22 05:00:00,B3688,0.308,0.0,0.0,47.43,0.308,7588.8,8347.68,0.0
2011-09-22 06:00:00,B3688,1.13,0.0,0.0,47.43,1.13,7588.8,8347.68,0.0
2011-09-22 07:00:00,B3688,0.308,0.0,0.42,47.43,-0.38199999999999995,7588.8,8347.68,0.69
2011-09-22 08:00:00,B3688,0.171,0.0,0.88,47.43,-1.029,7588.8,8347.68,1.2
2011-09-22 09:00:00,B3688,0.171,0.0,1.38,47.43,-1.4889999999999999,7588.8,8347.68,1.66
2011-09-22 10:00:00,B3688,0.171,0.0,1.72,47.43,-1.7389999999999999,7588.8,8347.68,1.91
2011-09-22 11:00:00,B3688,0.171,0.0,1.96,47.43,-1.8989999999999998,7588.8,8347.68,2.07
2011-09-22 12:00:00,B3688,1.13,0.0,2.1,47.43,-1.0500000000000003,7588.8,8347.68,2.18
2011-09-22 13:00:00,B3688,0.308,0.0,2.02,47.43,-1.812,7588.8,8347.68,2.12
2011-09-22 14:00:00,B3688,0.171,0.0,1.79,47.43,-1.7189999999999999,7588.8,8347.68,1.89
2011-09-22 15:00:00,B3688,0.171,0.0,1.4,47.43,-1.349,7588.8,8347.68,1.52
2011-09-22 16:00:00,B3688,0.171,0.0,0.87,47.43,-0.7889999999999999,7588.8,8347.68,0.96
2011-09-22 17:00:00,B3688,0.308,0.0,0.33,47.43,-0.062,7588.8,8347.68,0.37
2011-09-22 18:00:00,B3688,1.13,0.0,0.0,47.43,1.13,7588.8,8347.68,0.0
2011-09-22 19:00:00,B3688,1.403,0.0,0.0,47.43,1.403,7588.8,8347.68,0.0
2011-09-22 20:00:00,B3688,0.308,0.0,0.0,47.43,0.308,7588.8,8347.68,0.0
2011-09-22 21:00:00,B3688,0.308,0.0,0.0,47.43,0.308,7588.8,8347.68,0.0
2011-09-22 22:00:00,B3688,0.308,0.0,0.0,47.43,0.308,7588.8,8347.68,0.0
2011-09-22 23:00:00,B3688,0.171,0.0,0.0,47.43,0.171,7588.8,8347.68,0.0
2011-09-23 00:00:00,B3688,2.571,2.4,0.0,47.43,2.571,7588.8,8347.68,0.0
2011-09-23 01:00:00,B3688,2.571,2.4,0.0,47.43,2.571,7588.8,8347.68,0.0
2011-09-23 02:00:00,B3688,2.571,2.4,0.0,47.43,2.571,7588.8,8347.68,0.0
2011-09-23 03:00:00,B3688,2.571,2.4,0.0,47.43,2.571,7588.8,8347.68,0.0
2011-09-23 04:00:00,B3688,2.571,2.4,0.0,47.43,2.571,7588.8,8347.68,0.0
2011-09-23 05:00:00,B3688,0.308,0.0,0.0,47.43,0.308,7588.8,8347.68,0.0
2011-09-23 06:00:00,B3688,1.13,0.0,0.0,47.43,1.13,7588.8,8347.68,0.0
2011-09-23 07:00:00,B3688,0.308,0.0,0.43,47.43,-0.122,7588.8,8347.68,0.43
2011-09-23 08:00:00,B3688,0.171,0.0,0.75,47.43,-0.6789999999999999,7588.8,8347.68,0.85
2011-09-23 09:00:00,B3688,0.171,0.0,1.11,47.43,-1.099,7588.8,8347.68,1.27
2011-09-23 10:00:00,B3688,0.171,0.0,1.52,47.43,-1.579,7588.8,8347.68,1.75
2011-09-23 11:00:00,B3688,0.171,0.0,1.91,47.43,-1.909,7588.8,8347.68,2.08
2011-09-23 12:00:00,B3688,1.13,0.0,1.97,47.43,-0.96,7588.8,8347.68,2.09
2011-09-23 13:00:00,B3688,0.308,0.0,1.86,47.43,-1.662,7588.8,8347.68,1.97
2011-09-23 14:00:00,B3688,0.171,0.0,1.65,47.43,-1.599,7588.8,8347.68,1.77
2011-09-23 15:00:00,B3688,0.171,0.0,1.2,47.43,-1.149,7588.8,8347.68,1.32
2011-09-23 16:00:00,B3688,0.171,0.0,0.8,47.43,-0.719,7588.8,8347.68,0.89
2011-09-23 17:00:00,B3688,0.308,0.0,0.23,47.43,0.03799999999999998,7588.8,8347.68,0.27
2011-09-23 18:00:00,B3688,1.13,0.0,0.0,47.43,1.13,7588.8,8347.68,0.0
2011-09-23 19:00:00,B3688,1.403,0.0,0.0,47.43,1.403,7588.8,8347.68,0.0
2011-09-23 20:00:00,B3688,0.308,0.0,0.0,47.43,0.308,7588.8,8347.68,0.0
2011-09-23 21:00:00,B3688,0.308,0.0,0.0,47.43,0.308,7588.8,8347.68,0.0
2011-09-23 22:00:00,B3688,0.308,0.0,0.0,47.43,0.308,7588.8,8347.68,0.0
2011-09-23 23:00:00,B3688,0.171,0.0,0.0,47.43,0.171,7588.8,8347.68,0.0
2011-09-24 00:00:00,B3688,0.171,0.0,0.0,47.43,0.171,7588.8,8347.68,0.0
2011-09-24 01:00:00,B3688,0.171,0.0,0.0,47.43,0.171,7588.8,8347.68,0.0
2011-09-24 02:00:00,B3688,0.171,0.0,0.0,47.43,0.171,7588.8,8347.68,0.0
2011-09-24 03:00:00,B3688,0.171,0.0,0.0,47.43,0.171,7588.8,8347.68,0.0
2011-09-24 04:00:00,B3688,0.171,0.0,0.0,47.43,0.171,7588.8,8347.68,0.0
2011-09-24 05:00:00,B3688,0.308,0.0,0.0,47.43,0.308,7588.8,8347.68,0.0
2011-09-24 06:00:00,B3688,1.129,0.0,0.0,47.43,1.129,7588.8,8347.68,0.0
2011-09-24 07:00:00,B3688,0.308,0.0,0.4,47.43,-0.36200000000000004,7588.8,8347.68,0.67
2011-09-24 08:00:00,B3688,2.571,2.4,0.82,47.43,1.451,7588.8,8347.68,1.12
2011-09-24 09:00:00,B3688,2.571,2.4,1.33,47.43,0.9510000000000001,7588.8,8347.68,1.62
2011-09-24 10:00:00,B3688,2.571,2.4,1.6,47.43,0.7510000000000001,7588.8,8347.68,1.82
2011-09-24 11:00:00,B3688,2.571,2.4,1.65,47.43,0.7710000000000001,7588.8,8347.68,1.8
2011-09-24 12:00:00,B3688,3.53,2.4,1.87,47.43,1.5399999999999998,7588.8,8347.68,1.99
2011-09-24 13:00:00,B3688,0.308,0.0,1.94,47.43,-1.7419999999999998,7588.8,8347.68,2.05
2011-09-24 14:00:00,B3688,0.171,0.0,1.62,47.43,-1.559,7588.8,8347.68,1.73
2011-09-24 15:00:00,B3688,0.171,0.0,1.28,47.43,-1.2289999999999999,7588.8,8347.68,1.4
2011-09-24 16:00:00,B3688,0.171,0.0,0.89,47.43,-0.819,7588.8,8347.68,0.99
2011-09-24 17:00:00,B3688,0.308,0.0,0.29,47.43,-0.03200000000000003,7588.8,8347.68,0.34
2011-09-24 18:00:00,B3688,1.13,0.0,0.0,47.43,1.13,7588.8,8347.68,0.0
2011-09-24 19:00:00,B3688,1.403,0.0,0.0,47.43,1.403,7588.8,8347.68,0.0
2011-09-24 20:00:00,B3688,0.308,0.0,0.0,47.43,0.308,7588.8,8347.68,0.0
2011-09-24 21:00:00,B3688,0.308,0.0,0.0,47.43,0.308,7588.8,8347.68,0.0
2011-09-24 22:00:00,B3688,0.308,0.0,0.0,47.43,0.308,7588.8,8347.68,0.0
2011-09-24 23:00:00,B3688,0.171,0.0,0.0,47.43,0.171,7588.8,8347.68,0.0
2011-09-25 00:00:00,B3688,0.171,0.0,0.0,47.43,0.171,7588.8,8347.68,0.0
2011-09-25 01:00:00,B3688,0.171,0.0,0.0,47.43,0.171,7588.8,8347.68,0.0
2011-09-25 02:00:00,B3688,0.171,0.0,0.0,47.43,0.171,7588.8,8347.68,0.0
2011-09-25 03:00:00,B3688,0.171,0.0,0.0,47.43,0.171,7588.8,8347.68,0.0
2011-09-25 04:00:00,B3688,0.171,0.0,0.0,47.43,0.171,7588.8,8347.68,0.0
2011-09-25 05:00:00,B3688,0.308,0.0,0.0,47.43,0.308,7588.8,8347.68,0.0
2011-09-25 06:00:00,B3688,1.129,0.0,0.0,47.43,1.129,7588.8,8347.68,0.0
2011-09-25 07:00:00,B3688,0.308,0.0,0.3,47.43,-0.26199999999999996,7588.8,8347.68,0.57
2011-09-25 08:00:00,B3688,2.571,2.4,0.75,47.43,1.5110000000000001,7588.8,8347.68,1.06
2011-09-25 09:00:00,B3688,2.571,2.4,1.26,47.43,1.0410000000000001,7588.8,8347.68,1.53
2011-09-25 10:00:00,B3688,2.571,2.4,1.67,47.43,0.7010000000000001,7588.8,8347.68,1.87
2011-09-25 11:00:00,B3688,2.571,2.4,2.03,47.43,0.41100000000000003,7588.8,8347.68,2.16
2011-09-25 12:00:00,B3688,3.53,2.4,2.18,47.43,1.2399999999999998,7588.8,8347.68,2.29
2011-09-25 13:00:00,B3688,0.308,0.0,2.1,47.43,-1.9120000000000001,7588.8,8347.68,2.22
2011-09-25 14:00:00,B3688,0.171,0.0,1.85,47.43,-1.819,7588.8,8347.68,1.99
2011-09-25 15:00:00,B3688,0.171,0.0,1.46,47.43,-1.429,7588.8,8347.68,1.6
2011-09-25 16:00:00,B3688,0.171,0.0,0.87,47.43,-0.7889999999999999,7588.8,8347.68,0.96
2011-09-25 17:00:00,B3688,0.308,0.0,0.28,47.43,-0.01200000000000001,7588.8,8347.68,0.32
2011-09-25 18:00:00,B3688,1.13,0.0,0.0,47.43,1.13,7588.8,8347.68,0.0
2011-09-25 19:00:00,B3688,1.403,0.0,0.0,47.43,1.403,7588.8,8347.68,0.0
2011-09-25 20:00:00,B3688,0.308,0.0,0.0,47.43,0.308,7588.8,8347.68,0.0
2011-09-25 21:00:00,B3688,0.308,0.0,0.0,47.43,0.308,7588.8,8347.68,0.0
2011-09-25 22:00:00,B3688,0.308,0.0,0.0,47.43,0.308,7588.8,8347.68,0.0
2011-09-25 23:00:00,B3688,0.171,0.0,0.0,47.43,0.171,7588.8,8347.68,0.0
2011-09-26 00:00:00,B3688,2.571,2.4,0.0,47.43,2.571,7588.8,8347.68,0.0
2011-09-26 01:00:00,B3688,2.571,2.4,0.0,47.43,2.571,7588.8,8347.68,0.0
2011-09-26 02:00:00,B3688,2.571,2.4,0.0,47.43,2.571,7588.8,8347.68,0.0
2011-09-26 03:00:00,B3688,2.571,2.4,0.0,47.43,2.571,7588.8,8347.68,0.0
2011-09-26 04:00:00,B3688,2.571,2.4,0.0,47.43,2.571,7588.8,8347.68,0.0
2011-09-26 05:00:00,B3688,0.308,0.0,0.0,47.43,0.308,7588.8,8347.68,0.0
2011-09-26 06:00:00,B3688,1.13,0.0,0.0,47.43,1.13,7588.8,8347.68,0.0
2011-09-26 07:00:00,B3688,0.308,0.0,0.25,47.43,-0.202,7588.8,8347.68,0.51
2011-09-26 08:00:00,B3688,0.171,0.0,0.66,47.43,-0.7889999999999999,7588.8,8347.68,0.96
2011-09-26 09:00:00,B3688,0.171,0.0,1.15,47.43,-1.2189999999999999,7588.8,8347.68,1.39
2011-09-26 10:00:00,B3688,0.171,0.0,1.5,47.43,-1.4989999999999999,7588.8,8347.68,1.67
2011-09-26 11:00:00,B3688,0.171,0.0,1.76,47.43,-1.679,7588.8,8347.68,1.85
2011-09-26 12:00:00,B3688,1.13,0.0,1.88,47.43,-0.8200000000000001,7588.8,8347.68,1.95
2011-09-26 13:00:00,B3688,0.308,0.0,1.82,47.43,-1.5919999999999999,7588.8,8347.68,1.9
2011-09-26 14:00:00,B3688,0.171,0.0,1.61,47.43,-1.539,7588.8,8347.68,1.71
2011-09-26 15:00:00,B3688,0.171,0.0,1.27,47.43,-1.2089999999999999,7588.8,8347.68,1.38
2011-09-26 16:00:00,B3688,0.171,0.0,0.83,47.43,-0.749,7588.8,8347.68,0.92
2011-09-26 17:00:00,B3688,0.308,0.0,0.23,47.43,0.02799999999999997,7588.8,8347.68,0.28
2011-09-26 18:00:00,B3688,1.13,0.0,0.0,47.43,1.13,7588.8,8347.68,0.0
2011-09-26 19:00:00,B3688,1.403,0.0,0.0,47.43,1.403,7588.8,8347.68,0.0
2011-09-26 20:00:00,B3688,0.308,0.0,0.0,47.43,0.308,7588.8,8347.68,0.0
2011-09-26 21:00:00,B3688,0.308,0.0,0.0,47.43,0.308,7588.8,8347.68,0.0
2011-09-26 22:00:00,B3688,0.308,0.0,0.0,47.43,0.308,7588.8,8347.68,0.0
2011-09-26 23:00:00,B3688,0.171,0.0,0.0,47.43,0.171,7588.8,8347.68,0.0
2011-09-27 00:00:00,B3688,2.571,2.4,0.0,47.43,2.571,7588.8,8347.68,0.0
2011-09-27 01:00:00,B3688,2.571,2.4,0.0,47.43,2.571,7588.8,8347.68,0.0
2011-09-27 02:00:00,B3688,2.571,2.4,0.0,47.43,2.571,7588.8,8347.68,0.0
2011-09-27 03:00:00,B3688,2.571,2.4,0.0,47.43,2.571,7588.8,8347.68,0.0
2011-09-27 04:00:00,B3688,2.571,2.4,0.0,47.43,2.571,7588.8,8347.68,0.0
2011-09-27 05:00:00,B3688,0.308,0.0,0.0,47.43,0.308,7588.8,8347.68,0.0
2011-09-27 06:00:00,B3688,1.13,0.0,0.0,47.43,1.13,7588.8,8347.68,0.0
2011-09-27 07:00:00,B3688,0.308,0.0,0.27,47.43,-0.22200000000000003,7588.8,8347.68,0.53
2011-09-27 08:00:00,B3688,0.171,0.0,0.73,47.43,-0.879,7588.8,8347.68,1.05
2011-09-27 09:00:00,B3688,0.171,0.0,1.19,47.43,-1.299,7588.8,8347.68,1.47
2011-09-27 10:00:00,B3688,0.171,0.0,1.52,47.43,-1.539,7588.8,8347.68,1.71
2011-09-27 11:00:00,B3688,0.171,0.0,1.79,47.43,-1.7289999999999999,7588.8,8347.68,1.9
2011-09-27 12:00:00,B3688,1.13,0.0,1.9,47.43,-0.8500000000000001,7588.8,8347.68,1.98
2011-09-27 13:00:00,B3688,0.308,0.0,1.83,47.43,-1.6219999999999999,7588.8,8347.68,1.93
2011-09-27 14:00:00,B3688,0.171,0.0,1.63,47.43,-1.569,7588.8,8347.68,1.74
2011-09-27 15:00:00,B3688,0.171,0.0,1.25,47.43,-1.199,7588.8,8347.68,1.37
2011-09-27 16:00:00,B3688,0.171,0.0,0.79,47.43,-0.709,7588.8,8347.68,0.88
2011-09-27 17:00:00,B3688,0.308,0.0,0.22,47.43,0.04799999999999999,7588.8,8347.68,0.26
2011-09-27 18:00:00,B3688,1.13,0.0,0.0,47.43,1.13,7588.8,8347.68,0.0
2011-09-27 19:00:00,B3688,1.403,0.0,0.0,47.43,1.403,7588.8,8347.68,0.0
2011-09-27 20:00:00,B3688,0.308,0.0,0.0,47.43,0.308,7588.8,8347.68,0.0
2011-09-27 21:00:00,B3688,0.308,0.0,0.0,47.43,0.308,7588.8,8347.68,0.0
2011-09-27 22:00:00,B3688,0.308,0.0,0.0,47.43,0.308,7588.8,8347.68,0.0
2011-09-27 23:00:00,B3688,0.171,0.0,0.0,47.43,0.171,7588.8,8347.68,0.0
2011-09-28 00:00:00,B3688,2.571,2.4,0.0,47.43,2.571,7588.8,8347.68,0.0
2011-09-28 01:00:00,B3688,2.571,2.4,0.0,47.43,2.571,7588.8,8347.68,0.0
2011-09-28 02:00:00,B3688,2.571,2.4,0.0,47.43,2.571,7588.8,8347.68,0.0
2011-09-28 03:00:00,B3688,2.571,2.4,0.0,47.43,2.571,7588.8,8347.68,0.0
2011-09-28 04:00:00,B3688,2.571,2.4,0.0,47.43,2.571,7588.8,8347.68,0.0
2011-09-28 05:00:00,B3688,0.308,0.0,0.0,47.43,0.308,7588.8,8347.68,0.0
2011-09-28 06:00:00,B3688,1.13,0.0,0.0,47.43,1.13,7588.8,8347.68,0.0
2011-09-28 07:00:00,B3688,0.308,0.0,0.24,47.43,-0.182,7588.8,8347.68,0.49
2011-09-28 08:00:00,B3688,0.171,0.0,0.6,47.43,-0.719,7588.8,8347.68,0.89
2011-09-28 09:00:00,B3688,0.171,0.0,1.06,47.43,-1.129,7588.8,8347.68,1.3
2011-09-28 10:00:00,B3688,0.171,0.0,1.42,47.43,-1.419,7588.8,8347.68,1.59
2011-09-28 11:00:00,B3688,0.171,0.0,1.66,47.43,-1.589,7588.8,8347.68,1.76
2011-09-28 12:00:00,B3688,1.13,0.0,1.77,47.43,-0.7100000000000002,7588.8,8347.68,1.84
2011-09-28 13:00:00,B3688,0.308,0.0,1.74,47.43,-1.512,7588.8,8347.68,1.82
2011-09-28 14:00:00,B3688,0.171,0.0,1.54,47.43,-1.4789999999999999,7588.8,8347.68,1.65
2011-09-28 15:00:00,B3688,0.171,0.0,1.21,47.43,-1.159,7588.8,8347.68,1.33
2011-09-28 16:00:00,B3688,0.171,0.0,0.77,47.43,-0.689,7588.8,8347.68,0.86
2011-09-28 17:00:00,B3688,0.308,0.0,0.21,47.43,0.04799999999999999,7588.8,8347.68,0.26
2011-09-28 18:00:00,B3688,1.13,0.0,0.0,47.43,1.13,7588.8,8347.68,0.0
2011-09-28 19:00:00,B3688,1.403,0.0,0.0,47.43,1.403,7588.8,8347.68,0.0
2011-09-28 20:00:00,B3688,0.308,0.0,0.0,47.43,0.308,7588.8,8347.68,0.0
2011-09-28 21:00:00,B3688,0.308,0.0,0.0,47.43,0.308,7588.8,8347.68,0.0
2011-09-28 22:00:00,B3688,0.308,0.0,0.0,47.43,0.308,7588.8,8347.68,0.0
2011-09-28 23:00:00,B3688,0.171,0.0,0.0,47.43,0.171,7588.8,8347.68,0.0
2011-09-29 00:00:00,B3688,2.571,2.4,0.0,47.43,2.571,7588.8,8347.68,0.0
2011-09-29 01:00:00,B3688,2.571,2.4,0.0,47.43,2.571,7588.8,8347.68,0.0
2011-09-29 02:00:00,B3688,2.571,2.4,0.0,47.43,2.571,7588.8,8347.68,0.0
2011-09-29 03:00:00,B3688,2.571,2.4,0.0,47.43,2.571,7588.8,8347.68,0.0
2011-09-29 04:00:00,B3688,2.571,2.4,0.0,47.43,2.571,7588.8,8347.68,0.0
2011-09-29 05:00:00,B3688,0.308,0.0,0.0,47.43,0.308,7588.8,8347.68,0.0
2011-09-29 06:00:00,B3688,1.13,0.0,0.0,47.43,1.13,7588.8,8347.68,0.0
2011-09-29 07:00:00,B3688,0.308,0.0,0.27,47.43,-0.21200000000000002,7588.8,8347.68,0.52
2011-09-29 08:00:00,B3688,0.171,0.0,0.73,47.43,-0.869,7588.8,8347.68,1.04
2011-09-29 09:00:00,B3688,0.171,0.0,1.22,47.43,-1.349,7588.8,8347.68,1.52
2011-09-29 10:00:00,B3688,0.171,0.0,1.56,47.43,-1.599,7588.8,8347.68,1.77
2011-09-29 11:00:00,B3688,0.171,0.0,1.75,47.43,-1.699,7588.8,8347.68,1.87
2011-09-29 12:00:00,B3688,1.13,0.0,1.8,47.43,-0.75,7588.8,8347.68,1.88
2011-09-29 13:00:00,B3688,0.308,0.0,1.73,47.43,-1.522,7588.8,8347.68,1.83
2011-09-29 14:00:00,B3688,0.171,0.0,1.5,47.43,-1.429,7588.8,8347.68,1.6
2011-09-29 15:00:00,B3688,0.171,0.0,1.17,47.43,-1.119,7588.8,8347.68,1.29
2011-09-29 16:00:00,B3688,0.171,0.0,0.75,47.43,-0.6789999999999999,7588.8,8347.68,0.85
2011-09-29 17:00:00,B3688,0.308,0.0,0.21,47.43,0.04799999999999999,7588.8,8347.68,0.26
2011-09-29 18:00:00,B3688,1.13,0.0,0.0,47.43,1.13,7588.8,8347.68,0.0
2011-09-29 19:00:00,B3688,1.403,0.0,0.0,47.43,1.403,7588.8,8347.68,0.0
2011-09-29 20:00:00,B3688,0.308,0.0,0.0,47.43,0.308,7588.8,8347.68,0.0
2011-09-29 21:00:00,B3688,0.308,0.0,0.0,47.43,0.308,7588.8,8347.68,0.0
2011-09-29 22:00:00,B3688,0.308,0.0,0.0,47.43,0.308,7588.8,8347.68,0.0
2011-09-29 23:00:00,B3688,0.171,0.0,0.0,47.43,0.171,7588.8,8347.68,0.0
2011-09-30 00:00:00,B3688,2.571,2.4,0.0,47.43,2.571,7588.8,8347.68,0.0
2011-09-30 01:00:00,B3688,2.571,2.4,0.0,47.43,2.571,7588.8,8347.68,0.0
2011-09-30 02:00:00,B3688,2.571,2.4,0.0,47.43,2.571,7588.8,8347.68,0.0
2011-09-30 03:00:00,B3688,2.571,2.4,0.0,47.43,2.571,7588.8,8347.68,0.0
2011-09-30 04:00:00,B3688,2.571,2.4,0.0,47.43,2.571,7588.8,8347.68,0.0
2011-09-30 05:00:00,B3688,0.308,0.0,0.0,47.43,0.308,7588.8,8347.68,0.0
2011-09-30 06:00:00,B3688,1.13,0.0,0.0,47.43,1.13,7588.8,8347.68,0.0
2011-09-30 07:00:00,B3688,0.308,0.0,0.26,47.43,-0.192,7588.8,8347.68,0.5
2011-09-30 08:00:00,B3688,0.171,0.0,0.64,47.43,-0.7789999999999999,7588.8,8347.68,0.95
2011-09-30 09:00:00,B3688,0.171,0.0,1.28,47.43,-1.419,7588.8,8347.68,1.59
2011-09-30 10:00:00,B3688,0.171,0.0,1.65,47.43,-1.7189999999999999,7588.8,8347.68,1.89
2011-09-30 11:00:00,B3688,0.171,0.0,1.76,47.43,-1.7089999999999999,7588.8,8347.68,1.88
2011-09-30 12:00:00,B3688,1.13,0.0,1.76,47.43,-0.7100000000000002,7588.8,8347.68,1.84
2011-09-30 13:00:00,B3688,0.308,0.0,1.68,47.43,-1.452,7588.8,8347.68,1.76
2011-09-30 14:00:00,B3688,0.171,0.0,1.48,47.43,-1.419,7588.8,8347.68,1.59
2011-09-30 15:00:00,B3688,0.171,0.0,1.17,47.43,-1.109,7588.8,8347.68,1.28
2011-09-30 16:00:00,B3688,0.171,0.0,0.73,47.43,-0.6589999999999999,7588.8,8347.68,0.83
2011-09-30 17:00:00,B3688,0.308,0.0,0.19,47.43,0.07799999999999999,7588.8,8347.68,0.23
2011-09-30 18:00:00,B3688,1.13,0.0,0.0,47.43,1.13,7588.8,8347.68,0.0
2011-09-30 19:00:00,B3688,1.403,0.0,0.0,47.43,1.403,7588.8,8347.68,0.0
2011-09-30 20:00:00,B3688,0.308,0.0,0.0,47.43,0.308,7588.8,8347.68,0.0
2011-09-30 21:00:00,B3688,0.308,0.0,0.0,47.43,0.308,7588.8,8347.68,0.0
2011-09-30 22:00:00,B3688,0.308,0.0,0.0,47.43,0.308,7588.8,8347.68,0.0
2011-09-30 23:00:00,B3688,0.171,0.0,0.0,47.43,0.171,7588.8,8347.68,0.0
2011-10-01 00:00:00,B3688,0.171,0.0,0.0,47.43,0.171,7588.8,8347.68,0.0
2011-10-01 01:00:00,B3688,0.171,0.0,0.0,47.43,0.171,7588.8,8347.68,0.0
2011-10-01 02:00:00,B3688,0.171,0.0,0.0,47.43,0.171,7588.8,8347.68,0.0
2011-10-01 03:00:00,B3688,0.171,0.0,0.0,47.43,0.171,7588.8,8347.68,0.0
2011-10-01 04:00:00,B3688,0.171,0.0,0.0,47.43,0.171,7588.8,8347.68,0.0
2011-10-01 05:00:00,B3688,0.308,0.0,0.0,47.43,0.308,7588.8,8347.68,0.0
2011-10-01 06:00:00,B3688,1.129,0.0,0.0,47.43,1.129,7588.8,8347.68,0.0
2011-10-01 07:00:00,B3688,0.308,0.0,0.2,47.43,-0.122,7588.8,8347.68,0.43
2011-10-01 08:00:00,B3688,2.571,2.4,0.48,47.43,1.8210000000000002,7588.8,8347.68,0.75
2011-10-01 09:00:00,B3688,2.571,2.4,0.9,47.43,1.4410000000000003,7588.8,8347.68,1.13
2011-10-01 10:00:00,B3688,2.571,2.4,1.24,47.43,1.1710000000000003,7588.8,8347.68,1.4
2011-10-01 11:00:00,B3688,2.571,2.4,1.48,47.43,1.0010000000000001,7588.8,8347.68,1.57
2011-10-01 12:00:00,B3688,3.53,2.4,1.59,47.43,1.8699999999999999,7588.8,8347.68,1.66
2011-10-01 13:00:00,B3688,0.308,0.0,1.57,47.43,-1.3319999999999999,7588.8,8347.68,1.64
2011-10-01 14:00:00,B3688,0.171,0.0,1.38,47.43,-1.299,7588.8,8347.68,1.47
2011-10-01 15:00:00,B3688,0.171,0.0,1.06,47.43,-0.9989999999999999,7588.8,8347.68,1.17
2011-10-01 16:00:00,B3688,0.171,0.0,0.61,47.43,-0.5189999999999999,7588.8,8347.68,0.69
2011-10-01 17:00:00,B3688,0.308,0.0,0.0,47.43,0.278,7588.8,8347.68,0.03
2011-10-01 18:00:00,B3688,1.13,0.0,0.0,47.43,1.13,7588.8,8347.68,0.0
2011-10-01 19:00:00,B3688,1.403,0.0,0.0,47.43,1.403,7588.8,8347.68,0.0
2011-10-01 20:00:00,B3688,0.308,0.0,0.0,47.43,0.308,7588.8,8347.68,0.0
2011-10-01 21:00:00,B3688,0.308,0.0,0.0,47.43,0.308,7588.8,8347.68,0.0
2011-10-01 22:00:00,B3688,0.308,0.0,0.0,47.43,0.308,7588.8,8347.68,0.0
2011-10-01 23:00:00,B3688,0.171,0.0,0.0,47.43,0.171,7588.8,8347.68,0.0
2011-10-02 00:00:00,B3688,0.171,0.0,0.0,47.43,0.171,7588.8,8347.68,0.0
2011-10-02 01:00:00,B3688,0.171,0.0,0.0,47.43,0.171,7588.8,8347.68,0.0
2011-10-02 02:00:00,B3688,0.171,0.0,0.0,47.43,0.171,7588.8,8347.68,0.0
2011-10-02 03:00:00,B3688,0.171,0.0,0.0,47.43,0.171,7588.8,8347.68,0.0
2011-10-02 04:00:00,B3688,0.171,0.0,0.0,47.43,0.171,7588.8,8347.68,0.0
2011-10-02 05:00:00,B3688,0.308,0.0,0.0,47.43,0.308,7588.8,8347.68,0.0
2011-10-02 06:00:00,B3688,1.129,0.0,0.0,47.43,1.129,7588.8,8347.68,0.0
2011-10-02 07:00:00,B3688,0.308,0.0,0.22,47.43,-0.14200000000000002,7588.8,8347.68,0.45
2011-10-02 08:00:00,B3688,2.571,2.4,0.52,47.43,1.7710000000000001,7588.8,8347.68,0.8
2011-10-02 09:00:00,B3688,2.571,2.4,1.02,47.43,1.2810000000000001,7588.8,8347.68,1.29
2011-10-02 10:00:00,B3688,2.571,2.4,1.36,47.43,1.0110000000000001,7588.8,8347.68,1.56
2011-10-02 11:00:00,B3688,2.571,2.4,1.52,47.43,0.9510000000000001,7588.8,8347.68,1.62
2011-10-02 12:00:00,B3688,3.53,2.4,1.62,47.43,1.8399999999999999,7588.8,8347.68,1.69
2011-10-02 13:00:00,B3688,0.308,0.0,1.63,47.43,-1.412,7588.8,8347.68,1.72
2011-10-02 14:00:00,B3688,0.171,0.0,1.55,47.43,-1.4989999999999999,7588.8,8347.68,1.67
2011-10-02 15:00:00,B3688,0.171,0.0,1.28,47.43,-1.259,7588.8,8347.68,1.43
2011-10-02 16:00:00,B3688,0.171,0.0,0.7,47.43,-0.609,7588.8,8347.68,0.78
2011-10-02 17:00:00,B3688,0.308,0.0,0.0,47.43,0.308,7588.8,8347.68,0.0
2011-10-02 18:00:00,B3688,1.13,0.0,0.0,47.43,1.13,7588.8,8347.68,0.0
2011-10-02 19:00:00,B3688,1.403,0.0,0.0,47.43,1.403,7588.8,8347.68,0.0
2011-10-02 20:00:00,B3688,0.308,0.0,0.0,47.43,0.308,7588.8,8347.68,0.0
2011-10-02 21:00:00,B3688,0.308,0.0,0.0,47.43,0.308,7588.8,8347.68,0.0
2011-10-02 22:00:00,B3688,0.308,0.0,0.0,47.43,0.308,7588.8,8347.68,0.0
2011-10-02 23:00:00,B3688,0.171,0.0,0.0,47.43,0.171,7588.8,8347.68,0.0
2011-10-03 00:00:00,B3688,2.571,2.4,0.0,47.43,2.571,7588.8,8347.68,0.0
2011-10-03 01:00:00,B3688,2.571,2.4,0.0,47.43,2.571,7588.8,8347.68,0.0
2011-10-03 02:00:00,B3688,2.571,2.4,0.0,47.43,2.571,7588.8,8347.68,0.0
2011-10-03 03:00:00,B3688,2.571,2.4,0.0,47.43,2.571,7588.8,8347.68,0.0
2011-10-03 04:00:00,B3688,2.571,2.4,0.0,47.43,2.571,7588.8,8347.68,0.0
2011-10-03 05:00:00,B3688,0.308,0.0,0.0,47.43,0.308,7588.8,8347.68,0.0
2011-10-03 06:00:00,B3688,1.13,0.0,0.0,47.43,1.13,7588.8,8347.68,0.0
2011-10-03 07:00:00,B3688,0.308,0.0,0.22,47.43,-0.14200000000000002,7588.8,8347.68,0.45
2011-10-03 08:00:00,B3688,0.171,0.0,0.47,47.43,-0.579,7588.8,8347.68,0.75
2011-10-03 09:00:00,B3688,0.171,0.0,0.91,47.43,-0.9889999999999999,7588.8,8347.68,1.16
2011-10-03 10:00:00,B3688,0.171,0.0,1.3,47.43,-1.309,7588.8,8347.68,1.48
2011-10-03 11:00:00,B3688,0.171,0.0,1.53,47.43,-1.4589999999999999,7588.8,8347.68,1.63
2011-10-03 12:00:00,B3688,1.13,0.0,1.6,47.43,-0.54,7588.8,8347.68,1.67
2011-10-03 13:00:00,B3688,0.308,0.0,1.55,47.43,-1.3319999999999999,7588.8,8347.68,1.64
2011-10-03 14:00:00,B3688,0.171,0.0,1.37,47.43,-1.299,7588.8,8347.68,1.47
2011-10-03 15:00:00,B3688,0.171,0.0,1.03,47.43,-0.9789999999999999,7588.8,8347.68,1.15
2011-10-03 16:00:00,B3688,0.171,0.0,0.64,47.43,-0.5589999999999999,7588.8,8347.68,0.73
2011-10-03 17:00:00,B3688,0.308,0.0,0.17,47.43,0.098,7588.8,8347.68,0.21
2011-10-03 18:00:00,B3688,1.13,0.0,0.0,47.43,1.13,7588.8,8347.68,0.0
2011-10-03 19:00:00,B3688,1.403,0.0,0.0,47.43,1.403,7588.8,8347.68,0.0
2011-10-03 20:00:00,B3688,0.308,0.0,0.0,47.43,0.308,7588.8,8347.68,0.0
2011-10-03 21:00:00,B3688,0.308,0.0,0.0,47.43,0.308,7588.8,8347.68,0.0
2011-10-03 22:00:00,B3688,0.308,0.0,0.0,47.43,0.308,7588.8,8347.68,0.0
2011-10-03 23:00:00,B3688,0.171,0.0,0.0,47.43,0.171,7588.8,8347.68,0.0
2011-10-04 00:00:00,B3688,2.571,2.4,0.0,47.43,2.571,7588.8,8347.68,0.0
2011-10-04 01:00:00,B3688,2.571,2.4,0.0,47.43,2.571,7588.8,8347.68,0.0
2011-10-04 02:00:00,B3688,2.571,2.4,0.0,47.43,2.571,7588.8,8347.68,0.0
2011-10-04 03:00:00,B3688,2.571,2.4,0.0,47.43,2.571,7588.8,8347.68,0.0
2011-10-04 04:00:00,B3688,2.571,2.4,0.0,47.43,2.571,7588.8,8347.68,0.0
2011-10-04 05:00:00,B3688,0.308,0.0,0.0,47.43,0.308,7588.8,8347.68,0.0
2011-10-04 06:00:00,B3688,1.13,0.0,0.0,47.43,1.13,7588.8,8347.68,0.0
2011-10-04 07:00:00,B3688,0.308,0.0,0.2,47.43,-0.122,7588.8,8347.68,0.43
2011-10-04 08:00:00,B3688,0.171,0.0,0.43,47.43,-0.5389999999999999,7588.8,8347.68,0.71
2011-10-04 09:00:00,B3688,0.171,0.0,0.82,47.43,-0.889,7588.8,8347.68,1.06
2011-10-04 10:00:00,B3688,0.171,0.0,1.16,47.43,-1.159,7588.8,8347.68,1.33
2011-10-04 11:00:00,B3688,0.171,0.0,1.41,47.43,-1.329,7588.8,8347.68,1.5
2011-10-04 12:00:00,B3688,1.13,0.0,1.53,47.43,-0.4700000000000002,7588.8,8347.68,1.6
2011-10-04 13:00:00,B3688,0.308,0.0,1.53,47.43,-1.302,7588.8,8347.68,1.61
2011-10-04 14:00:00,B3688,0.171,0.0,1.41,47.43,-1.349,7588.8,8347.68,1.52
2011-10-04 15:00:00,B3688,0.171,0.0,1.16,47.43,-1.119,7588.8,8347.68,1.29
2011-10-04 16:00:00,B3688,0.171,0.0,0.73,47.43,-0.6489999999999999,7588.8,8347.68,0.82
2011-10-04 17:00:00,B3688,0.308,0.0,0.0,47.43,0.278,7588.8,8347.68,0.03
2011-10-04 18:00:00,B3688,1.13,0.0,0.0,47.43,1.13,7588.8,8347.68,0.0
2011-10-04 19:00:00,B3688,1.403,0.0,0.0,47.43,1.403,7588.8,8347.68,0.0
2011-10-04 20:00:00,B3688,0.308,0.0,0.0,47.43,0.308,7588.8,8347.68,0.0
2011-10-04 21:00:00,B3688,0.308,0.0,0.0,47.43,0.308,7588.8,8347.68,0.0
2011-10-04 22:00:00,B3688,0.308,0.0,0.0,47.43,0.308,7588.8,8347.68,0.0
2011-10-04 23:00:00,B3688,0.171,0.0,0.0,47.43,0.171,7588.8,8347.68,0.0
2011-10-05 00:00:00,B3688,2.571,2.4,0.0,47.43,2.571,7588.8,8347.68,0.0
2011-10-05 01:00:00,B3688,2.571,2.4,0.0,47.43,2.571,7588.8,8347.68,0.0
2011-10-05 02:00:00,B3688,2.571,2.4,0.0,47.43,2.571,7588.8,8347.68,0.0
2011-10-05 03:00:00,B3688,2.571,2.4,0.0,47.43,2.571,7588.8,8347.68,0.0
2011-10-05 04:00:00,B3688,2.571,2.4,0.0,47.43,2.571,7588.8,8347.68,0.0
2011-10-05 05:00:00,B3688,0.308,0.0,0.0,47.43,0.308,7588.8,8347.68,0.0
2011-10-05 06:00:00,B3688,1.13,0.0,0.0,47.43,1.13,7588.8,8347.68,0.0
2011-10-05 07:00:00,B3688,0.308,0.0,0.19,47.43,-0.10199999999999998,7588.8,8347.68,0.41
2011-10-05 08:00:00,B3688,0.171,0.0,0.44,47.43,-0.5489999999999999,7588.8,8347.68,0.72
2011-10-05 09:00:00,B3688,0.171,0.0,0.83,47.43,-0.899,7588.8,8347.68,1.07
2011-10-05 10:00:00,B3688,0.171,0.0,1.13,47.43,-1.119,7588.8,8347.68,1.29
2011-10-05 11:00:00,B3688,0.171,0.0,1.33,47.43,-1.2489999999999999,7588.8,8347.68,1.42
2011-10-05 12:00:00,B3688,1.13,0.0,1.45,47.43,-0.3900000000000001,7588.8,8347.68,1.52
2011-10-05 13:00:00,B3688,0.308,0.0,1.44,47.43,-1.212,7588.8,8347.68,1.52
2011-10-05 14:00:00,B3688,0.171,0.0,1.29,47.43,-1.2289999999999999,7588.8,8347.68,1.4
2011-10-05 15:00:00,B3688,0.171,0.0,1.03,47.43,-0.9789999999999999,7588.8,8347.68,1.15
2011-10-05 16:00:00,B3688,0.171,0.0,0.65,47.43,-0.569,7588.8,8347.68,0.74
2011-10-05 17:00:00,B3688,0.308,0.0,0.18,47.43,0.088,7588.8,8347.68,0.22
2011-10-05 18:00:00,B3688,1.13,0.0,0.0,47.43,1.13,7588.8,8347.68,0.0
2011-10-05 19:00:00,B3688,1.403,0.0,0.0,47.43,1.403,7588.8,8347.68,0.0
2011-10-05 20:00:00,B3688,0.308,0.0,0.0,47.43,0.308,7588.8,8347.68,0.0
2011-10-05 21:00:00,B3688,0.308,0.0,0.0,47.43,0.308,7588.8,8347.68,0.0
2011-10-05 22:00:00,B3688,0.308,0.0,0.0,47.43,0.308,7588.8,8347.68,0.0
2011-10-05 23:00:00,B3688,0.171,0.0,0.0,47.43,0.171,7588.8,8347.68,0.0
2011-10-06 00:00:00,B3688,2.571,2.4,0.0,47.43,2.571,7588.8,8347.68,0.0
2011-10-06 01:00:00,B3688,2.571,2.4,0.0,47.43,2.571,7588.8,8347.68,0.0
2011-10-06 02:00:00,B3688,2.571,2.4,0.0,47.43,2.571,7588.8,8347.68,0.0
2011-10-06 03:00:00,B3688,2.571,2.4,0.0,47.43,2.571,7588.8,8347.68,0.0
2011-10-06 04:00:00,B3688,2.571,2.4,0.0,47.43,2.571,7588.8,8347.68,0.0
2011-10-06 05:00:00,B3688,0.308,0.0,0.0,47.43,0.308,7588.8,8347.68,0.0
2011-10-06 06:00:00,B3688,1.13,0.0,0.0,47.43,1.13,7588.8,8347.68,0.0
2011-10-06 07:00:00,B3688,0.308,0.0,0.18,47.43,-0.10199999999999998,7588.8,8347.68,0.41
2011-10-06 08:00:00,B3688,0.171,0.0,0.39,47.43,-0.489,7588.8,8347.68,0.66
2011-10-06 09:00:00,B3688,0.171,0.0,0.74,47.43,-0.7989999999999999,7588.8,8347.68,0.97
2011-10-06 10:00:00,B3688,0.171,0.0,1.1,47.43,-1.099,7588.8,8347.68,1.27
2011-10-06 11:00:00,B3688,0.171,0.0,1.34,47.43,-1.259,7588.8,8347.68,1.43
2011-10-06 12:00:00,B3688,1.13,0.0,1.44,47.43,-0.3700000000000001,7588.8,8347.68,1.5
2011-10-06 13:00:00,B3688,0.308,0.0,1.39,47.43,-1.162,7588.8,8347.68,1.47
2011-10-06 14:00:00,B3688,0.171,0.0,1.25,47.43,-1.179,7588.8,8347.68,1.35
2011-10-06 15:00:00,B3688,0.171,0.0,0.99,47.43,-0.929,7588.8,8347.68,1.1
2011-10-06 16:00:00,B3688,0.171,0.0,0.59,47.43,-0.509,7588.8,8347.68,0.68
2011-10-06 17:00:00,B3688,0.308,0.0,0.16,47.43,0.10799999999999998,7588.8,8347.68,0.2
2011-10-06 18:00:00,B3688,1.13,0.0,0.0,47.43,1.13,7588.8,8347.68,0.0
2011-10-06 19:00:00,B3688,1.403,0.0,0.0,47.43,1.403,7588.8,8347.68,0.0
2011-10-06 20:00:00,B3688,0.308,0.0,0.0,47.43,0.308,7588.8,8347.68,0.0
2011-10-06 21:00:00,B3688,0.308,0.0,0.0,47.43,0.308,7588.8,8347.68,0.0
2011-10-06 22:00:00,B3688,0.308,0.0,0.0,47.43,0.308,7588.8,8347.68,0.0
2011-10-06 23:00:00,B3688,0.171,0.0,0.0,47.43,0.171,7588.8,8347.68,0.0
2011-10-07 00:00:00,B3688,2.571,2.4,0.0,47.43,2.571,7588.8,8347.68,0.0
2011-10-07 01:00:00,B3688,2.571,2.4,0.0,47.43,2.571,7588.8,8347.68,0.0
2011-10-07 02:00:00,B3688,2.571,2.4,0.0,47.43,2.571,7588.8,8347.68,0.0
2011-10-07 03:00:00,B3688,2.571,2.4,0.0,47.43,2.571,7588.8,8347.68,0.0
2011-10-07 04:00:00,B3688,2.571,2.4,0.0,47.43,2.571,7588.8,8347.68,0.0
2011-10-07 05:00:00,B3688,0.308,0.0,0.0,47.43,0.308,7588.8,8347.68,0.0
2011-10-07 06:00:00,B3688,1.13,0.0,0.0,47.43,1.13,7588.8,8347.68,0.0
2011-10-07 07:00:00,B3688,0.308,0.0,0.26,47.43,-0.182,7588.8,8347.68,0.49
2011-10-07 08:00:00,B3688,0.171,0.0,0.49,47.43,-0.619,7588.8,8347.68,0.79
2011-10-07 09:00:00,B3688,0.171,0.0,0.87,47.43,-0.9689999999999999,7588.8,8347.68,1.14
2011-10-07 10:00:00,B3688,0.171,0.0,1.17,47.43,-1.189,7588.8,8347.68,1.36
2011-10-07 11:00:00,B3688,0.171,0.0,1.34,47.43,-1.259,7588.8,8347.68,1.43
2011-10-07 12:00:00,B3688,1.13,0.0,1.45,47.43,-0.3900000000000001,7588.8,8347.68,1.52
2011-10-07 13:00:00,B3688,0.308,0.0,1.4,47.43,-1.182,7588.8,8347.68,1.49
2011-10-07 14:00:00,B3688,0.171,0.0,1.22,47.43,-1.139,7588.8,8347.68,1.31
2011-10-07 15:00:00,B3688,0.171,0.0,0.93,47.43,-0.879,7588.8,8347.68,1.05
2011-10-07 16:00:00,B3688,0.171,0.0,0.55,47.43,-0.479,7588.8,8347.68,0.65
2011-10-07 17:00:00,B3688,0.308,0.0,0.14,47.43,0.128,7588.8,8347.68,0.18
2011-10-07 18:00:00,B3688,1.13,0.0,0.0,47.43,1.13,7588.8,8347.68,0.0
2011-10-07 19:00:00,B3688,1.403,0.0,0.0,47.43,1.403,7588.8,8347.68,0.0
2011-10-07 20:00:00,B3688,0.308,0.0,0.0,47.43,0.308,7588.8,8347.68,0.0
2011-10-07 21:00:00,B3688,0.308,0.0,0.0,47.43,0.308,7588.8,8347.68,0.0
2011-10-07 22:00:00,B3688,0.308,0.0,0.0,47.43,0.308,7588.8,8347.68,0.0
2011-10-07 23:00:00,B3688,0.171,0.0,0.0,47.43,0.171,7588.8,8347.68,0.0
2011-10-08 00:00:00,B3688,0.171,0.0,0.0,47.43,0.171,7588.8,8347.68,0.0
2011-10-08 01:00:00,B3688,0.171,0.0,0.0,47.43,0.171,7588.8,8347.68,0.0
2011-10-08 02:00:00,B3688,0.171,0.0,0.0,47.43,0.171,7588.8,8347.68,0.0
2011-10-08 03:00:00,B3688,0.171,0.0,0.0,47.43,0.171,7588.8,8347.68,0.0
2011-10-08 04:00:00,B3688,0.171,0.0,0.0,47.43,0.171,7588.8,8347.68,0.0
2011-10-08 05:00:00,B3688,0.308,0.0,0.0,47.43,0.308,7588.8,8347.68,0.0
2011-10-08 06:00:00,B3688,1.129,0.0,0.0,47.43,1.129,7588.8,8347.68,0.0
2011-10-08 07:00:00,B3688,0.308,0.0,0.32,47.43,-0.23200000000000004,7588.8,8347.68,0.54
2011-10-08 08:00:00,B3688,2.571,2.4,0.58,47.43,1.701,7588.8,8347.68,0.87
2011-10-08 09:00:00,B3688,2.571,2.4,0.87,47.43,1.4310000000000003,7588.8,8347.68,1.14
2011-10-08 10:00:00,B3688,2.571,2.4,1.11,47.43,1.2810000000000001,7588.8,8347.68,1.29
2011-10-08 11:00:00,B3688,2.571,2.4,1.28,47.43,1.201,7588.8,8347.68,1.37
2011-10-08 12:00:00,B3688,3.53,2.4,1.38,47.43,2.08,7588.8,8347.68,1.45
2011-10-08 13:00:00,B3688,0.308,0.0,1.34,47.43,-1.1119999999999999,7588.8,8347.68,1.42
2011-10-08 14:00:00,B3688,0.171,0.0,1.16,47.43,-1.089,7588.8,8347.68,1.26
2011-10-08 15:00:00,B3688,0.171,0.0,0.88,47.43,-0.819,7588.8,8347.68,0.99
2011-10-08 16:00:00,B3688,0.171,0.0,0.52,47.43,-0.43899999999999995,7588.8,8347.68,0.61
2011-10-08 17:00:00,B3688,0.308,0.0,0.13,47.43,0.13799999999999998,7588.8,8347.68,0.17
2011-10-08 18:00:00,B3688,1.13,0.0,0.0,47.43,1.13,7588.8,8347.68,0.0
2011-10-08 19:00:00,B3688,1.403,0.0,0.0,47.43,1.403,7588.8,8347.68,0.0
2011-10-08 20:00:00,B3688,0.308,0.0,0.0,47.43,0.308,7588.8,8347.68,0.0
2011-10-08 21:00:00,B3688,0.308,0.0,0.0,47.43,0.308,7588.8,8347.68,0.0
2011-10-08 22:00:00,B3688,0.308,0.0,0.0,47.43,0.308,7588.8,8347.68,0.0
2011-10-08 23:00:00,B3688,0.171,0.0,0.0,47.43,0.171,7588.8,8347.68,0.0
2011-10-09 00:00:00,B3688,0.171,0.0,0.0,47.43,0.171,7588.8,8347.68,0.0
2011-10-09 01:00:00,B3688,0.171,0.0,0.0,47.43,0.171,7588.8,8347.68,0.0
2011-10-09 02:00:00,B3688,0.171,0.0,0.0,47.43,0.171,7588.8,8347.68,0.0
2011-10-09 03:00:00,B3688,0.171,0.0,0.0,47.43,0.171,7588.8,8347.68,0.0
2011-10-09 04:00:00,B3688,0.171,0.0,0.0,47.43,0.171,7588.8,8347.68,0.0
2011-10-09 05:00:00,B3688,0.308,0.0,0.0,47.43,0.308,7588.8,8347.68,0.0
2011-10-09 06:00:00,B3688,1.129,0.0,0.0,47.43,1.129,7588.8,8347.68,0.0
2011-10-09 07:00:00,B3688,0.308,0.0,0.2,47.43,-0.09200000000000003,7588.8,8347.68,0.4
2011-10-09 08:00:00,B3688,2.571,2.4,0.38,47.43,1.931,7588.8,8347.68,0.64
2011-10-09 09:00:00,B3688,2.571,2.4,0.67,47.43,1.661,7588.8,8347.68,0.91
2011-10-09 10:00:00,B3688,2.571,2.4,0.97,47.43,1.4310000000000003,7588.8,8347.68,1.14
2011-10-09 11:00:00,B3688,2.571,2.4,1.19,47.43,1.2910000000000001,7588.8,8347.68,1.28
2011-10-09 12:00:00,B3688,3.53,2.4,1.3,47.43,2.1599999999999997,7588.8,8347.68,1.37
2011-10-09 13:00:00,B3688,0.308,0.0,1.27,47.43,-1.042,7588.8,8347.68,1.35
2011-10-09 14:00:00,B3688,0.171,0.0,1.11,47.43,-1.029,7588.8,8347.68,1.2
2011-10-09 15:00:00,B3688,0.171,0.0,0.84,47.43,-0.7789999999999999,7588.8,8347.68,0.95
2011-10-09 16:00:00,B3688,0.171,0.0,0.5,47.43,-0.41899999999999993,7588.8,8347.68,0.59
2011-10-09 17:00:00,B3688,0.308,0.0,0.13,47.43,0.148,7588.8,8347.68,0.16
2011-10-09 18:00:00,B3688,1.13,0.0,0.0,47.43,1.13,7588.8,8347.68,0.0
2011-10-09 19:00:00,B3688,1.403,0.0,0.0,47.43,1.403,7588.8,8347.68,0.0
2011-10-09 20:00:00,B3688,0.308,0.0,0.0,47.43,0.308,7588.8,8347.68,0.0
2011-10-09 21:00:00,B3688,0.308,0.0,0.0,47.43,0.308,7588.8,8347.68,0.0
2011-10-09 22:00:00,B3688,0.308,0.0,0.0,47.43,0.308,7588.8,8347.68,0.0
2011-10-09 23:00:00,B3688,0.171,0.0,0.0,47.43,0.171,7588.8,8347.68,0.0
2011-10-10 00:00:00,B3688,2.571,2.4,0.0,47.43,2.571,7588.8,8347.68,0.0
2011-10-10 01:00:00,B3688,2.571,2.4,0.0,47.43,2.571,7588.8,8347.68,0.0
2011-10-10 02:00:00,B3688,2.571,2.4,0.0,47.43,2.571,7588.8,8347.68,0.0
2011-10-10 03:00:00,B3688,2.571,2.4,0.0,47.43,2.571,7588.8,8347.68,0.0
2011-10-10 04:00:00,B3688,2.571,2.4,0.0,47.43,2.571,7588.8,8347.68,0.0
2011-10-10 05:00:00,B3688,0.308,0.0,0.0,47.43,0.308,7588.8,8347.68,0.0
2011-10-10 06:00:00,B3688,1.13,0.0,0.0,47.43,1.13,7588.8,8347.68,0.0
2011-10-10 07:00:00,B3688,0.308,0.0,0.26,47.43,-0.132,7588.8,8347.68,0.44
2011-10-10 08:00:00,B3688,0.171,0.0,0.53,47.43,-0.629,7588.8,8347.68,0.8
2011-10-10 09:00:00,B3688,0.171,0.0,0.91,47.43,-1.019,7588.8,8347.68,1.19
2011-10-10 10:00:00,B3688,0.171,0.0,1.23,47.43,-1.269,7588.8,8347.68,1.44
2011-10-10 11:00:00,B3688,0.171,0.0,1.47,47.43,-1.419,7588.8,8347.68,1.59
2011-10-10 12:00:00,B3688,1.13,0.0,1.52,47.43,-0.4800000000000002,7588.8,8347.68,1.61
2011-10-10 13:00:00,B3688,0.308,0.0,1.38,47.43,-1.172,7588.8,8347.68,1.48
2011-10-10 14:00:00,B3688,0.171,0.0,1.17,47.43,-1.109,7588.8,8347.68,1.28
2011-10-10 15:00:00,B3688,0.171,0.0,0.85,47.43,-0.7989999999999999,7588.8,8347.68,0.97
2011-10-10 16:00:00,B3688,0.171,0.0,0.49,47.43,-0.4089999999999999,7588.8,8347.68,0.58
2011-10-10 17:00:00,B3688,0.308,0.0,0.13,47.43,0.148,7588.8,8347.68,0.16
2011-10-10 18:00:00,B3688,1.13,0.0,0.0,47.43,1.13,7588.8,8347.68,0.0
2011-10-10 19:00:00,B3688,1.403,0.0,0.0,47.43,1.403,7588.8,8347.68,0.0
2011-10-10 20:00:00,B3688,0.308,0.0,0.0,47.43,0.308,7588.8,8347.68,0.0
2011-10-10 21:00:00,B3688,0.308,0.0,0.0,47.43,0.308,7588.8,8347.68,0.0
2011-10-10 22:00:00,B3688,0.308,0.0,0.0,47.43,0.308,7588.8,8347.68,0.0
2011-10-10 23:00:00,B3688,0.171,0.0,0.0,47.43,0.171,7588.8,8347.68,0.0
2011-10-11 00:00:00,B3688,2.571,2.4,0.0,47.43,2.571,7588.8,8347.68,0.0
2011-10-11 01:00:00,B3688,2.571,2.4,0.0,47.43,2.571,7588.8,8347.68,0.0
2011-10-11 02:00:00,B3688,2.571,2.4,0.0,47.43,2.571,7588.8,8347.68,0.0
2011-10-11 03:00:00,B3688,2.571,2.4,0.0,47.43,2.571,7588.8,8347.68,0.0
2011-10-11 04:00:00,B3688,2.571,2.4,0.0,47.43,2.571,7588.8,8347.68,0.0
2011-10-11 05:00:00,B3688,0.308,0.0,0.0,47.43,0.308,7588.8,8347.68,0.0
2011-10-11 06:00:00,B3688,1.13,0.0,0.0,47.43,1.13,7588.8,8347.68,0.0
2011-10-11 07:00:00,B3688,0.308,0.0,0.24,47.43,-0.122,7588.8,8347.68,0.43
2011-10-11 08:00:00,B3688,0.171,0.0,0.52,47.43,-0.639,7588.8,8347.68,0.81
2011-10-11 09:00:00,B3688,0.171,0.0,0.78,47.43,-0.879,7588.8,8347.68,1.05
2011-10-11 10:00:00,B3688,0.171,0.0,1.03,47.43,-1.039,7588.8,8347.68,1.21
2011-10-11 11:00:00,B3688,0.171,0.0,1.27,47.43,-1.199,7588.8,8347.68,1.37
2011-10-11 12:00:00,B3688,1.13,0.0,1.33,47.43,-0.27,7588.8,8347.68,1.4
2011-10-11 13:00:00,B3688,0.308,0.0,1.22,47.43,-0.992,7588.8,8347.68,1.3
2011-10-11 14:00:00,B3688,0.171,0.0,1.05,47.43,-0.9689999999999999,7588.8,8347.68,1.14
2011-10-11 15:00:00,B3688,0.171,0.0,0.79,47.43,-0.719,7588.8,8347.68,0.89
2011-10-11 16:00:00,B3688,0.171,0.0,0.46,47.43,-0.379,7588.8,8347.68,0.55
2011-10-11 17:00:00,B3688,0.308,0.0,0.0,47.43,0.278,7588.8,8347.68,0.03
2011-10-11 18:00:00,B3688,1.13,0.0,0.0,47.43,1.13,7588.8,8347.68,0.0
2011-10-11 19:00:00,B3688,1.403,0.0,0.0,47.43,1.403,7588.8,8347.68,0.0
2011-10-11 20:00:00,B3688,0.308,0.0,0.0,47.43,0.308,7588.8,8347.68,0.0
2011-10-11 21:00:00,B3688,0.308,0.0,0.0,47.43,0.308,7588.8,8347.68,0.0
2011-10-11 22:00:00,B3688,0.308,0.0,0.0,47.43,0.308,7588.8,8347.68,0.0
2011-10-11 23:00:00,B3688,0.171,0.0,0.0,47.43,0.171,7588.8,8347.68,0.0
2011-10-12 00:00:00,B3688,2.571,2.4,0.0,47.43,2.571,7588.8,8347.68,0.0
2011-10-12 01:00:00,B3688,2.571,2.4,0.0,47.43,2.571,7588.8,8347.68,0.0
2011-10-12 02:00:00,B3688,2.571,2.4,0.0,47.43,2.571,7588.8,8347.68,0.0
2011-10-12 03:00:00,B3688,2.571,2.4,0.0,47.43,2.571,7588.8,8347.68,0.0
2011-10-12 04:00:00,B3688,2.571,2.4,0.0,47.43,2.571,7588.8,8347.68,0.0
2011-10-12 05:00:00,B3688,0.308,0.0,0.0,47.43,0.308,7588.8,8347.68,0.0
2011-10-12 06:00:00,B3688,1.13,0.0,0.0,47.43,1.13,7588.8,8347.68,0.0
2011-10-12 07:00:00,B3688,0.308,0.0,0.37,47.43,-0.21200000000000002,7588.8,8347.68,0.52
2011-10-12 08:00:00,B3688,0.171,0.0,0.7,47.43,-0.7889999999999999,7588.8,8347.68,0.96
2011-10-12 09:00:00,B3688,0.171,0.0,1.12,47.43,-1.2289999999999999,7588.8,8347.68,1.4
2011-10-12 10:00:00,B3688,0.171,0.0,1.52,47.43,-1.609,7588.8,8347.68,1.78
2011-10-12 11:00:00,B3688,0.171,0.0,1.67,47.43,-1.669,7588.8,8347.68,1.84
2011-10-12 12:00:00,B3688,1.13,0.0,1.5,47.43,-0.4700000000000002,7588.8,8347.68,1.6
2011-10-12 13:00:00,B3688,0.308,0.0,1.27,47.43,-1.062,7588.8,8347.68,1.37
2011-10-12 14:00:00,B3688,0.171,0.0,1.21,47.43,-1.159,7588.8,8347.68,1.33
2011-10-12 15:00:00,B3688,0.171,0.0,1.09,47.43,-1.059,7588.8,8347.68,1.23
2011-10-12 16:00:00,B3688,0.171,0.0,0.52,47.43,-0.41899999999999993,7588.8,8347.68,0.59
2011-10-12 17:00:00,B3688,0.308,0.0,0.0,47.43,0.298,7588.8,8347.68,0.01
2011-10-12 18:00:00,B3688,1.13,0.0,0.0,47.43,1.13,7588.8,8347.68,0.0
2011-10-12 19:00:00,B3688,1.403,0.0,0.0,47.43,1.403,7588.8,8347.68,0.0
2011-10-12 20:00:00,B3688,0.308,0.0,0.0,47.43,0.308,7588.8,8347.68,0.0
2011-10-12 21:00:00,B3688,0.308,0.0,0.0,47.43,0.308,7588.8,8347.68,0.0
2011-10-12 22:00:00,B3688,0.308,0.0,0.0,47.43,0.308,7588.8,8347.68,0.0
2011-10-12 23:00:00,B3688,0.171,0.0,0.0,47.43,0.171,7588.8,8347.68,0.0
2011-10-13 00:00:00,B3688,2.571,2.4,0.0,47.43,2.571,7588.8,8347.68,0.0
2011-10-13 01:00:00,B3688,2.571,2.4,0.0,47.43,2.571,7588.8,8347.68,0.0
2011-10-13 02:00:00,B3688,2.571,2.4,0.0,47.43,2.571,7588.8,8347.68,0.0
2011-10-13 03:00:00,B3688,2.571,2.4,0.0,47.43,2.571,7588.8,8347.68,0.0
2011-10-13 04:00:00,B3688,2.571,2.4,0.0,47.43,2.571,7588.8,8347.68,0.0
2011-10-13 05:00:00,B3688,0.308,0.0,0.0,47.43,0.308,7588.8,8347.68,0.0
2011-10-13 06:00:00,B3688,1.13,0.0,0.0,47.43,1.13,7588.8,8347.68,0.0
2011-10-13 07:00:00,B3688,0.308,0.0,0.35,47.43,-0.15200000000000002,7588.8,8347.68,0.46
2011-10-13 08:00:00,B3688,0.171,0.0,0.62,47.43,-0.6489999999999999,7588.8,8347.68,0.82
2011-10-13 09:00:00,B3688,0.171,0.0,0.92,47.43,-0.9789999999999999,7588.8,8347.68,1.15
2011-10-13 10:00:00,B3688,0.171,0.0,1.1,47.43,-1.119,7588.8,8347.68,1.29
2011-10-13 11:00:00,B3688,0.171,0.0,1.19,47.43,-1.129,7588.8,8347.68,1.3
2011-10-13 12:00:00,B3688,1.13,0.0,1.44,47.43,-0.41000000000000014,7588.8,8347.68,1.54
2011-10-13 13:00:00,B3688,0.308,0.0,1.52,47.43,-1.3419999999999999,7588.8,8347.68,1.65
2011-10-13 14:00:00,B3688,0.171,0.0,1.19,47.43,-1.149,7588.8,8347.68,1.32
2011-10-13 15:00:00,B3688,0.171,0.0,0.89,47.43,-0.849,7588.8,8347.68,1.02
2011-10-13 16:00:00,B3688,0.171,0.0,0.47,47.43,-0.369,7588.8,8347.68,0.54
2011-10-13 17:00:00,B3688,0.308,0.0,0.0,47.43,0.288,7588.8,8347.68,0.02
2011-10-13 18:00:00,B3688,1.13,0.0,0.0,47.43,1.13,7588.8,8347.68,0.0
2011-10-13 19:00:00,B3688,1.403,0.0,0.0,47.43,1.403,7588.8,8347.68,0.0
2011-10-13 20:00:00,B3688,0.308,0.0,0.0,47.43,0.308,7588.8,8347.68,0.0
2011-10-13 21:00:00,B3688,0.308,0.0,0.0,47.43,0.308,7588.8,8347.68,0.0
2011-10-13 22:00:00,B3688,0.308,0.0,0.0,47.43,0.308,7588.8,8347.68,0.0
2011-10-13 23:00:00,B3688,0.171,0.0,0.0,47.43,0.171,7588.8,8347.68,0.0
2011-10-14 00:00:00,B3688,2.571,2.4,0.0,47.43,2.571,7588.8,8347.68,0.0
2011-10-14 01:00:00,B3688,2.571,2.4,0.0,47.43,2.571,7588.8,8347.68,0.0
2011-10-14 02:00:00,B3688,2.571,2.4,0.0,47.43,2.571,7588.8,8347.68,0.0
2011-10-14 03:00:00,B3688,2.571,2.4,0.0,47.43,2.571,7588.8,8347.68,0.0
2011-10-14 04:00:00,B3688,2.571,2.4,0.0,47.43,2.571,7588.8,8347.68,0.0
2011-10-14 05:00:00,B3688,0.308,0.0,0.0,47.43,0.308,7588.8,8347.68,0.0
2011-10-14 06:00:00,B3688,1.13,0.0,0.0,47.43,1.13,7588.8,8347.68,0.0
2011-10-14 07:00:00,B3688,0.308,0.0,0.19,47.43,-0.05199999999999999,7588.8,8347.68,0.36
2011-10-14 08:00:00,B3688,0.171,0.0,0.37,47.43,-0.43899999999999995,7588.8,8347.68,0.61
2011-10-14 09:00:00,B3688,0.171,0.0,0.57,47.43,-0.609,7588.8,8347.68,0.78
2011-10-14 10:00:00,B3688,0.171,0.0,0.85,47.43,-0.839,7588.8,8347.68,1.01
2011-10-14 11:00:00,B3688,0.171,0.0,1.11,47.43,-1.039,7588.8,8347.68,1.21
2011-10-14 12:00:00,B3688,1.13,0.0,1.2,47.43,-0.15000000000000013,7588.8,8347.68,1.28
2011-10-14 13:00:00,B3688,0.308,0.0,1.12,47.43,-0.8919999999999999,7588.8,8347.68,1.2
2011-10-14 14:00:00,B3688,0.171,0.0,0.93,47.43,-0.859,7588.8,8347.68,1.03
2011-10-14 15:00:00,B3688,0.171,0.0,0.66,47.43,-0.5589999999999999,7588.8,8347.68,0.73
2011-10-14 16:00:00,B3688,0.171,0.0,0.39,47.43,-0.28900000000000003,7588.8,8347.68,0.46
2011-10-14 17:00:00,B3688,0.308,0.0,0.0,47.43,0.308,7588.8,8347.68,0.0
2011-10-14 18:00:00,B3688,1.13,0.0,0.0,47.43,1.13,7588.8,8347.68,0.0
2011-10-14 19:00:00,B3688,1.403,0.0,0.0,47.43,1.403,7588.8,8347.68,0.0
2011-10-14 20:00:00,B3688,0.308,0.0,0.0,47.43,0.308,7588.8,8347.68,0.0
2011-10-14 21:00:00,B3688,0.308,0.0,0.0,47.43,0.308,7588.8,8347.68,0.0
2011-10-14 22:00:00,B3688,0.308,0.0,0.0,47.43,0.308,7588.8,8347.68,0.0
2011-10-14 23:00:00,B3688,0.171,0.0,0.0,47.43,0.171,7588.8,8347.68,0.0
2011-10-15 00:00:00,B3688,0.171,0.0,0.0,47.43,0.171,7588.8,8347.68,0.0
2011-10-15 01:00:00,B3688,0.171,0.0,0.0,47.43,0.171,7588.8,8347.68,0.0
2011-10-15 02:00:00,B3688,0.171,0.0,0.0,47.43,0.171,7588.8,8347.68,0.0
2011-10-15 03:00:00,B3688,0.171,0.0,0.0,47.43,0.171,7588.8,8347.68,0.0
2011-10-15 04:00:00,B3688,0.171,0.0,0.0,47.43,0.171,7588.8,8347.68,0.0
2011-10-15 05:00:00,B3688,0.308,0.0,0.0,47.43,0.308,7588.8,8347.68,0.0
2011-10-15 06:00:00,B3688,1.129,0.0,0.0,47.43,1.129,7588.8,8347.68,0.0
2011-10-15 07:00:00,B3688,0.308,0.0,0.27,47.43,-0.122,7588.8,8347.68,0.43
2011-10-15 08:00:00,B3688,2.571,2.4,0.55,47.43,1.7610000000000001,7588.8,8347.68,0.81
2011-10-15 09:00:00,B3688,2.571,2.4,0.83,47.43,1.471,7588.8,8347.68,1.1
2011-10-15 10:00:00,B3688,2.571,2.4,1.12,47.43,1.241,7588.8,8347.68,1.33
2011-10-15 11:00:00,B3688,2.571,2.4,1.39,47.43,1.0410000000000001,7588.8,8347.68,1.53
2011-10-15 12:00:00,B3688,3.53,2.4,1.57,47.43,1.8499999999999999,7588.8,8347.68,1.68
2011-10-15 13:00:00,B3688,0.308,0.0,1.6,47.43,-1.422,7588.8,8347.68,1.73
2011-10-15 14:00:00,B3688,0.171,0.0,1.39,47.43,-1.359,7588.8,8347.68,1.53
2011-10-15 15:00:00,B3688,0.171,0.0,0.91,47.43,-0.869,7588.8,8347.68,1.04
2011-10-15 16:00:00,B3688,0.171,0.0,0.47,47.43,-0.389,7588.8,8347.68,0.56
2011-10-15 17:00:00,B3688,0.308,0.0,0.0,47.43,0.308,7588.8,8347.68,0.0
2011-10-15 18:00:00,B3688,1.13,0.0,0.0,47.43,1.13,7588.8,8347.68,0.0
2011-10-15 19:00:00,B3688,1.403,0.0,0.0,47.43,1.403,7588.8,8347.68,0.0
2011-10-15 20:00:00,B3688,0.308,0.0,0.0,47.43,0.308,7588.8,8347.68,0.0
2011-10-15 21:00:00,B3688,0.308,0.0,0.0,47.43,0.308,7588.8,8347.68,0.0
2011-10-15 22:00:00,B3688,0.308,0.0,0.0,47.43,0.308,7588.8,8347.68,0.0
2011-10-15 23:00:00,B3688,0.171,0.0,0.0,47.43,0.171,7588.8,8347.68,0.0
2011-10-16 00:00:00,B3688,0.171,0.0,0.0,47.43,0.171,7588.8,8347.68,0.0
2011-10-16 01:00:00,B3688,0.171,0.0,0.0,47.43,0.171,7588.8,8347.68,0.0
2011-10-16 02:00:00,B3688,0.171,0.0,0.0,47.43,0.171,7588.8,8347.68,0.0
2011-10-16 03:00:00,B3688,0.171,0.0,0.0,47.43,0.171,7588.8,8347.68,0.0
2011-10-16 04:00:00,B3688,0.171,0.0,0.0,47.43,0.171,7588.8,8347.68,0.0
2011-10-16 05:00:00,B3688,0.308,0.0,0.0,47.43,0.308,7588.8,8347.68,0.0
2011-10-16 06:00:00,B3688,1.129,0.0,0.0,47.43,1.129,7588.8,8347.68,0.0
2011-10-16 07:00:00,B3688,0.308,0.0,0.17,47.43,-0.03200000000000003,7588.8,8347.68,0.34
2011-10-16 08:00:00,B3688,2.571,2.4,0.42,47.43,1.911,7588.8,8347.68,0.66
2011-10-16 09:00:00,B3688,2.571,2.4,0.72,47.43,1.6110000000000002,7588.8,8347.68,0.96
2011-10-16 10:00:00,B3688,2.571,2.4,0.96,47.43,1.4210000000000003,7588.8,8347.68,1.15
2011-10-16 11:00:00,B3688,2.571,2.4,1.11,47.43,1.3510000000000002,7588.8,8347.68,1.22
2011-10-16 12:00:00,B3688,3.53,2.4,1.16,47.43,2.28,7588.8,8347.68,1.25
2011-10-16 13:00:00,B3688,0.308,0.0,1.13,47.43,-0.9119999999999999,7588.8,8347.68,1.22
2011-10-16 14:00:00,B3688,0.171,0.0,0.98,47.43,-0.909,7588.8,8347.68,1.08
2011-10-16 15:00:00,B3688,0.171,0.0,0.72,47.43,-0.639,7588.8,8347.68,0.81
2011-10-16 16:00:00,B3688,0.171,0.0,0.41,47.43,-0.31899999999999995,7588.8,8347.68,0.49
2011-10-16 17:00:00,B3688,0.308,0.0,0.0,47.43,0.308,7588.8,8347.68,0.0
2011-10-16 18:00:00,B3688,1.13,0.0,0.0,47.43,1.13,7588.8,8347.68,0.0
2011-10-16 19:00:00,B3688,1.403,0.0,0.0,47.43,1.403,7588.8,8347.68,0.0
2011-10-16 20:00:00,B3688,0.308,0.0,0.0,47.43,0.308,7588.8,8347.68,0.0
2011-10-16 21:00:00,B3688,0.308,0.0,0.0,47.43,0.308,7588.8,8347.68,0.0
2011-10-16 22:00:00,B3688,0.308,0.0,0.0,47.43,0.308,7588.8,8347.68,0.0
2011-10-16 23:00:00,B3688,0.171,0.0,0.0,47.43,0.171,7588.8,8347.68,0.0
2011-10-17 00:00:00,B3688,2.571,2.4,0.0,47.43,2.571,7588.8,8347.68,0.0
2011-10-17 01:00:00,B3688,2.571,2.4,0.0,47.43,2.571,7588.8,8347.68,0.0
2011-10-17 02:00:00,B3688,2.571,2.4,0.0,47.43,2.571,7588.8,8347.68,0.0
2011-10-17 03:00:00,B3688,2.571,2.4,0.0,47.43,2.571,7588.8,8347.68,0.0
2011-10-17 04:00:00,B3688,2.571,2.4,0.0,47.43,2.571,7588.8,8347.68,0.0
2011-10-17 05:00:00,B3688,0.308,0.0,0.0,47.43,0.308,7588.8,8347.68,0.0
2011-10-17 06:00:00,B3688,1.13,0.0,0.0,47.43,1.13,7588.8,8347.68,0.0
2011-10-17 07:00:00,B3688,0.308,0.0,0.33,47.43,-0.182,7588.8,8347.68,0.49
2011-10-17 08:00:00,B3688,0.171,0.0,0.76,47.43,-0.849,7588.8,8347.68,1.02
2011-10-17 09:00:00,B3688,0.171,0.0,1.17,47.43,-1.2489999999999999,7588.8,8347.68,1.42
2011-10-17 10:00:00,B3688,0.171,0.0,1.22,47.43,-1.259,7588.8,8347.68,1.43
2011-10-17 11:00:00,B3688,0.171,0.0,1.35,47.43,-1.329,7588.8,8347.68,1.5
2011-10-17 12:00:00,B3688,1.13,0.0,1.43,47.43,-0.44000000000000017,7588.8,8347.68,1.57
2011-10-17 13:00:00,B3688,0.308,0.0,1.17,47.43,-0.982,7588.8,8347.68,1.29
2011-10-17 14:00:00,B3688,0.171,0.0,0.83,47.43,-0.759,7588.8,8347.68,0.93
2011-10-17 15:00:00,B3688,0.171,0.0,0.67,47.43,-0.5589999999999999,7588.8,8347.68,0.73
2011-10-17 16:00:00,B3688,0.171,0.0,0.41,47.43,-0.28900000000000003,7588.8,8347.68,0.46
2011-10-17 17:00:00,B3688,0.308,0.0,0.0,47.43,0.308,7588.8,8347.68,0.0
2011-10-17 18:00:00,B3688,1.13,0.0,0.0,47.43,1.13,7588.8,8347.68,0.0
2011-10-17 19:00:00,B3688,1.403,0.0,0.0,47.43,1.403,7588.8,8347.68,0.0
2011-10-17 20:00:00,B3688,0.308,0.0,0.0,47.43,0.308,7588.8,8347.68,0.0
2011-10-17 21:00:00,B3688,0.308,0.0,0.0,47.43,0.308,7588.8,8347.68,0.0
2011-10-17 22:00:00,B3688,0.308,0.0,0.0,47.43,0.308,7588.8,8347.68,0.0
2011-10-17 23:00:00,B3688,0.171,0.0,0.0,47.43,0.171,7588.8,8347.68,0.0
2011-10-18 00:00:00,B3688,2.571,2.4,0.0,47.43,2.571,7588.8,8347.68,0.0
2011-10-18 01:00:00,B3688,2.571,2.4,0.0,47.43,2.571,7588.8,8347.68,0.0
2011-10-18 02:00:00,B3688,2.571,2.4,0.0,47.43,2.571,7588.8,8347.68,0.0
2011-10-18 03:00:00,B3688,2.571,2.4,0.0,47.43,2.571,7588.8,8347.68,0.0
2011-10-18 04:00:00,B3688,2.571,2.4,0.0,47.43,2.571,7588.8,8347.68,0.0
2011-10-18 05:00:00,B3688,0.308,0.0,0.0,47.43,0.308,7588.8,8347.68,0.0
2011-10-18 06:00:00,B3688,1.13,0.0,0.0,47.43,1.13,7588.8,8347.68,0.0
2011-10-18 07:00:00,B3688,0.308,0.0,0.0,47.43,0.22799999999999998,7588.8,8347.68,0.08
2011-10-18 08:00:00,B3688,0.171,0.0,0.44,47.43,-0.3989999999999999,7588.8,8347.68,0.57
2011-10-18 09:00:00,B3688,0.171,0.0,0.61,47.43,-0.579,7588.8,8347.68,0.75
2011-10-18 10:00:00,B3688,0.171,0.0,0.92,47.43,-0.909,7588.8,8347.68,1.08
2011-10-18 11:00:00,B3688,0.171,0.0,1.08,47.43,-1.049,7588.8,8347.68,1.22
2011-10-18 12:00:00,B3688,1.13,0.0,1.07,47.43,-0.030000000000000027,7588.8,8347.68,1.16
2011-10-18 13:00:00,B3688,0.308,0.0,0.9,47.43,-0.6719999999999999,7588.8,8347.68,0.98
2011-10-18 14:00:00,B3688,0.171,0.0,0.47,47.43,-0.30899999999999994,7588.8,8347.68,0.48
2011-10-18 15:00:00,B3688,0.171,0.0,0.0,47.43,0.171,7588.8,8347.68,0.0
2011-10-18 16:00:00,B3688,0.171,0.0,0.0,47.43,0.171,7588.8,8347.68,0.0
2011-10-18 17:00:00,B3688,0.308,0.0,0.0,47.43,0.308,7588.8,8347.68,0.0
2011-10-18 18:00:00,B3688,1.13,0.0,0.0,47.43,1.13,7588.8,8347.68,0.0
2011-10-18 19:00:00,B3688,1.403,0.0,0.0,47.43,1.403,7588.8,8347.68,0.0
2011-10-18 20:00:00,B3688,0.308,0.0,0.0,47.43,0.308,7588.8,8347.68,0.0
2011-10-18 21:00:00,B3688,0.308,0.0,0.0,47.43,0.308,7588.8,8347.68,0.0
2011-10-18 22:00:00,B3688,0.308,0.0,0.0,47.43,0.308,7588.8,8347.68,0.0
2011-10-18 23:00:00,B3688,0.171,0.0,0.0,47.43,0.171,7588.8,8347.68,0.0
2011-10-19 00:00:00,B3688,2.571,2.4,0.0,47.43,2.571,7588.8,8347.68,0.0
2011-10-19 01:00:00,B3688,2.571,2.4,0.0,47.43,2.571,7588.8,8347.68,0.0
2011-10-19 02:00:00,B3688,2.571,2.4,0.0,47.43,2.571,7588.8,8347.68,0.0
2011-10-19 03:00:00,B3688,2.571,2.4,0.0,47.43,2.571,7588.8,8347.68,0.0
2011-10-19 04:00:00,B3688,2.571,2.4,0.0,47.43,2.571,7588.8,8347.68,0.0
2011-10-19 05:00:00,B3688,0.308,0.0,0.0,47.43,0.308,7588.8,8347.68,0.0
2011-10-19 06:00:00,B3688,1.13,0.0,0.0,47.43,1.13,7588.8,8347.68,0.0
2011-10-19 07:00:00,B3688,0.308,0.0,0.17,47.43,-0.0020000000000000018,7588.8,8347.68,0.31
2011-10-19 08:00:00,B3688,0.171,0.0,0.42,47.43,-0.479,7588.8,8347.68,0.65
2011-10-19 09:00:00,B3688,0.171,0.0,0.65,47.43,-0.709,7588.8,8347.68,0.88
2011-10-19 10:00:00,B3688,0.171,0.0,0.83,47.43,-0.829,7588.8,8347.68,1.0
2011-10-19 11:00:00,B3688,0.171,0.0,0.96,47.43,-0.879,7588.8,8347.68,1.05
2011-10-19 12:00:00,B3688,1.13,0.0,1.08,47.43,-0.030000000000000027,7588.8,8347.68,1.16
2011-10-19 13:00:00,B3688,0.308,0.0,1.04,47.43,-0.8219999999999998,7588.8,8347.68,1.13
2011-10-19 14:00:00,B3688,0.171,0.0,0.87,47.43,-0.7989999999999999,7588.8,8347.68,0.97
2011-10-19 15:00:00,B3688,0.171,0.0,0.64,47.43,-0.5489999999999999,7588.8,8347.68,0.72
2011-10-19 16:00:00,B3688,0.171,0.0,0.34,47.43,-0.23899999999999996,7588.8,8347.68,0.41
2011-10-19 17:00:00,B3688,0.308,0.0,0.0,47.43,0.308,7588.8,8347.68,0.0
2011-10-19 18:00:00,B3688,1.13,0.0,0.0,47.43,1.13,7588.8,8347.68,0.0
2011-10-19 19:00:00,B3688,1.403,0.0,0.0,47.43,1.403,7588.8,8347.68,0.0
2011-10-19 20:00:00,B3688,0.308,0.0,0.0,47.43,0.308,7588.8,8347.68,0.0
2011-10-19 21:00:00,B3688,0.308,0.0,0.0,47.43,0.308,7588.8,8347.68,0.0
2011-10-19 22:00:00,B3688,0.308,0.0,0.0,47.43,0.308,7588.8,8347.68,0.0
2011-10-19 23:00:00,B3688,0.171,0.0,0.0,47.43,0.171,7588.8,8347.68,0.0
2011-10-20 00:00:00,B3688,2.571,2.4,0.0,47.43,2.571,7588.8,8347.68,0.0
2011-10-20 01:00:00,B3688,2.571,2.4,0.0,47.43,2.571,7588.8,8347.68,0.0
2011-10-20 02:00:00,B3688,2.571,2.4,0.0,47.43,2.571,7588.8,8347.68,0.0
2011-10-20 03:00:00,B3688,2.571,2.4,0.0,47.43,2.571,7588.8,8347.68,0.0
2011-10-20 04:00:00,B3688,2.571,2.4,0.0,47.43,2.571,7588.8,8347.68,0.0
2011-10-20 05:00:00,B3688,0.308,0.0,0.0,47.43,0.308,7588.8,8347.68,0.0
2011-10-20 06:00:00,B3688,1.13,0.0,0.0,47.43,1.13,7588.8,8347.68,0.0
2011-10-20 07:00:00,B3688,0.308,0.0,0.0,47.43,0.308,7588.8,8347.68,0.0
2011-10-20 08:00:00,B3688,0.171,0.0,0.36,47.43,-0.42899999999999994,7588.8,8347.68,0.6
2011-10-20 09:00:00,B3688,0.171,0.0,0.51,47.43,-0.579,7588.8,8347.68,0.75
2011-10-20 10:00:00,B3688,0.171,0.0,0.74,47.43,-0.739,7588.8,8347.68,0.91
2011-10-20 11:00:00,B3688,0.171,0.0,0.93,47.43,-0.849,7588.8,8347.68,1.02
2011-10-20 12:00:00,B3688,1.13,0.0,1.02,47.43,0.039999999999999813,7588.8,8347.68,1.09
2011-10-20 13:00:00,B3688,0.308,0.0,0.99,47.43,-0.772,7588.8,8347.68,1.08
2011-10-20 14:00:00,B3688,0.171,0.0,0.93,47.43,-0.869,7588.8,8347.68,1.04
2011-10-20 15:00:00,B3688,0.171,0.0,0.83,47.43,-0.7789999999999999,7588.8,8347.68,0.95
2011-10-20 16:00:00,B3688,0.171,0.0,0.47,47.43,-0.359,7588.8,8347.68,0.53
2011-10-20 17:00:00,B3688,0.308,0.0,0.0,47.43,0.308,7588.8,8347.68,0.0
2011-10-20 18:00:00,B3688,1.13,0.0,0.0,47.43,1.13,7588.8,8347.68,0.0
2011-10-20 19:00:00,B3688,1.403,0.0,0.0,47.43,1.403,7588.8,8347.68,0.0
2011-10-20 20:00:00,B3688,0.308,0.0,0.0,47.43,0.308,7588.8,8347.68,0.0
2011-10-20 21:00:00,B3688,0.308,0.0,0.0,47.43,0.308,7588.8,8347.68,0.0
2011-10-20 22:00:00,B3688,0.308,0.0,0.0,47.43,0.308,7588.8,8347.68,0.0
2011-10-20 23:00:00,B3688,0.171,0.0,0.0,47.43,0.171,7588.8,8347.68,0.0
2011-10-21 00:00:00,B3688,2.571,2.4,0.0,47.43,2.571,7588.8,8347.68,0.0
2011-10-21 01:00:00,B3688,2.571,2.4,0.0,47.43,2.571,7588.8,8347.68,0.0
2011-10-21 02:00:00,B3688,2.571,2.4,0.0,47.43,2.571,7588.8,8347.68,0.0
2011-10-21 03:00:00,B3688,2.571,2.4,0.0,47.43,2.571,7588.8,8347.68,0.0
2011-10-21 04:00:00,B3688,2.571,2.4,0.0,47.43,2.571,7588.8,8347.68,0.0
2011-10-21 05:00:00,B3688,0.308,0.0,0.0,47.43,0.308,7588.8,8347.68,0.0
2011-10-21 06:00:00,B3688,1.13,0.0,0.0,47.43,1.13,7588.8,8347.68,0.0
2011-10-21 07:00:00,B3688,0.308,0.0,0.0,47.43,0.308,7588.8,8347.68,0.0
2011-10-21 08:00:00,B3688,0.171,0.0,0.71,47.43,-0.749,7588.8,8347.68,0.92
2011-10-21 09:00:00,B3688,0.171,0.0,1.06,47.43,-1.159,7588.8,8347.68,1.33
2011-10-21 10:00:00,B3688,0.171,0.0,1.37,47.43,-1.439,7588.8,8347.68,1.61
2011-10-21 11:00:00,B3688,0.171,0.0,1.53,47.43,-1.539,7588.8,8347.68,1.71
2011-10-21 12:00:00,B3688,1.13,0.0,1.42,47.43,-0.41000000000000014,7588.8,8347.68,1.54
2011-10-21 13:00:00,B3688,0.308,0.0,1.29,47.43,-1.1019999999999999,7588.8,8347.68,1.41
2011-10-21 14:00:00,B3688,0.171,0.0,1.16,47.43,-1.119,7588.8,8347.68,1.29
2011-10-21 15:00:00,B3688,0.171,0.0,0.82,47.43,-0.759,7588.8,8347.68,0.93
2011-10-21 16:00:00,B3688,0.171,0.0,0.43,47.43,-0.33899999999999997,7588.8,8347.68,0.51
2011-10-21 17:00:00,B3688,0.308,0.0,0.0,47.43,0.308,7588.8,8347.68,0.0
2011-10-21 18:00:00,B3688,1.13,0.0,0.0,47.43,1.13,7588.8,8347.68,0.0
2011-10-21 19:00:00,B3688,1.403,0.0,0.0,47.43,1.403,7588.8,8347.68,0.0
2011-10-21 20:00:00,B3688,0.308,0.0,0.0,47.43,0.308,7588.8,8347.68,0.0
2011-10-21 21:00:00,B3688,0.308,0.0,0.0,47.43,0.308,7588.8,8347.68,0.0
2011-10-21 22:00:00,B3688,0.308,0.0,0.0,47.43,0.308,7588.8,8347.68,0.0
2011-10-21 23:00:00,B3688,0.171,0.0,0.0,47.43,0.171,7588.8,8347.68,0.0
2011-10-22 00:00:00,B3688,0.171,0.0,0.0,47.43,0.171,7588.8,8347.68,0.0
2011-10-22 01:00:00,B3688,0.171,0.0,0.0,47.43,0.171,7588.8,8347.68,0.0
2011-10-22 02:00:00,B3688,0.171,0.0,0.0,47.43,0.171,7588.8,8347.68,0.0
2011-10-22 03:00:00,B3688,0.171,0.0,0.0,47.43,0.171,7588.8,8347.68,0.0
2011-10-22 04:00:00,B3688,0.171,0.0,0.0,47.43,0.171,7588.8,8347.68,0.0
2011-10-22 05:00:00,B3688,0.308,0.0,0.0,47.43,0.308,7588.8,8347.68,0.0
2011-10-22 06:00:00,B3688,1.129,0.0,0.0,47.43,1.129,7588.8,8347.68,0.0
2011-10-22 07:00:00,B3688,0.308,0.0,0.0,47.43,0.308,7588.8,8347.68,0.0
2011-10-22 08:00:00,B3688,2.571,2.4,0.77,47.43,1.6010000000000002,7588.8,8347.68,0.97
2011-10-22 09:00:00,B3688,2.571,2.4,1.16,47.43,1.1410000000000002,7588.8,8347.68,1.43
2011-10-22 10:00:00,B3688,2.571,2.4,1.44,47.43,0.8910000000000002,7588.8,8347.68,1.68
2011-10-22 11:00:00,B3688,2.571,2.4,1.49,47.43,0.8910000000000002,7588.8,8347.68,1.68
2011-10-22 12:00:00,B3688,3.53,2.4,1.44,47.43,1.9299999999999997,7588.8,8347.68,1.6
2011-10-22 13:00:00,B3688,0.308,0.0,1.35,47.43,-1.192,7588.8,8347.68,1.5
2011-10-22 14:00:00,B3688,0.171,0.0,1.1,47.43,-1.059,7588.8,8347.68,1.23
2011-10-22 15:00:00,B3688,0.171,0.0,0.74,47.43,-0.6589999999999999,7588.8,8347.68,0.83
2011-10-22 16:00:00,B3688,0.171,0.0,0.4,47.43,-0.279,7588.8,8347.68,0.45
2011-10-22 17:00:00,B3688,0.308,0.0,0.0,47.43,0.308,7588.8,8347.68,0.0
2011-10-22 18:00:00,B3688,1.13,0.0,0.0,47.43,1.13,7588.8,8347.68,0.0
2011-10-22 19:00:00,B3688,1.403,0.0,0.0,47.43,1.403,7588.8,8347.68,0.0
2011-10-22 20:00:00,B3688,0.308,0.0,0.0,47.43,0.308,7588.8,8347.68,0.0
2011-10-22 21:00:00,B3688,0.308,0.0,0.0,47.43,0.308,7588.8,8347.68,0.0
2011-10-22 22:00:00,B3688,0.308,0.0,0.0,47.43,0.308,7588.8,8347.68,0.0
2011-10-22 23:00:00,B3688,0.171,0.0,0.0,47.43,0.171,7588.8,8347.68,0.0
2011-10-23 00:00:00,B3688,0.171,0.0,0.0,47.43,0.171,7588.8,8347.68,0.0
2011-10-23 01:00:00,B3688,0.171,0.0,0.0,47.43,0.171,7588.8,8347.68,0.0
2011-10-23 02:00:00,B3688,0.171,0.0,0.0,47.43,0.171,7588.8,8347.68,0.0
2011-10-23 03:00:00,B3688,0.171,0.0,0.0,47.43,0.171,7588.8,8347.68,0.0
2011-10-23 04:00:00,B3688,0.171,0.0,0.0,47.43,0.171,7588.8,8347.68,0.0
2011-10-23 05:00:00,B3688,0.308,0.0,0.0,47.43,0.308,7588.8,8347.68,0.0
2011-10-23 06:00:00,B3688,1.129,0.0,0.0,47.43,1.129,7588.8,8347.68,0.0
2011-10-23 07:00:00,B3688,0.308,0.0,0.0,47.43,0.308,7588.8,8347.68,0.0
2011-10-23 08:00:00,B3688,2.571,2.4,0.42,47.43,2.0410000000000004,7588.8,8347.68,0.53
2011-10-23 09:00:00,B3688,2.571,2.4,0.63,47.43,1.8110000000000002,7588.8,8347.68,0.76
2011-10-23 10:00:00,B3688,2.571,2.4,0.92,47.43,1.491,7588.8,8347.68,1.08
2011-10-23 11:00:00,B3688,2.571,2.4,0.87,47.43,1.6110000000000002,7588.8,8347.68,0.96
2011-10-23 12:00:00,B3688,3.53,2.4,0.88,47.43,2.57,7588.8,8347.68,0.96
2011-10-23 13:00:00,B3688,0.308,0.0,1.05,47.43,-0.8419999999999999,7588.8,8347.68,1.15
2011-10-23 14:00:00,B3688,0.171,0.0,0.92,47.43,-0.859,7588.8,8347.68,1.03
2011-10-23 15:00:00,B3688,0.171,0.0,0.63,47.43,-0.5189999999999999,7588.8,8347.68,0.69
2011-10-23 16:00:00,B3688,0.171,0.0,0.25,47.43,-0.10900000000000001,7588.8,8347.68,0.28
2011-10-23 17:00:00,B3688,0.308,0.0,0.0,47.43,0.308,7588.8,8347.68,0.0
2011-10-23 18:00:00,B3688,1.13,0.0,0.0,47.43,1.13,7588.8,8347.68,0.0
2011-10-23 19:00:00,B3688,1.403,0.0,0.0,47.43,1.403,7588.8,8347.68,0.0
2011-10-23 20:00:00,B3688,0.308,0.0,0.0,47.43,0.308,7588.8,8347.68,0.0
2011-10-23 21:00:00,B3688,0.308,0.0,0.0,47.43,0.308,7588.8,8347.68,0.0
2011-10-23 22:00:00,B3688,0.308,0.0,0.0,47.43,0.308,7588.8,8347.68,0.0
2011-10-23 23:00:00,B3688,0.171,0.0,0.0,47.43,0.171,7588.8,8347.68,0.0
2011-10-24 00:00:00,B3688,2.571,2.4,0.0,47.43,2.571,7588.8,8347.68,0.0
2011-10-24 01:00:00,B3688,2.571,2.4,0.0,47.43,2.571,7588.8,8347.68,0.0
2011-10-24 02:00:00,B3688,2.571,2.4,0.0,47.43,2.571,7588.8,8347.68,0.0
2011-10-24 03:00:00,B3688,2.571,2.4,0.0,47.43,2.571,7588.8,8347.68,0.0
2011-10-24 04:00:00,B3688,2.571,2.4,0.0,47.43,2.571,7588.8,8347.68,0.0
2011-10-24 05:00:00,B3688,0.308,0.0,0.0,47.43,0.308,7588.8,8347.68,0.0
2011-10-24 06:00:00,B3688,1.13,0.0,0.0,47.43,1.13,7588.8,8347.68,0.0
2011-10-24 07:00:00,B3688,0.308,0.0,0.0,47.43,0.308,7588.8,8347.68,0.0
2011-10-24 08:00:00,B3688,0.171,0.0,0.75,47.43,-0.7689999999999999,7588.8,8347.68,0.94
2011-10-24 09:00:00,B3688,0.171,0.0,1.17,47.43,-1.269,7588.8,8347.68,1.44
2011-10-24 10:00:00,B3688,0.171,0.0,1.46,47.43,-1.539,7588.8,8347.68,1.71
2011-10-24 11:00:00,B3688,0.171,0.0,1.61,47.43,-1.629,7588.8,8347.68,1.8
2011-10-24 12:00:00,B3688,1.13,0.0,1.67,47.43,-0.7000000000000002,7588.8,8347.68,1.83
2011-10-24 13:00:00,B3688,0.308,0.0,1.56,47.43,-1.422,7588.8,8347.68,1.73
2011-10-24 14:00:00,B3688,0.171,0.0,1.22,47.43,-1.199,7588.8,8347.68,1.37
2011-10-24 15:00:00,B3688,0.171,0.0,0.7,47.43,-0.579,7588.8,8347.68,0.75
2011-10-24 16:00:00,B3688,0.171,0.0,0.0,47.43,0.171,7588.8,8347.68,0.0
2011-10-24 17:00:00,B3688,0.308,0.0,0.0,47.43,0.308,7588.8,8347.68,0.0
2011-10-24 18:00:00,B3688,1.13,0.0,0.0,47.43,1.13,7588.8,8347.68,0.0
2011-10-24 19:00:00,B3688,1.403,0.0,0.0,47.43,1.403,7588.8,8347.68,0.0
2011-10-24 20:00:00,B3688,0.308,0.0,0.0,47.43,0.308,7588.8,8347.68,0.0
2011-10-24 21:00:00,B3688,0.308,0.0,0.0,47.43,0.308,7588.8,8347.68,0.0
2011-10-24 22:00:00,B3688,0.308,0.0,0.0,47.43,0.308,7588.8,8347.68,0.0
2011-10-24 23:00:00,B3688,0.171,0.0,0.0,47.43,0.171,7588.8,8347.68,0.0
2011-10-25 00:00:00,B3688,2.571,2.4,0.0,47.43,2.571,7588.8,8347.68,0.0
2011-10-25 01:00:00,B3688,2.571,2.4,0.0,47.43,2.571,7588.8,8347.68,0.0
2011-10-25 02:00:00,B3688,2.571,2.4,0.0,47.43,2.571,7588.8,8347.68,0.0
2011-10-25 03:00:00,B3688,2.571,2.4,0.0,47.43,2.571,7588.8,8347.68,0.0
2011-10-25 04:00:00,B3688,2.571,2.4,0.0,47.43,2.571,7588.8,8347.68,0.0
2011-10-25 05:00:00,B3688,0.308,0.0,0.0,47.43,0.308,7588.8,8347.68,0.0
2011-10-25 06:00:00,B3688,1.13,0.0,0.0,47.43,1.13,7588.8,8347.68,0.0
2011-10-25 07:00:00,B3688,0.308,0.0,0.0,47.43,0.308,7588.8,8347.68,0.0
2011-10-25 08:00:00,B3688,0.171,0.0,0.43,47.43,-0.489,7588.8,8347.68,0.66
2011-10-25 09:00:00,B3688,0.171,0.0,0.88,47.43,-0.9689999999999999,7588.8,8347.68,1.14
2011-10-25 10:00:00,B3688,0.171,0.0,1.17,47.43,-1.2089999999999999,7588.8,8347.68,1.38
2011-10-25 11:00:00,B3688,0.171,0.0,1.21,47.43,-1.179,7588.8,8347.68,1.35
2011-10-25 12:00:00,B3688,1.13,0.0,1.21,47.43,-0.20000000000000018,7588.8,8347.68,1.33
2011-10-25 13:00:00,B3688,0.308,0.0,1.1,47.43,-0.9019999999999999,7588.8,8347.68,1.21
2011-10-25 14:00:00,B3688,0.171,0.0,0.86,47.43,-0.7889999999999999,7588.8,8347.68,0.96
2011-10-25 15:00:00,B3688,0.171,0.0,0.55,47.43,-0.42899999999999994,7588.8,8347.68,0.6
2011-10-25 16:00:00,B3688,0.171,0.0,0.0,47.43,0.171,7588.8,8347.68,0.0
2011-10-25 17:00:00,B3688,0.308,0.0,0.0,47.43,0.308,7588.8,8347.68,0.0
2011-10-25 18:00:00,B3688,1.13,0.0,0.0,47.43,1.13,7588.8,8347.68,0.0
2011-10-25 19:00:00,B3688,1.403,0.0,0.0,47.43,1.403,7588.8,8347.68,0.0
2011-10-25 20:00:00,B3688,0.308,0.0,0.0,47.43,0.308,7588.8,8347.68,0.0
2011-10-25 21:00:00,B3688,0.308,0.0,0.0,47.43,0.308,7588.8,8347.68,0.0
2011-10-25 22:00:00,B3688,0.308,0.0,0.0,47.43,0.308,7588.8,8347.68,0.0
2011-10-25 23:00:00,B3688,0.171,0.0,0.0,47.43,0.171,7588.8,8347.68,0.0
2011-10-26 00:00:00,B3688,2.571,2.4,0.0,47.43,2.571,7588.8,8347.68,0.0
2011-10-26 01:00:00,B3688,2.571,2.4,0.0,47.43,2.571,7588.8,8347.68,0.0
2011-10-26 02:00:00,B3688,2.571,2.4,0.0,47.43,2.571,7588.8,8347.68,0.0
2011-10-26 03:00:00,B3688,2.571,2.4,0.0,47.43,2.571,7588.8,8347.68,0.0
2011-10-26 04:00:00,B3688,2.571,2.4,0.0,47.43,2.571,7588.8,8347.68,0.0
2011-10-26 05:00:00,B3688,0.308,0.0,0.0,47.43,0.308,7588.8,8347.68,0.0
2011-10-26 06:00:00,B3688,1.13,0.0,0.0,47.43,1.13,7588.8,8347.68,0.0
2011-10-26 07:00:00,B3688,0.308,0.0,0.0,47.43,0.308,7588.8,8347.68,0.0
2011-10-26 08:00:00,B3688,0.171,0.0,0.56,47.43,-0.5589999999999999,7588.8,8347.68,0.73
2011-10-26 09:00:00,B3688,0.171,0.0,0.86,47.43,-0.909,7588.8,8347.68,1.08
2011-10-26 10:00:00,B3688,0.171,0.0,0.96,47.43,-0.9689999999999999,7588.8,8347.68,1.14
2011-10-26 11:00:00,B3688,0.171,0.0,1.16,47.43,-1.119,7588.8,8347.68,1.29
2011-10-26 12:00:00,B3688,1.13,0.0,1.12,47.43,-0.09000000000000008,7588.8,8347.68,1.22
2011-10-26 13:00:00,B3688,0.308,0.0,0.9,47.43,-0.6819999999999999,7588.8,8347.68,0.99
2011-10-26 14:00:00,B3688,0.171,0.0,0.89,47.43,-0.829,7588.8,8347.68,1.0
2011-10-26 15:00:00,B3688,0.171,0.0,0.67,47.43,-0.569,7588.8,8347.68,0.74
2011-10-26 16:00:00,B3688,0.171,0.0,0.24,47.43,-0.099,7588.8,8347.68,0.27
2011-10-26 17:00:00,B3688,0.308,0.0,0.0,47.43,0.308,7588.8,8347.68,0.0
2011-10-26 18:00:00,B3688,1.13,0.0,0.0,47.43,1.13,7588.8,8347.68,0.0
2011-10-26 19:00:00,B3688,1.403,0.0,0.0,47.43,1.403,7588.8,8347.68,0.0
2011-10-26 20:00:00,B3688,0.308,0.0,0.0,47.43,0.308,7588.8,8347.68,0.0
2011-10-26 21:00:00,B3688,0.308,0.0,0.0,47.43,0.308,7588.8,8347.68,0.0
2011-10-26 22:00:00,B3688,0.308,0.0,0.0,47.43,0.308,7588.8,8347.68,0.0
2011-10-26 23:00:00,B3688,0.171,0.0,0.0,47.43,0.171,7588.8,8347.68,0.0
2011-10-27 00:00:00,B3688,2.571,2.4,0.0,47.43,2.571,7588.8,8347.68,0.0
2011-10-27 01:00:00,B3688,2.571,2.4,0.0,47.43,2.571,7588.8,8347.68,0.0
2011-10-27 02:00:00,B3688,2.571,2.4,0.0,47.43,2.571,7588.8,8347.68,0.0
2011-10-27 03:00:00,B3688,2.571,2.4,0.0,47.43,2.571,7588.8,8347.68,0.0
2011-10-27 04:00:00,B3688,2.571,2.4,0.0,47.43,2.571,7588.8,8347.68,0.0
2011-10-27 05:00:00,B3688,0.308,0.0,0.0,47.43,0.308,7588.8,8347.68,0.0
2011-10-27 06:00:00,B3688,1.13,0.0,0.0,47.43,1.13,7588.8,8347.68,0.0
2011-10-27 07:00:00,B3688,0.308,0.0,0.0,47.43,0.308,7588.8,8347.68,0.0
2011-10-27 08:00:00,B3688,0.171,0.0,0.71,47.43,-0.729,7588.8,8347.68,0.9
2011-10-27 09:00:00,B3688,0.171,0.0,1.07,47.43,-1.149,7588.8,8347.68,1.32
2011-10-27 10:00:00,B3688,0.171,0.0,1.39,47.43,-1.449,7588.8,8347.68,1.62
2011-10-27 11:00:00,B3688,0.171,0.0,1.51,47.43,-1.529,7588.8,8347.68,1.7
2011-10-27 12:00:00,B3688,1.13,0.0,1.51,47.43,-0.54,7588.8,8347.68,1.67
2011-10-27 13:00:00,B3688,0.308,0.0,1.33,47.43,-1.152,7588.8,8347.68,1.46
2011-10-27 14:00:00,B3688,0.171,0.0,0.91,47.43,-0.859,7588.8,8347.68,1.03
2011-10-27 15:00:00,B3688,0.171,0.0,0.51,47.43,-0.4089999999999999,7588.8,8347.68,0.58
2011-10-27 16:00:00,B3688,0.171,0.0,0.17,47.43,-0.028999999999999998,7588.8,8347.68,0.2
2011-10-27 17:00:00,B3688,0.308,0.0,0.0,47.43,0.308,7588.8,8347.68,0.0
2011-10-27 18:00:00,B3688,1.13,0.0,0.0,47.43,1.13,7588.8,8347.68,0.0
2011-10-27 19:00:00,B3688,1.403,0.0,0.0,47.43,1.403,7588.8,8347.68,0.0
2011-10-27 20:00:00,B3688,0.308,0.0,0.0,47.43,0.308,7588.8,8347.68,0.0
2011-10-27 21:00:00,B3688,0.308,0.0,0.0,47.43,0.308,7588.8,8347.68,0.0
2011-10-27 22:00:00,B3688,0.308,0.0,0.0,47.43,0.308,7588.8,8347.68,0.0
2011-10-27 23:00:00,B3688,0.171,0.0,0.0,47.43,0.171,7588.8,8347.68,0.0
2011-10-28 00:00:00,B3688,2.571,2.4,0.0,47.43,2.571,7588.8,8347.68,0.0
2011-10-28 01:00:00,B3688,2.571,2.4,0.0,47.43,2.571,7588.8,8347.68,0.0
2011-10-28 02:00:00,B3688,2.571,2.4,0.0,47.43,2.571,7588.8,8347.68,0.0
2011-10-28 03:00:00,B3688,2.571,2.4,0.0,47.43,2.571,7588.8,8347.68,0.0
2011-10-28 04:00:00,B3688,2.571,2.4,0.0,47.43,2.571,7588.8,8347.68,0.0
2011-10-28 05:00:00,B3688,0.308,0.0,0.0,47.43,0.308,7588.8,8347.68,0.0
2011-10-28 06:00:00,B3688,1.13,0.0,0.0,47.43,1.13,7588.8,8347.68,0.0
2011-10-28 07:00:00,B3688,0.308,0.0,0.0,47.43,0.308,7588.8,8347.68,0.0
2011-10-28 08:00:00,B3688,0.171,0.0,0.41,47.43,-0.469,7588.8,8347.68,0.64
2011-10-28 09:00:00,B3688,0.171,0.0,0.62,47.43,-0.6789999999999999,7588.8,8347.68,0.85
2011-10-28 10:00:00,B3688,0.171,0.0,0.94,47.43,-0.9589999999999999,7588.8,8347.68,1.13
2011-10-28 11:00:00,B3688,0.171,0.0,1.33,47.43,-1.299,7588.8,8347.68,1.47
2011-10-28 12:00:00,B3688,1.13,0.0,1.41,47.43,-0.41000000000000014,7588.8,8347.68,1.54
2011-10-28 13:00:00,B3688,0.308,0.0,1.28,47.43,-1.0919999999999999,7588.8,8347.68,1.4
2011-10-28 14:00:00,B3688,0.171,0.0,1.08,47.43,-1.039,7588.8,8347.68,1.21
2011-10-28 15:00:00,B3688,0.171,0.0,0.81,47.43,-0.7689999999999999,7588.8,8347.68,0.94
2011-10-28 16:00:00,B3688,0.171,0.0,0.34,47.43,-0.209,7588.8,8347.68,0.38
2011-10-28 17:00:00,B3688,0.308,0.0,0.0,47.43,0.308,7588.8,8347.68,0.0
2011-10-28 18:00:00,B3688,1.13,0.0,0.0,47.43,1.13,7588.8,8347.68,0.0
2011-10-28 19:00:00,B3688,1.403,0.0,0.0,47.43,1.403,7588.8,8347.68,0.0
2011-10-28 20:00:00,B3688,0.308,0.0,0.0,47.43,0.308,7588.8,8347.68,0.0
2011-10-28 21:00:00,B3688,0.308,0.0,0.0,47.43,0.308,7588.8,8347.68,0.0
2011-10-28 22:00:00,B3688,0.308,0.0,0.0,47.43,0.308,7588.8,8347.68,0.0
2011-10-28 23:00:00,B3688,0.171,0.0,0.0,47.43,0.171,7588.8,8347.68,0.0
2011-10-29 00:00:00,B3688,0.171,0.0,0.0,47.43,0.171,7588.8,8347.68,0.0
2011-10-29 01:00:00,B3688,0.171,0.0,0.0,47.43,0.171,7588.8,8347.68,0.0
2011-10-29 02:00:00,B3688,0.171,0.0,0.0,47.43,0.171,7588.8,8347.68,0.0
2011-10-29 03:00:00,B3688,0.171,0.0,0.0,47.43,0.171,7588.8,8347.68,0.0
2011-10-29 04:00:00,B3688,0.171,0.0,0.0,47.43,0.171,7588.8,8347.68,0.0
2011-10-29 05:00:00,B3688,0.308,0.0,0.0,47.43,0.308,7588.8,8347.68,0.0
2011-10-29 06:00:00,B3688,1.129,0.0,0.0,47.43,1.129,7588.8,8347.68,0.0
2011-10-29 07:00:00,B3688,0.308,0.0,0.0,47.43,0.308,7588.8,8347.68,0.0
2011-10-29 08:00:00,B3688,2.571,2.4,0.33,47.43,2.031,7588.8,8347.68,0.54
2011-10-29 09:00:00,B3688,2.571,2.4,0.58,47.43,1.7610000000000001,7588.8,8347.68,0.81
2011-10-29 10:00:00,B3688,2.571,2.4,0.68,47.43,1.721,7588.8,8347.68,0.85
2011-10-29 11:00:00,B3688,2.571,2.4,0.71,47.43,1.7810000000000001,7588.8,8347.68,0.79
2011-10-29 12:00:00,B3688,3.53,2.4,0.78,47.43,2.69,7588.8,8347.68,0.84
2011-10-29 13:00:00,B3688,0.308,0.0,0.73,47.43,-0.49200000000000005,7588.8,8347.68,0.8
2011-10-29 14:00:00,B3688,0.171,0.0,0.63,47.43,-0.5589999999999999,7588.8,8347.68,0.73
2011-10-29 15:00:00,B3688,0.171,0.0,0.54,47.43,-0.44899999999999995,7588.8,8347.68,0.62
2011-10-29 16:00:00,B3688,0.171,0.0,0.22,47.43,-0.099,7588.8,8347.68,0.27
2011-10-29 17:00:00,B3688,0.308,0.0,0.0,47.43,0.308,7588.8,8347.68,0.0
2011-10-29 18:00:00,B3688,1.13,0.0,0.0,47.43,1.13,7588.8,8347.68,0.0
2011-10-29 19:00:00,B3688,1.403,0.0,0.0,47.43,1.403,7588.8,8347.68,0.0
2011-10-29 20:00:00,B3688,0.308,0.0,0.0,47.43,0.308,7588.8,8347.68,0.0
2011-10-29 21:00:00,B3688,0.308,0.0,0.0,47.43,0.308,7588.8,8347.68,0.0
2011-10-29 22:00:00,B3688,0.308,0.0,0.0,47.43,0.308,7588.8,8347.68,0.0
2011-10-29 23:00:00,B3688,0.171,0.0,0.0,47.43,0.171,7588.8,8347.68,0.0
2011-10-30 00:00:00,B3688,0.171,0.0,0.0,47.43,0.171,7588.8,8347.68,0.0
2011-10-30 01:00:00,B3688,0.171,0.0,0.0,47.43,0.171,7588.8,8347.68,0.0
2011-10-30 02:00:00,B3688,0.171,0.0,0.0,47.43,0.171,7588.8,8347.68,0.0
2011-10-30 03:00:00,B3688,0.171,0.0,0.0,47.43,0.171,7588.8,8347.68,0.0
2011-10-30 04:00:00,B3688,0.171,0.0,0.0,47.43,0.171,7588.8,8347.68,0.0
2011-10-30 05:00:00,B3688,0.308,0.0,0.0,47.43,0.308,7588.8,8347.68,0.0
2011-10-30 06:00:00,B3688,1.129,0.0,0.0,47.43,1.129,7588.8,8347.68,0.0
2011-10-30 07:00:00,B3688,0.308,0.0,0.0,47.43,0.308,7588.8,8347.68,0.0
2011-10-30 08:00:00,B3688,2.571,2.4,0.49,47.43,1.8510000000000002,7588.8,8347.68,0.72
2011-10-30 09:00:00,B3688,2.571,2.4,0.8,47.43,1.5010000000000001,7588.8,8347.68,1.07
2011-10-30 10:00:00,B3688,2.571,2.4,0.97,47.43,1.4010000000000002,7588.8,8347.68,1.17
2011-10-30 11:00:00,B3688,2.571,2.4,0.93,47.43,1.5410000000000001,7588.8,8347.68,1.03
2011-10-30 12:00:00,B3688,3.53,2.4,0.86,47.43,2.5999999999999996,7588.8,8347.68,0.93
2011-10-30 13:00:00,B3688,0.308,0.0,0.82,47.43,-0.6020000000000001,7588.8,8347.68,0.91
2011-10-30 14:00:00,B3688,0.171,0.0,0.78,47.43,-0.719,7588.8,8347.68,0.89
2011-10-30 15:00:00,B3688,0.171,0.0,0.65,47.43,-0.569,7588.8,8347.68,0.74
2011-10-30 16:00:00,B3688,0.171,0.0,0.28,47.43,-0.159,7588.8,8347.68,0.33
2011-10-30 17:00:00,B3688,0.308,0.0,0.0,47.43,0.308,7588.8,8347.68,0.0
2011-10-30 18:00:00,B3688,1.13,0.0,0.0,47.43,1.13,7588.8,8347.68,0.0
2011-10-30 19:00:00,B3688,1.403,0.0,0.0,47.43,1.403,7588.8,8347.68,0.0
2011-10-30 20:00:00,B3688,0.308,0.0,0.0,47.43,0.308,7588.8,8347.68,0.0
2011-10-30 21:00:00,B3688,0.308,0.0,0.0,47.43,0.308,7588.8,8347.68,0.0
2011-10-30 22:00:00,B3688,0.308,0.0,0.0,47.43,0.308,7588.8,8347.68,0.0
2011-10-30 23:00:00,B3688,0.171,0.0,0.0,47.43,0.171,7588.8,8347.68,0.0
2011-10-31 00:00:00,B3688,2.571,2.4,0.0,47.43,2.571,7588.8,8347.68,0.0
2011-10-31 01:00:00,B3688,2.571,2.4,0.0,47.43,2.571,7588.8,8347.68,0.0
2011-10-31 02:00:00,B3688,2.571,2.4,0.0,47.43,2.571,7588.8,8347.68,0.0
2011-10-31 03:00:00,B3688,2.571,2.4,0.0,47.43,2.571,7588.8,8347.68,0.0
2011-10-31 04:00:00,B3688,2.571,2.4,0.0,47.43,2.571,7588.8,8347.68,0.0
2011-10-31 05:00:00,B3688,0.308,0.0,0.0,47.43,0.308,7588.8,8347.68,0.0
2011-10-31 06:00:00,B3688,1.13,0.0,0.0,47.43,1.13,7588.8,8347.68,0.0
2011-10-31 07:00:00,B3688,0.308,0.0,0.0,47.43,0.308,7588.8,8347.68,0.0
2011-10-31 08:00:00,B3688,0.171,0.0,0.39,47.43,-0.43899999999999995,7588.8,8347.68,0.61
2011-10-31 09:00:00,B3688,0.171,0.0,0.52,47.43,-0.579,7588.8,8347.68,0.75
2011-10-31 10:00:00,B3688,0.171,0.0,0.58,47.43,-0.569,7588.8,8347.68,0.74
2011-10-31 11:00:00,B3688,0.171,0.0,0.64,47.43,-0.5489999999999999,7588.8,8347.68,0.72
2011-10-31 12:00:00,B3688,1.13,0.0,0.68,47.43,0.3899999999999999,7588.8,8347.68,0.74
2011-10-31 13:00:00,B3688,0.308,0.0,0.68,47.43,-0.452,7588.8,8347.68,0.76
2011-10-31 14:00:00,B3688,0.171,0.0,0.62,47.43,-0.5489999999999999,7588.8,8347.68,0.72
2011-10-31 15:00:00,B3688,0.171,0.0,0.51,47.43,-0.41899999999999993,7588.8,8347.68,0.59
2011-10-31 16:00:00,B3688,0.171,0.0,0.21,47.43,-0.089,7588.8,8347.68,0.26
2011-10-31 17:00:00,B3688,0.308,0.0,0.0,47.43,0.308,7588.8,8347.68,0.0
2011-10-31 18:00:00,B3688,1.13,0.0,0.0,47.43,1.13,7588.8,8347.68,0.0
2011-10-31 19:00:00,B3688,1.403,0.0,0.0,47.43,1.403,7588.8,8347.68,0.0
2011-10-31 20:00:00,B3688,0.308,0.0,0.0,47.43,0.308,7588.8,8347.68,0.0
2011-10-31 21:00:00,B3688,0.308,0.0,0.0,47.43,0.308,7588.8,8347.68,0.0
2011-10-31 22:00:00,B3688,0.308,0.0,0.0,47.43,0.308,7588.8,8347.68,0.0
2011-10-31 23:00:00,B3688,0.171,0.0,0.0,47.43,0.171,7588.8,8347.68,0.0
2011-11-01 00:00:00,B3688,2.571,2.4,0.0,47.43,2.571,7588.8,8347.68,0.0
2011-11-01 01:00:00,B3688,2.571,2.4,0.0,47.43,2.571,7588.8,8347.68,0.0
2011-11-01 02:00:00,B3688,2.571,2.4,0.0,47.43,2.571,7588.8,8347.68,0.0
2011-11-01 03:00:00,B3688,2.571,2.4,0.0,47.43,2.571,7588.8,8347.68,0.0
2011-11-01 04:00:00,B3688,2.571,2.4,0.0,47.43,2.571,7588.8,8347.68,0.0
2011-11-01 05:00:00,B3688,0.308,0.0,0.0,47.43,0.308,7588.8,8347.68,0.0
2011-11-01 06:00:00,B3688,1.13,0.0,0.0,47.43,1.13,7588.8,8347.68,0.0
2011-11-01 07:00:00,B3688,0.308,0.0,0.0,47.43,0.308,7588.8,8347.68,0.0
2011-11-01 08:00:00,B3688,0.171,0.0,0.35,47.43,-0.4089999999999999,7588.8,8347.68,0.58
2011-11-01 09:00:00,B3688,0.171,0.0,0.7,47.43,-0.7789999999999999,7588.8,8347.68,0.95
2011-11-01 10:00:00,B3688,0.171,0.0,1.15,47.43,-1.199,7588.8,8347.68,1.37
2011-11-01 11:00:00,B3688,0.171,0.0,1.46,47.43,-1.449,7588.8,8347.68,1.62
2011-11-01 12:00:00,B3688,1.13,0.0,1.5,47.43,-0.54,7588.8,8347.68,1.67
2011-11-01 13:00:00,B3688,0.308,0.0,1.25,47.43,-1.0919999999999999,7588.8,8347.68,1.4
2011-11-01 14:00:00,B3688,0.171,0.0,0.93,47.43,-0.879,7588.8,8347.68,1.05
2011-11-01 15:00:00,B3688,0.171,0.0,0.61,47.43,-0.489,7588.8,8347.68,0.66
2011-11-01 16:00:00,B3688,0.171,0.0,0.0,47.43,0.15100000000000002,7588.8,8347.68,0.02
2011-11-01 17:00:00,B3688,0.308,0.0,0.0,47.43,0.308,7588.8,8347.68,0.0
2011-11-01 18:00:00,B3688,1.13,0.0,0.0,47.43,1.13,7588.8,8347.68,0.0
2011-11-01 19:00:00,B3688,1.403,0.0,0.0,47.43,1.403,7588.8,8347.68,0.0
2011-11-01 20:00:00,B3688,0.308,0.0,0.0,47.43,0.308,7588.8,8347.68,0.0
2011-11-01 21:00:00,B3688,0.308,0.0,0.0,47.43,0.308,7588.8,8347.68,0.0
2011-11-01 22:00:00,B3688,0.308,0.0,0.0,47.43,0.308,7588.8,8347.68,0.0
2011-11-01 23:00:00,B3688,0.171,0.0,0.0,47.43,0.171,7588.8,8347.68,0.0
2011-11-02 00:00:00,B3688,2.571,2.4,0.0,47.43,2.571,7588.8,8347.68,0.0
2011-11-02 01:00:00,B3688,2.571,2.4,0.0,47.43,2.571,7588.8,8347.68,0.0
2011-11-02 02:00:00,B3688,2.571,2.4,0.0,47.43,2.571,7588.8,8347.68,0.0
2011-11-02 03:00:00,B3688,2.571,2.4,0.0,47.43,2.571,7588.8,8347.68,0.0
2011-11-02 04:00:00,B3688,2.571,2.4,0.0,47.43,2.571,7588.8,8347.68,0.0
2011-11-02 05:00:00,B3688,0.308,0.0,0.0,47.43,0.308,7588.8,8347.68,0.0
2011-11-02 06:00:00,B3688,1.13,0.0,0.0,47.43,1.13,7588.8,8347.68,0.0
2011-11-02 07:00:00,B3688,0.308,0.0,0.0,47.43,0.308,7588.8,8347.68,0.0
2011-11-02 08:00:00,B3688,0.171,0.0,0.0,47.43,0.171,7588.8,8347.68,0.0
2011-11-02 09:00:00,B3688,0.171,0.0,0.0,47.43,0.171,7588.8,8347.68,0.0
2011-11-02 10:00:00,B3688,0.171,0.0,0.0,47.43,0.171,7588.8,8347.68,0.0
2011-11-02 11:00:00,B3688,0.171,0.0,0.47,47.43,-0.29899999999999993,7588.8,8347.68,0.47
2011-11-02 12:00:00,B3688,1.13,0.0,1.04,47.43,-0.010000000000000009,7588.8,8347.68,1.14
2011-11-02 13:00:00,B3688,0.308,0.0,1.17,47.43,-0.982,7588.8,8347.68,1.29
2011-11-02 14:00:00,B3688,0.171,0.0,0.83,47.43,-0.7689999999999999,7588.8,8347.68,0.94
2011-11-02 15:00:00,B3688,0.171,0.0,0.56,47.43,-0.45899999999999996,7588.8,8347.68,0.63
2011-11-02 16:00:00,B3688,0.171,0.0,0.19,47.43,-0.059,7588.8,8347.68,0.23
2011-11-02 17:00:00,B3688,0.308,0.0,0.0,47.43,0.308,7588.8,8347.68,0.0
2011-11-02 18:00:00,B3688,1.13,0.0,0.0,47.43,1.13,7588.8,8347.68,0.0
2011-11-02 19:00:00,B3688,1.403,0.0,0.0,47.43,1.403,7588.8,8347.68,0.0
2011-11-02 20:00:00,B3688,0.308,0.0,0.0,47.43,0.308,7588.8,8347.68,0.0
2011-11-02 21:00:00,B3688,0.308,0.0,0.0,47.43,0.308,7588.8,8347.68,0.0
2011-11-02 22:00:00,B3688,0.308,0.0,0.0,47.43,0.308,7588.8,8347.68,0.0
2011-11-02 23:00:00,B3688,0.171,0.0,0.0,47.43,0.171,7588.8,8347.68,0.0
2011-11-03 00:00:00,B3688,2.571,2.4,0.0,47.43,2.571,7588.8,8347.68,0.0
2011-11-03 01:00:00,B3688,2.571,2.4,0.0,47.43,2.571,7588.8,8347.68,0.0
2011-11-03 02:00:00,B3688,2.571,2.4,0.0,47.43,2.571,7588.8,8347.68,0.0
2011-11-03 03:00:00,B3688,2.571,2.4,0.0,47.43,2.571,7588.8,8347.68,0.0
2011-11-03 04:00:00,B3688,2.571,2.4,0.0,47.43,2.571,7588.8,8347.68,0.0
2011-11-03 05:00:00,B3688,0.308,0.0,0.0,47.43,0.308,7588.8,8347.68,0.0
2011-11-03 06:00:00,B3688,1.13,0.0,0.0,47.43,1.13,7588.8,8347.68,0.0
2011-11-03 07:00:00,B3688,0.308,0.0,0.0,47.43,0.308,7588.8,8347.68,0.0
2011-11-03 08:00:00,B3688,0.171,0.0,0.36,47.43,-0.379,7588.8,8347.68,0.55
2011-11-03 09:00:00,B3688,0.171,0.0,0.58,47.43,-0.639,7588.8,8347.68,0.81
2011-11-03 10:00:00,B3688,0.171,0.0,0.87,47.43,-0.879,7588.8,8347.68,1.05
2011-11-03 11:00:00,B3688,0.171,0.0,0.98,47.43,-0.919,7588.8,8347.68,1.09
2011-11-03 12:00:00,B3688,1.13,0.0,0.98,47.43,0.05999999999999983,7588.8,8347.68,1.07
2011-11-03 13:00:00,B3688,0.308,0.0,0.98,47.43,-0.772,7588.8,8347.68,1.08
2011-11-03 14:00:00,B3688,0.171,0.0,0.82,47.43,-0.759,7588.8,8347.68,0.93
2011-11-03 15:00:00,B3688,0.171,0.0,0.59,47.43,-0.479,7588.8,8347.68,0.65
2011-11-03 16:00:00,B3688,0.171,0.0,0.21,47.43,-0.06899999999999998,7588.8,8347.68,0.24
2011-11-03 17:00:00,B3688,0.308,0.0,0.0,47.43,0.308,7588.8,8347.68,0.0
2011-11-03 18:00:00,B3688,1.13,0.0,0.0,47.43,1.13,7588.8,8347.68,0.0
2011-11-03 19:00:00,B3688,1.403,0.0,0.0,47.43,1.403,7588.8,8347.68,0.0
2011-11-03 20:00:00,B3688,0.308,0.0,0.0,47.43,0.308,7588.8,8347.68,0.0
2011-11-03 21:00:00,B3688,0.308,0.0,0.0,47.43,0.308,7588.8,8347.68,0.0
2011-11-03 22:00:00,B3688,0.308,0.0,0.0,47.43,0.308,7588.8,8347.68,0.0
2011-11-03 23:00:00,B3688,0.171,0.0,0.0,47.43,0.171,7588.8,8347.68,0.0
2011-11-04 00:00:00,B3688,2.571,2.4,0.0,47.43,2.571,7588.8,8347.68,0.0
2011-11-04 01:00:00,B3688,2.571,2.4,0.0,47.43,2.571,7588.8,8347.68,0.0
2011-11-04 02:00:00,B3688,2.571,2.4,0.0,47.43,2.571,7588.8,8347.68,0.0
2011-11-04 03:00:00,B3688,2.571,2.4,0.0,47.43,2.571,7588.8,8347.68,0.0
2011-11-04 04:00:00,B3688,2.571,2.4,0.0,47.43,2.571,7588.8,8347.68,0.0
2011-11-04 05:00:00,B3688,0.308,0.0,0.0,47.43,0.308,7588.8,8347.68,0.0
2011-11-04 06:00:00,B3688,1.13,0.0,0.0,47.43,1.13,7588.8,8347.68,0.0
2011-11-04 07:00:00,B3688,0.308,0.0,0.0,47.43,0.308,7588.8,8347.68,0.0
2011-11-04 08:00:00,B3688,0.171,0.0,0.68,47.43,-0.6689999999999999,7588.8,8347.68,0.84
2011-11-04 09:00:00,B3688,0.171,0.0,0.98,47.43,-1.059,7588.8,8347.68,1.23
2011-11-04 10:00:00,B3688,0.171,0.0,1.17,47.43,-1.2189999999999999,7588.8,8347.68,1.39
2011-11-04 11:00:00,B3688,0.171,0.0,1.23,47.43,-1.199,7588.8,8347.68,1.37
2011-11-04 12:00:00,B3688,1.13,0.0,1.14,47.43,-0.1100000000000001,7588.8,8347.68,1.24
2011-11-04 13:00:00,B3688,0.308,0.0,0.93,47.43,-0.722,7588.8,8347.68,1.03
2011-11-04 14:00:00,B3688,0.171,0.0,0.79,47.43,-0.729,7588.8,8347.68,0.9
2011-11-04 15:00:00,B3688,0.171,0.0,0.61,47.43,-0.5189999999999999,7588.8,8347.68,0.69
2011-11-04 16:00:00,B3688,0.171,0.0,0.22,47.43,-0.089,7588.8,8347.68,0.26
2011-11-04 17:00:00,B3688,0.308,0.0,0.0,47.43,0.308,7588.8,8347.68,0.0
2011-11-04 18:00:00,B3688,1.13,0.0,0.0,47.43,1.13,7588.8,8347.68,0.0
2011-11-04 19:00:00,B3688,1.403,0.0,0.0,47.43,1.403,7588.8,8347.68,0.0
2011-11-04 20:00:00,B3688,0.308,0.0,0.0,47.43,0.308,7588.8,8347.68,0.0
2011-11-04 21:00:00,B3688,0.308,0.0,0.0,47.43,0.308,7588.8,8347.68,0.0
2011-11-04 22:00:00,B3688,0.308,0.0,0.0,47.43,0.308,7588.8,8347.68,0.0
2011-11-04 23:00:00,B3688,0.171,0.0,0.0,47.43,0.171,7588.8,8347.68,0.0
2011-11-05 00:00:00,B3688,0.171,0.0,0.0,47.43,0.171,7588.8,8347.68,0.0
2011-11-05 01:00:00,B3688,0.171,0.0,0.0,47.43,0.171,7588.8,8347.68,0.0
2011-11-05 02:00:00,B3688,0.171,0.0,0.0,47.43,0.171,7588.8,8347.68,0.0
2011-11-05 03:00:00,B3688,0.171,0.0,0.0,47.43,0.171,7588.8,8347.68,0.0
2011-11-05 04:00:00,B3688,0.171,0.0,0.0,47.43,0.171,7588.8,8347.68,0.0
2011-11-05 05:00:00,B3688,0.308,0.0,0.0,47.43,0.308,7588.8,8347.68,0.0
2011-11-05 06:00:00,B3688,1.129,0.0,0.0,47.43,1.129,7588.8,8347.68,0.0
2011-11-05 07:00:00,B3688,0.308,0.0,0.0,47.43,0.308,7588.8,8347.68,0.0
2011-11-05 08:00:00,B3688,2.571,2.4,0.35,47.43,2.0410000000000004,7588.8,8347.68,0.53
2011-11-05 09:00:00,B3688,2.571,2.4,0.54,47.43,1.8210000000000002,7588.8,8347.68,0.75
2011-11-05 10:00:00,B3688,2.571,2.4,0.66,47.43,1.7610000000000001,7588.8,8347.68,0.81
2011-11-05 11:00:00,B3688,2.571,2.4,0.74,47.43,1.7510000000000003,7588.8,8347.68,0.82
2011-11-05 12:00:00,B3688,3.53,2.4,0.74,47.43,2.7199999999999998,7588.8,8347.68,0.81
2011-11-05 13:00:00,B3688,0.308,0.0,0.77,47.43,-0.552,7588.8,8347.68,0.86
2011-11-05 14:00:00,B3688,0.171,0.0,0.74,47.43,-0.6789999999999999,7588.8,8347.68,0.85
2011-11-05 15:00:00,B3688,0.171,0.0,0.55,47.43,-0.44899999999999995,7588.8,8347.68,0.62
2011-11-05 16:00:00,B3688,0.171,0.0,0.21,47.43,-0.07899999999999999,7588.8,8347.68,0.25
2011-11-05 17:00:00,B3688,0.308,0.0,0.0,47.43,0.308,7588.8,8347.68,0.0
2011-11-05 18:00:00,B3688,1.13,0.0,0.0,47.43,1.13,7588.8,8347.68,0.0
2011-11-05 19:00:00,B3688,1.403,0.0,0.0,47.43,1.403,7588.8,8347.68,0.0
2011-11-05 20:00:00,B3688,0.308,0.0,0.0,47.43,0.308,7588.8,8347.68,0.0
2011-11-05 21:00:00,B3688,0.308,0.0,0.0,47.43,0.308,7588.8,8347.68,0.0
2011-11-05 22:00:00,B3688,0.308,0.0,0.0,47.43,0.308,7588.8,8347.68,0.0
2011-11-05 23:00:00,B3688,0.171,0.0,0.0,47.43,0.171,7588.8,8347.68,0.0
2011-11-06 00:00:00,B3688,0.171,0.0,0.0,47.43,0.171,7588.8,8347.68,0.0
2011-11-06 01:00:00,B3688,0.171,0.0,0.0,47.43,0.171,7588.8,8347.68,0.0
2011-11-06 02:00:00,B3688,0.171,0.0,0.0,47.43,0.171,7588.8,8347.68,0.0
2011-11-06 03:00:00,B3688,0.171,0.0,0.0,47.43,0.171,7588.8,8347.68,0.0
2011-11-06 04:00:00,B3688,0.171,0.0,0.0,47.43,0.171,7588.8,8347.68,0.0
2011-11-06 05:00:00,B3688,0.308,0.0,0.0,47.43,0.308,7588.8,8347.68,0.0
2011-11-06 06:00:00,B3688,1.129,0.0,0.0,47.43,1.129,7588.8,8347.68,0.0
2011-11-06 07:00:00,B3688,0.308,0.0,0.0,47.43,0.308,7588.8,8347.68,0.0
2011-11-06 08:00:00,B3688,2.571,2.4,0.29,47.43,2.091,7588.8,8347.68,0.48
2011-11-06 09:00:00,B3688,2.571,2.4,0.48,47.43,1.8810000000000002,7588.8,8347.68,0.69
2011-11-06 10:00:00,B3688,2.571,2.4,0.66,47.43,1.7510000000000003,7588.8,8347.68,0.82
2011-11-06 11:00:00,B3688,2.571,2.4,0.71,47.43,1.7810000000000001,7588.8,8347.68,0.79
2011-11-06 12:00:00,B3688,3.53,2.4,0.66,47.43,2.8,7588.8,8347.68,0.73
2011-11-06 13:00:00,B3688,0.308,0.0,0.63,47.43,-0.412,7588.8,8347.68,0.72
2011-11-06 14:00:00,B3688,0.171,0.0,0.61,47.43,-0.5389999999999999,7588.8,8347.68,0.71
2011-11-06 15:00:00,B3688,0.171,0.0,0.51,47.43,-0.42899999999999994,7588.8,8347.68,0.6
2011-11-06 16:00:00,B3688,0.171,0.0,0.2,47.43,-0.07899999999999999,7588.8,8347.68,0.25
2011-11-06 17:00:00,B3688,0.308,0.0,0.0,47.43,0.308,7588.8,8347.68,0.0
2011-11-06 18:00:00,B3688,1.13,0.0,0.0,47.43,1.13,7588.8,8347.68,0.0
2011-11-06 19:00:00,B3688,1.403,0.0,0.0,47.43,1.403,7588.8,8347.68,0.0
2011-11-06 20:00:00,B3688,0.308,0.0,0.0,47.43,0.308,7588.8,8347.68,0.0
2011-11-06 21:00:00,B3688,0.308,0.0,0.0,47.43,0.308,7588.8,8347.68,0.0
2011-11-06 22:00:00,B3688,0.308,0.0,0.0,47.43,0.308,7588.8,8347.68,0.0
2011-11-06 23:00:00,B3688,0.171,0.0,0.0,47.43,0.171,7588.8,8347.68,0.0
2011-11-07 00:00:00,B3688,2.571,2.4,0.0,47.43,2.571,7588.8,8347.68,0.0
2011-11-07 01:00:00,B3688,2.571,2.4,0.0,47.43,2.571,7588.8,8347.68,0.0
2011-11-07 02:00:00,B3688,2.571,2.4,0.0,47.43,2.571,7588.8,8347.68,0.0
2011-11-07 03:00:00,B3688,2.571,2.4,0.0,47.43,2.571,7588.8,8347.68,0.0
2011-11-07 04:00:00,B3688,2.571,2.4,0.0,47.43,2.571,7588.8,8347.68,0.0
2011-11-07 05:00:00,B3688,0.308,0.0,0.0,47.43,0.308,7588.8,8347.68,0.0
2011-11-07 06:00:00,B3688,1.13,0.0,0.0,47.43,1.13,7588.8,8347.68,0.0
2011-11-07 07:00:00,B3688,0.308,0.0,0.0,47.43,0.308,7588.8,8347.68,0.0
2011-11-07 08:00:00,B3688,0.171,0.0,0.26,47.43,-0.279,7588.8,8347.68,0.45
2011-11-07 09:00:00,B3688,0.171,0.0,0.4,47.43,-0.42899999999999994,7588.8,8347.68,0.6
2011-11-07 10:00:00,B3688,0.171,0.0,0.53,47.43,-0.499,7588.8,8347.68,0.67
2011-11-07 11:00:00,B3688,0.171,0.0,0.61,47.43,-0.509,7588.8,8347.68,0.68
2011-11-07 12:00:00,B3688,1.13,0.0,0.68,47.43,0.3799999999999999,7588.8,8347.68,0.75
2011-11-07 13:00:00,B3688,0.308,0.0,0.75,47.43,-0.532,7588.8,8347.68,0.84
2011-11-07 14:00:00,B3688,0.171,0.0,0.69,47.43,-0.629,7588.8,8347.68,0.8
2011-11-07 15:00:00,B3688,0.171,0.0,0.54,47.43,-0.45899999999999996,7588.8,8347.68,0.63
2011-11-07 16:00:00,B3688,0.171,0.0,0.22,47.43,-0.099,7588.8,8347.68,0.27
2011-11-07 17:00:00,B3688,0.308,0.0,0.0,47.43,0.308,7588.8,8347.68,0.0
2011-11-07 18:00:00,B3688,1.13,0.0,0.0,47.43,1.13,7588.8,8347.68,0.0
2011-11-07 19:00:00,B3688,1.403,0.0,0.0,47.43,1.403,7588.8,8347.68,0.0
2011-11-07 20:00:00,B3688,0.31,0.0,0.0,47.43,0.31,7588.8,8347.68,0.0
2011-11-07 21:00:00,B3688,0.308,0.0,0.0,47.43,0.308,7588.8,8347.68,0.0
2011-11-07 22:00:00,B3688,0.308,0.0,0.0,47.43,0.308,7588.8,8347.68,0.0
2011-11-07 23:00:00,B3688,0.171,0.0,0.0,47.43,0.171,7588.8,8347.68,0.0
2011-11-08 00:00:00,B3688,2.571,2.4,0.0,47.43,2.571,7588.8,8347.68,0.0
2011-11-08 01:00:00,B3688,2.571,2.4,0.0,47.43,2.571,7588.8,8347.68,0.0
2011-11-08 02:00:00,B3688,2.571,2.4,0.0,47.43,2.571,7588.8,8347.68,0.0
2011-11-08 03:00:00,B3688,2.571,2.4,0.0,47.43,2.571,7588.8,8347.68,0.0
2011-11-08 04:00:00,B3688,2.571,2.4,0.0,47.43,2.571,7588.8,8347.68,0.0
2011-11-08 05:00:00,B3688,0.308,0.0,0.0,47.43,0.308,7588.8,8347.68,0.0
2011-11-08 06:00:00,B3688,1.13,0.0,0.0,47.43,1.13,7588.8,8347.68,0.0
2011-11-08 07:00:00,B3688,0.31,0.0,0.0,47.43,0.31,7588.8,8347.68,0.0
2011-11-08 08:00:00,B3688,0.173,0.0,0.44,47.43,-0.37700000000000006,7588.8,8347.68,0.55
2011-11-08 09:00:00,B3688,0.173,0.0,0.77,47.43,-0.6970000000000001,7588.8,8347.68,0.87
2011-11-08 10:00:00,B3688,0.173,0.0,0.96,47.43,-0.917,7588.8,8347.68,1.09
2011-11-08 11:00:00,B3688,0.173,0.0,0.8,47.43,-0.7270000000000001,7588.8,8347.68,0.9
2011-11-08 12:00:00,B3688,1.13,0.0,0.68,47.43,0.3799999999999999,7588.8,8347.68,0.75
2011-11-08 13:00:00,B3688,0.309,0.0,0.75,47.43,-0.5309999999999999,7588.8,8347.68,0.84
2011-11-08 14:00:00,B3688,0.173,0.0,0.61,47.43,-0.467,7588.8,8347.68,0.64
2011-11-08 15:00:00,B3688,0.173,0.0,0.32,47.43,-0.15700000000000003,7588.8,8347.68,0.33
2011-11-08 16:00:00,B3688,0.173,0.0,0.0,47.43,0.173,7588.8,8347.68,0.0
2011-11-08 17:00:00,B3688,0.309,0.0,0.0,47.43,0.309,7588.8,8347.68,0.0
2011-11-08 18:00:00,B3688,1.13,0.0,0.0,47.43,1.13,7588.8,8347.68,0.0
2011-11-08 19:00:00,B3688,1.403,0.0,0.0,47.43,1.403,7588.8,8347.68,0.0
2011-11-08 20:00:00,B3688,0.31,0.0,0.0,47.43,0.31,7588.8,8347.68,0.0
2011-11-08 21:00:00,B3688,0.308,0.0,0.0,47.43,0.308,7588.8,8347.68,0.0
2011-11-08 22:00:00,B3688,0.308,0.0,0.0,47.43,0.308,7588.8,8347.68,0.0
2011-11-08 23:00:00,B3688,0.171,0.0,0.0,47.43,0.171,7588.8,8347.68,0.0
2011-11-09 00:00:00,B3688,2.571,2.4,0.0,47.43,2.571,7588.8,8347.68,0.0
2011-11-09 01:00:00,B3688,2.571,2.4,0.0,47.43,2.571,7588.8,8347.68,0.0
2011-11-09 02:00:00,B3688,2.571,2.4,0.0,47.43,2.571,7588.8,8347.68,0.0
2011-11-09 03:00:00,B3688,2.571,2.4,0.0,47.43,2.571,7588.8,8347.68,0.0
2011-11-09 04:00:00,B3688,2.571,2.4,0.0,47.43,2.571,7588.8,8347.68,0.0
2011-11-09 05:00:00,B3688,0.308,0.0,0.0,47.43,0.308,7588.8,8347.68,0.0
2011-11-09 06:00:00,B3688,1.13,0.0,0.0,47.43,1.13,7588.8,8347.68,0.0
2011-11-09 07:00:00,B3688,0.31,0.0,0.0,47.43,0.31,7588.8,8347.68,0.0
2011-11-09 08:00:00,B3688,0.173,0.0,0.0,47.43,0.09299999999999999,7588.8,8347.68,0.08
2011-11-09 09:00:00,B3688,0.173,0.0,0.47,47.43,-0.39699999999999996,7588.8,8347.68,0.57
2011-11-09 10:00:00,B3688,0.173,0.0,0.62,47.43,-0.5369999999999999,7588.8,8347.68,0.71
2011-11-09 11:00:00,B3688,0.173,0.0,0.64,47.43,-0.5269999999999999,7588.8,8347.68,0.7
2011-11-09 12:00:00,B3688,1.13,0.0,0.71,47.43,0.33999999999999986,7588.8,8347.68,0.79
2011-11-09 13:00:00,B3688,0.309,0.0,0.6,47.43,-0.321,7588.8,8347.68,0.63
2011-11-09 14:00:00,B3688,0.173,0.0,0.45,47.43,-0.307,7588.8,8347.68,0.48
2011-11-09 15:00:00,B3688,0.173,0.0,0.41,47.43,-0.28700000000000003,7588.8,8347.68,0.46
2011-11-09 16:00:00,B3688,0.173,0.0,0.0,47.43,0.143,7588.8,8347.68,0.03
2011-11-09 17:00:00,B3688,0.309,0.0,0.0,47.43,0.309,7588.8,8347.68,0.0
2011-11-09 18:00:00,B3688,1.13,0.0,0.0,47.43,1.13,7588.8,8347.68,0.0
2011-11-09 19:00:00,B3688,1.403,0.0,0.0,47.43,1.403,7588.8,8347.68,0.0
2011-11-09 20:00:00,B3688,0.31,0.0,0.0,47.43,0.31,7588.8,8347.68,0.0
2011-11-09 21:00:00,B3688,0.308,0.0,0.0,47.43,0.308,7588.8,8347.68,0.0
2011-11-09 22:00:00,B3688,0.308,0.0,0.0,47.43,0.308,7588.8,8347.68,0.0
2011-11-09 23:00:00,B3688,0.171,0.0,0.0,47.43,0.171,7588.8,8347.68,0.0
2011-11-10 00:00:00,B3688,2.571,2.4,0.0,47.43,2.571,7588.8,8347.68,0.0
2011-11-10 01:00:00,B3688,2.571,2.4,0.0,47.43,2.571,7588.8,8347.68,0.0
2011-11-10 02:00:00,B3688,2.571,2.4,0.0,47.43,2.571,7588.8,8347.68,0.0
2011-11-10 03:00:00,B3688,2.571,2.4,0.0,47.43,2.571,7588.8,8347.68,0.0
2011-11-10 04:00:00,B3688,2.571,2.4,0.0,47.43,2.571,7588.8,8347.68,0.0
2011-11-10 05:00:00,B3688,0.308,0.0,0.0,47.43,0.308,7588.8,8347.68,0.0
2011-11-10 06:00:00,B3688,1.131,0.0,0.0,47.43,1.131,7588.8,8347.68,0.0
2011-11-10 07:00:00,B3688,0.31,0.0,0.0,47.43,0.31,7588.8,8347.68,0.0
2011-11-10 08:00:00,B3688,0.173,0.0,0.53,47.43,-0.5469999999999999,7588.8,8347.68,0.72
2011-11-10 09:00:00,B3688,0.173,0.0,0.86,47.43,-0.937,7588.8,8347.68,1.11
2011-11-10 10:00:00,B3688,0.173,0.0,0.97,47.43,-0.9869999999999999,7588.8,8347.68,1.16
2011-11-10 11:00:00,B3688,0.173,0.0,0.97,47.43,-0.907,7588.8,8347.68,1.08
2011-11-10 12:00:00,B3688,1.13,0.0,0.89,47.43,0.1499999999999999,7588.8,8347.68,0.98
2011-11-10 13:00:00,B3688,0.309,0.0,0.74,47.43,-0.5209999999999999,7588.8,8347.68,0.83
2011-11-10 14:00:00,B3688,0.173,0.0,0.67,47.43,-0.607,7588.8,8347.68,0.78
2011-11-10 15:00:00,B3688,0.173,0.0,0.54,47.43,-0.457,7588.8,8347.68,0.63
2011-11-10 16:00:00,B3688,0.173,0.0,0.18,47.43,-0.05700000000000002,7588.8,8347.68,0.23
2011-11-10 17:00:00,B3688,0.309,0.0,0.0,47.43,0.309,7588.8,8347.68,0.0
2011-11-10 18:00:00,B3688,1.13,0.0,0.0,47.43,1.13,7588.8,8347.68,0.0
2011-11-10 19:00:00,B3688,1.403,0.0,0.0,47.43,1.403,7588.8,8347.68,0.0
2011-11-10 20:00:00,B3688,0.31,0.0,0.0,47.43,0.31,7588.8,8347.68,0.0
2011-11-10 21:00:00,B3688,0.308,0.0,0.0,47.43,0.308,7588.8,8347.68,0.0
2011-11-10 22:00:00,B3688,0.308,0.0,0.0,47.43,0.308,7588.8,8347.68,0.0
2011-11-10 23:00:00,B3688,0.171,0.0,0.0,47.43,0.171,7588.8,8347.68,0.0
2011-11-11 00:00:00,B3688,2.571,2.4,0.0,47.43,2.571,7588.8,8347.68,0.0
2011-11-11 01:00:00,B3688,2.571,2.4,0.0,47.43,2.571,7588.8,8347.68,0.0
2011-11-11 02:00:00,B3688,2.571,2.4,0.0,47.43,2.571,7588.8,8347.68,0.0
2011-11-11 03:00:00,B3688,2.571,2.4,0.0,47.43,2.571,7588.8,8347.68,0.0
2011-11-11 04:00:00,B3688,2.571,2.4,0.0,47.43,2.571,7588.8,8347.68,0.0
2011-11-11 05:00:00,B3688,0.308,0.0,0.0,47.43,0.308,7588.8,8347.68,0.0
2011-11-11 06:00:00,B3688,1.13,0.0,0.0,47.43,1.13,7588.8,8347.68,0.0
2011-11-11 07:00:00,B3688,0.308,0.0,0.0,47.43,0.308,7588.8,8347.68,0.0
2011-11-11 08:00:00,B3688,0.173,0.0,0.17,47.43,-0.07700000000000001,7588.8,8347.68,0.25
2011-11-11 09:00:00,B3688,0.173,0.0,0.41,47.43,-0.34700000000000003,7588.8,8347.68,0.52
2011-11-11 10:00:00,B3688,0.173,0.0,0.57,47.43,-0.49700000000000005,7588.8,8347.68,0.67
2011-11-11 11:00:00,B3688,0.173,0.0,0.61,47.43,-0.49700000000000005,7588.8,8347.68,0.67
2011-11-11 12:00:00,B3688,1.13,0.0,0.77,47.43,0.2799999999999999,7588.8,8347.68,0.85
2011-11-11 13:00:00,B3688,0.308,0.0,0.82,47.43,-0.6020000000000001,7588.8,8347.68,0.91
2011-11-11 14:00:00,B3688,0.173,0.0,0.68,47.43,-0.5569999999999999,7588.8,8347.68,0.73
2011-11-11 15:00:00,B3688,0.173,0.0,0.45,47.43,-0.327,7588.8,8347.68,0.5
2011-11-11 16:00:00,B3688,0.173,0.0,0.0,47.43,0.153,7588.8,8347.68,0.02
2011-11-11 17:00:00,B3688,0.308,0.0,0.0,47.43,0.308,7588.8,8347.68,0.0
2011-11-11 18:00:00,B3688,1.13,0.0,0.0,47.43,1.13,7588.8,8347.68,0.0
2011-11-11 19:00:00,B3688,1.403,0.0,0.0,47.43,1.403,7588.8,8347.68,0.0
2011-11-11 20:00:00,B3688,0.308,0.0,0.0,47.43,0.308,7588.8,8347.68,0.0
2011-11-11 21:00:00,B3688,0.308,0.0,0.0,47.43,0.308,7588.8,8347.68,0.0
2011-11-11 22:00:00,B3688,0.308,0.0,0.0,47.43,0.308,7588.8,8347.68,0.0
2011-11-11 23:00:00,B3688,0.171,0.0,0.0,47.43,0.171,7588.8,8347.68,0.0
2011-11-12 00:00:00,B3688,0.171,0.0,0.0,47.43,0.171,7588.8,8347.68,0.0
2011-11-12 01:00:00,B3688,0.171,0.0,0.0,47.43,0.171,7588.8,8347.68,0.0
2011-11-12 02:00:00,B3688,0.171,0.0,0.0,47.43,0.171,7588.8,8347.68,0.0
2011-11-12 03:00:00,B3688,0.171,0.0,0.0,47.43,0.171,7588.8,8347.68,0.0
2011-11-12 04:00:00,B3688,0.171,0.0,0.0,47.43,0.171,7588.8,8347.68,0.0
2011-11-12 05:00:00,B3688,0.308,0.0,0.0,47.43,0.308,7588.8,8347.68,0.0
2011-11-12 06:00:00,B3688,1.129,0.0,0.0,47.43,1.129,7588.8,8347.68,0.0
2011-11-12 07:00:00,B3688,0.308,0.0,0.0,47.43,0.308,7588.8,8347.68,0.0
2011-11-12 08:00:00,B3688,2.571,2.4,0.56,47.43,1.8710000000000002,7588.8,8347.68,0.7
2011-11-12 09:00:00,B3688,2.571,2.4,0.76,47.43,1.6310000000000002,7588.8,8347.68,0.94
2011-11-12 10:00:00,B3688,2.571,2.4,0.84,47.43,1.5710000000000002,7588.8,8347.68,1.0
2011-11-12 11:00:00,B3688,2.571,2.4,1.07,47.43,1.3710000000000002,7588.8,8347.68,1.2
2011-11-12 12:00:00,B3688,3.53,2.4,1.02,47.43,2.4099999999999997,7588.8,8347.68,1.12
2011-11-12 13:00:00,B3688,0.308,0.0,0.69,47.43,-0.47200000000000003,7588.8,8347.68,0.78
2011-11-12 14:00:00,B3688,0.171,0.0,0.54,47.43,-0.45899999999999996,7588.8,8347.68,0.63
2011-11-12 15:00:00,B3688,0.171,0.0,0.45,47.43,-0.369,7588.8,8347.68,0.54
2011-11-12 16:00:00,B3688,0.171,0.0,0.18,47.43,-0.04899999999999999,7588.8,8347.68,0.22
2011-11-12 17:00:00,B3688,0.308,0.0,0.0,47.43,0.308,7588.8,8347.68,0.0
2011-11-12 18:00:00,B3688,1.13,0.0,0.0,47.43,1.13,7588.8,8347.68,0.0
2011-11-12 19:00:00,B3688,1.403,0.0,0.0,47.43,1.403,7588.8,8347.68,0.0
2011-11-12 20:00:00,B3688,0.308,0.0,0.0,47.43,0.308,7588.8,8347.68,0.0
2011-11-12 21:00:00,B3688,0.308,0.0,0.0,47.43,0.308,7588.8,8347.68,0.0
2011-11-12 22:00:00,B3688,0.308,0.0,0.0,47.43,0.308,7588.8,8347.68,0.0
2011-11-12 23:00:00,B3688,0.171,0.0,0.0,47.43,0.171,7588.8,8347.68,0.0
2011-11-13 00:00:00,B3688,0.171,0.0,0.0,47.43,0.171,7588.8,8347.68,0.0
2011-11-13 01:00:00,B3688,0.171,0.0,0.0,47.43,0.171,7588.8,8347.68,0.0
2011-11-13 02:00:00,B3688,0.171,0.0,0.0,47.43,0.171,7588.8,8347.68,0.0
2011-11-13 03:00:00,B3688,0.171,0.0,0.0,47.43,0.171,7588.8,8347.68,0.0
2011-11-13 04:00:00,B3688,0.171,0.0,0.0,47.43,0.171,7588.8,8347.68,0.0
2011-11-13 05:00:00,B3688,0.308,0.0,0.0,47.43,0.308,7588.8,8347.68,0.0
2011-11-13 06:00:00,B3688,1.129,0.0,0.0,47.43,1.129,7588.8,8347.68,0.0
2011-11-13 07:00:00,B3688,0.308,0.0,0.0,47.43,0.308,7588.8,8347.68,0.0
2011-11-13 08:00:00,B3688,2.571,2.4,0.32,47.43,2.0810000000000004,7588.8,8347.68,0.49
2011-11-13 09:00:00,B3688,2.571,2.4,0.58,47.43,1.7810000000000001,7588.8,8347.68,0.79
2011-11-13 10:00:00,B3688,2.571,2.4,0.92,47.43,1.471,7588.8,8347.68,1.1
2011-11-13 11:00:00,B3688,2.571,2.4,1.11,47.43,1.3410000000000002,7588.8,8347.68,1.23
2011-11-13 12:00:00,B3688,3.53,2.4,1.26,47.43,2.1399999999999997,7588.8,8347.68,1.39
2011-11-13 13:00:00,B3688,0.308,0.0,1.29,47.43,-1.132,7588.8,8347.68,1.44
2011-11-13 14:00:00,B3688,0.171,0.0,1.04,47.43,-1.009,7588.8,8347.68,1.18
2011-11-13 15:00:00,B3688,0.171,0.0,0.54,47.43,-0.4089999999999999,7588.8,8347.68,0.58
2011-11-13 16:00:00,B3688,0.171,0.0,0.0,47.43,0.171,7588.8,8347.68,0.0
2011-11-13 17:00:00,B3688,0.308,0.0,0.0,47.43,0.308,7588.8,8347.68,0.0
2011-11-13 18:00:00,B3688,1.13,0.0,0.0,47.43,1.13,7588.8,8347.68,0.0
2011-11-13 19:00:00,B3688,1.403,0.0,0.0,47.43,1.403,7588.8,8347.68,0.0
2011-11-13 20:00:00,B3688,0.308,0.0,0.0,47.43,0.308,7588.8,8347.68,0.0
2011-11-13 21:00:00,B3688,0.308,0.0,0.0,47.43,0.308,7588.8,8347.68,0.0
2011-11-13 22:00:00,B3688,0.308,0.0,0.0,47.43,0.308,7588.8,8347.68,0.0
2011-11-13 23:00:00,B3688,0.171,0.0,0.0,47.43,0.171,7588.8,8347.68,0.0
2011-11-14 00:00:00,B3688,2.571,2.4,0.0,47.43,2.571,7588.8,8347.68,0.0
2011-11-14 01:00:00,B3688,2.571,2.4,0.0,47.43,2.571,7588.8,8347.68,0.0
2011-11-14 02:00:00,B3688,2.571,2.4,0.0,47.43,2.571,7588.8,8347.68,0.0
2011-11-14 03:00:00,B3688,2.571,2.4,0.0,47.43,2.571,7588.8,8347.68,0.0
2011-11-14 04:00:00,B3688,2.571,2.4,0.0,47.43,2.571,7588.8,8347.68,0.0
2011-11-14 05:00:00,B3688,0.308,0.0,0.0,47.43,0.308,7588.8,8347.68,0.0
2011-11-14 06:00:00,B3688,1.13,0.0,0.0,47.43,1.13,7588.8,8347.68,0.0
2011-11-14 07:00:00,B3688,0.308,0.0,0.0,47.43,0.308,7588.8,8347.68,0.0
2011-11-14 08:00:00,B3688,0.171,0.0,0.31,47.43,-0.28900000000000003,7588.8,8347.68,0.46
2011-11-14 09:00:00,B3688,0.171,0.0,0.56,47.43,-0.599,7588.8,8347.68,0.77
2011-11-14 10:00:00,B3688,0.171,0.0,0.64,47.43,-0.619,7588.8,8347.68,0.79
2011-11-14 11:00:00,B3688,0.171,0.0,0.67,47.43,-0.569,7588.8,8347.68,0.74
2011-11-14 12:00:00,B3688,1.13,0.0,0.78,47.43,0.2799999999999999,7588.8,8347.68,0.85
2011-11-14 13:00:00,B3688,0.308,0.0,0.84,47.43,-0.6319999999999999,7588.8,8347.68,0.94
2011-11-14 14:00:00,B3688,0.171,0.0,0.78,47.43,-0.719,7588.8,8347.68,0.89
2011-11-14 15:00:00,B3688,0.171,0.0,0.49,47.43,-0.3989999999999999,7588.8,8347.68,0.57
2011-11-14 16:00:00,B3688,0.171,0.0,0.0,47.43,0.131,7588.8,8347.68,0.04
2011-11-14 17:00:00,B3688,0.308,0.0,0.0,47.43,0.308,7588.8,8347.68,0.0
2011-11-14 18:00:00,B3688,1.13,0.0,0.0,47.43,1.13,7588.8,8347.68,0.0
2011-11-14 19:00:00,B3688,1.403,0.0,0.0,47.43,1.403,7588.8,8347.68,0.0
2011-11-14 20:00:00,B3688,0.308,0.0,0.0,47.43,0.308,7588.8,8347.68,0.0
2011-11-14 21:00:00,B3688,0.308,0.0,0.0,47.43,0.308,7588.8,8347.68,0.0
2011-11-14 22:00:00,B3688,0.308,0.0,0.0,47.43,0.308,7588.8,8347.68,0.0
2011-11-14 23:00:00,B3688,0.171,0.0,0.0,47.43,0.171,7588.8,8347.68,0.0
2011-11-15 00:00:00,B3688,2.571,2.4,0.0,47.43,2.571,7588.8,8347.68,0.0
2011-11-15 01:00:00,B3688,2.571,2.4,0.0,47.43,2.571,7588.8,8347.68,0.0
2011-11-15 02:00:00,B3688,2.571,2.4,0.0,47.43,2.571,7588.8,8347.68,0.0
2011-11-15 03:00:00,B3688,2.571,2.4,0.0,47.43,2.571,7588.8,8347.68,0.0
2011-11-15 04:00:00,B3688,2.571,2.4,0.0,47.43,2.571,7588.8,8347.68,0.0
2011-11-15 05:00:00,B3688,0.308,0.0,0.0,47.43,0.308,7588.8,8347.68,0.0
2011-11-15 06:00:00,B3688,1.13,0.0,0.0,47.43,1.13,7588.8,8347.68,0.0
2011-11-15 07:00:00,B3688,0.31,0.0,0.0,47.43,0.31,7588.8,8347.68,0.0
2011-11-15 08:00:00,B3688,0.173,0.0,0.27,47.43,-0.257,7588.8,8347.68,0.43
2011-11-15 09:00:00,B3688,0.173,0.0,0.53,47.43,-0.5469999999999999,7588.8,8347.68,0.72
2011-11-15 10:00:00,B3688,0.173,0.0,0.79,47.43,-0.7669999999999999,7588.8,8347.68,0.94
2011-11-15 11:00:00,B3688,0.173,0.0,0.9,47.43,-0.817,7588.8,8347.68,0.99
2011-11-15 12:00:00,B3688,1.13,0.0,0.98,47.43,0.04999999999999982,7588.8,8347.68,1.08
2011-11-15 13:00:00,B3688,0.308,0.0,0.9,47.43,-0.692,7588.8,8347.68,1.0
2011-11-15 14:00:00,B3688,0.173,0.0,0.63,47.43,-0.5369999999999999,7588.8,8347.68,0.71
2011-11-15 15:00:00,B3688,0.173,0.0,0.47,47.43,-0.36700000000000005,7588.8,8347.68,0.54
2011-11-15 16:00:00,B3688,0.173,0.0,0.15,47.43,-0.017000000000000015,7588.8,8347.68,0.19
2011-11-15 17:00:00,B3688,0.309,0.0,0.0,47.43,0.309,7588.8,8347.68,0.0
2011-11-15 18:00:00,B3688,1.13,0.0,0.0,47.43,1.13,7588.8,8347.68,0.0
2011-11-15 19:00:00,B3688,1.403,0.0,0.0,47.43,1.403,7588.8,8347.68,0.0
2011-11-15 20:00:00,B3688,0.31,0.0,0.0,47.43,0.31,7588.8,8347.68,0.0
2011-11-15 21:00:00,B3688,0.308,0.0,0.0,47.43,0.308,7588.8,8347.68,0.0
2011-11-15 22:00:00,B3688,0.308,0.0,0.0,47.43,0.308,7588.8,8347.68,0.0
2011-11-15 23:00:00,B3688,0.171,0.0,0.0,47.43,0.171,7588.8,8347.68,0.0
2011-11-16 00:00:00,B3688,2.571,2.4,0.0,47.43,2.571,7588.8,8347.68,0.0
2011-11-16 01:00:00,B3688,2.571,2.4,0.0,47.43,2.571,7588.8,8347.68,0.0
2011-11-16 02:00:00,B3688,2.571,2.4,0.0,47.43,2.571,7588.8,8347.68,0.0
2011-11-16 03:00:00,B3688,2.571,2.4,0.0,47.43,2.571,7588.8,8347.68,0.0
2011-11-16 04:00:00,B3688,2.571,2.4,0.0,47.43,2.571,7588.8,8347.68,0.0
2011-11-16 05:00:00,B3688,0.308,0.0,0.0,47.43,0.308,7588.8,8347.68,0.0
2011-11-16 06:00:00,B3688,1.13,0.0,0.0,47.43,1.13,7588.8,8347.68,0.0
2011-11-16 07:00:00,B3688,0.31,0.0,0.0,47.43,0.31,7588.8,8347.68,0.0
2011-11-16 08:00:00,B3688,0.173,0.0,0.31,47.43,-0.28700000000000003,7588.8,8347.68,0.46
2011-11-16 09:00:00,B3688,0.173,0.0,0.55,47.43,-0.567,7588.8,8347.68,0.74
2011-11-16 10:00:00,B3688,0.173,0.0,0.74,47.43,-0.7170000000000001,7588.8,8347.68,0.89
2011-11-16 11:00:00,B3688,0.173,0.0,1.03,47.43,-0.9669999999999999,7588.8,8347.68,1.14
2011-11-16 12:00:00,B3688,1.13,0.0,1.1,47.43,-0.08000000000000007,7588.8,8347.68,1.21
2011-11-16 13:00:00,B3688,0.309,0.0,0.93,47.43,-0.7310000000000001,7588.8,8347.68,1.04
2011-11-16 14:00:00,B3688,0.173,0.0,0.79,47.43,-0.7270000000000001,7588.8,8347.68,0.9
2011-11-16 15:00:00,B3688,0.173,0.0,0.49,47.43,-0.35700000000000004,7588.8,8347.68,0.53
2011-11-16 16:00:00,B3688,0.173,0.0,0.0,47.43,0.173,7588.8,8347.68,0.0
2011-11-16 17:00:00,B3688,0.309,0.0,0.0,47.43,0.309,7588.8,8347.68,0.0
2011-11-16 18:00:00,B3688,1.13,0.0,0.0,47.43,1.13,7588.8,8347.68,0.0
2011-11-16 19:00:00,B3688,1.403,0.0,0.0,47.43,1.403,7588.8,8347.68,0.0
2011-11-16 20:00:00,B3688,0.31,0.0,0.0,47.43,0.31,7588.8,8347.68,0.0
2011-11-16 21:00:00,B3688,0.308,0.0,0.0,47.43,0.308,7588.8,8347.68,0.0
2011-11-16 22:00:00,B3688,0.308,0.0,0.0,47.43,0.308,7588.8,8347.68,0.0
2011-11-16 23:00:00,B3688,0.171,0.0,0.0,47.43,0.171,7588.8,8347.68,0.0
2011-11-17 00:00:00,B3688,2.571,2.4,0.0,47.43,2.571,7588.8,8347.68,0.0
2011-11-17 01:00:00,B3688,2.571,2.4,0.0,47.43,2.571,7588.8,8347.68,0.0
2011-11-17 02:00:00,B3688,2.571,2.4,0.0,47.43,2.571,7588.8,8347.68,0.0
2011-11-17 03:00:00,B3688,2.571,2.4,0.0,47.43,2.571,7588.8,8347.68,0.0
2011-11-17 04:00:00,B3688,2.571,2.4,0.0,47.43,2.571,7588.8,8347.68,0.0
2011-11-17 05:00:00,B3688,0.308,0.0,0.0,47.43,0.308,7588.8,8347.68,0.0
2011-11-17 06:00:00,B3688,1.131,0.0,0.0,47.43,1.131,7588.8,8347.68,0.0
2011-11-17 07:00:00,B3688,0.31,0.0,0.0,47.43,0.31,7588.8,8347.68,0.0
2011-11-17 08:00:00,B3688,0.173,0.0,0.24,47.43,-0.237,7588.8,8347.68,0.41
2011-11-17 09:00:00,B3688,0.173,0.0,0.41,47.43,-0.437,7588.8,8347.68,0.61
2011-11-17 10:00:00,B3688,0.173,0.0,0.52,47.43,-0.47700000000000004,7588.8,8347.68,0.65
2011-11-17 11:00:00,B3688,0.173,0.0,0.57,47.43,-0.457,7588.8,8347.68,0.63
2011-11-17 12:00:00,B3688,1.13,0.0,0.59,47.43,0.47999999999999987,7588.8,8347.68,0.65
2011-11-17 13:00:00,B3688,0.309,0.0,0.59,47.43,-0.36100000000000004,7588.8,8347.68,0.67
2011-11-17 14:00:00,B3688,0.173,0.0,0.57,47.43,-0.48700000000000004,7588.8,8347.68,0.66
2011-11-17 15:00:00,B3688,0.173,0.0,0.44,47.43,-0.34700000000000003,7588.8,8347.68,0.52
2011-11-17 16:00:00,B3688,0.173,0.0,0.15,47.43,-0.027000000000000024,7588.8,8347.68,0.2
2011-11-17 17:00:00,B3688,0.309,0.0,0.0,47.43,0.309,7588.8,8347.68,0.0
2011-11-17 18:00:00,B3688,1.131,0.0,0.0,47.43,1.131,7588.8,8347.68,0.0
2011-11-17 19:00:00,B3688,1.405,0.0,0.0,47.43,1.405,7588.8,8347.68,0.0
2011-11-17 20:00:00,B3688,0.31,0.0,0.0,47.43,0.31,7588.8,8347.68,0.0
2011-11-17 21:00:00,B3688,0.308,0.0,0.0,47.43,0.308,7588.8,8347.68,0.0
2011-11-17 22:00:00,B3688,0.308,0.0,0.0,47.43,0.308,7588.8,8347.68,0.0
2011-11-17 23:00:00,B3688,0.171,0.0,0.0,47.43,0.171,7588.8,8347.68,0.0
2011-11-18 00:00:00,B3688,2.571,2.4,0.0,47.43,2.571,7588.8,8347.68,0.0
2011-11-18 01:00:00,B3688,2.571,2.4,0.0,47.43,2.571,7588.8,8347.68,0.0
2011-11-18 02:00:00,B3688,2.571,2.4,0.0,47.43,2.571,7588.8,8347.68,0.0
2011-11-18 03:00:00,B3688,2.571,2.4,0.0,47.43,2.571,7588.8,8347.68,0.0
2011-11-18 04:00:00,B3688,2.571,2.4,0.0,47.43,2.571,7588.8,8347.68,0.0
2011-11-18 05:00:00,B3688,0.308,0.0,0.0,47.43,0.308,7588.8,8347.68,0.0
2011-11-18 06:00:00,B3688,1.131,0.0,0.0,47.43,1.131,7588.8,8347.68,0.0
2011-11-18 07:00:00,B3688,0.31,0.0,0.0,47.43,0.31,7588.8,8347.68,0.0
2011-11-18 08:00:00,B3688,0.173,0.0,0.56,47.43,-0.5569999999999999,7588.8,8347.68,0.73
2011-11-18 09:00:00,B3688,0.173,0.0,0.95,47.43,-0.9869999999999999,7588.8,8347.68,1.16
2011-11-18 10:00:00,B3688,0.173,0.0,1.22,47.43,-1.2469999999999999,7588.8,8347.68,1.42
2011-11-18 11:00:00,B3688,0.173,0.0,1.4,47.43,-1.397,7588.8,8347.68,1.57
2011-11-18 12:00:00,B3688,1.131,0.0,1.4,47.43,-0.42900000000000005,7588.8,8347.68,1.56
2011-11-18 13:00:00,B3688,0.309,0.0,1.23,47.43,-1.0610000000000002,7588.8,8347.68,1.37
2011-11-18 14:00:00,B3688,0.173,0.0,0.87,47.43,-0.817,7588.8,8347.68,0.99
2011-11-18 15:00:00,B3688,0.173,0.0,0.45,47.43,-0.317,7588.8,8347.68,0.49
2011-11-18 16:00:00,B3688,0.173,0.0,0.0,47.43,0.173,7588.8,8347.68,0.0
2011-11-18 17:00:00,B3688,0.309,0.0,0.0,47.43,0.309,7588.8,8347.68,0.0
2011-11-18 18:00:00,B3688,1.131,0.0,0.0,47.43,1.131,7588.8,8347.68,0.0
2011-11-18 19:00:00,B3688,1.403,0.0,0.0,47.43,1.403,7588.8,8347.68,0.0
2011-11-18 20:00:00,B3688,0.31,0.0,0.0,47.43,0.31,7588.8,8347.68,0.0
2011-11-18 21:00:00,B3688,0.308,0.0,0.0,47.43,0.308,7588.8,8347.68,0.0
2011-11-18 22:00:00,B3688,0.308,0.0,0.0,47.43,0.308,7588.8,8347.68,0.0
2011-11-18 23:00:00,B3688,0.171,0.0,0.0,47.43,0.171,7588.8,8347.68,0.0
2011-11-19 00:00:00,B3688,0.171,0.0,0.0,47.43,0.171,7588.8,8347.68,0.0
2011-11-19 01:00:00,B3688,0.171,0.0,0.0,47.43,0.171,7588.8,8347.68,0.0
2011-11-19 02:00:00,B3688,0.171,0.0,0.0,47.43,0.171,7588.8,8347.68,0.0
2011-11-19 03:00:00,B3688,0.171,0.0,0.0,47.43,0.171,7588.8,8347.68,0.0
2011-11-19 04:00:00,B3688,0.171,0.0,0.0,47.43,0.171,7588.8,8347.68,0.0
2011-11-19 05:00:00,B3688,0.308,0.0,0.0,47.43,0.308,7588.8,8347.68,0.0
2011-11-19 06:00:00,B3688,1.131,0.0,0.0,47.43,1.131,7588.8,8347.68,0.0
2011-11-19 07:00:00,B3688,0.309,0.0,0.0,47.43,0.309,7588.8,8347.68,0.0
2011-11-19 08:00:00,B3688,2.573,2.4,0.37,47.43,2.073,7588.8,8347.68,0.5
2011-11-19 09:00:00,B3688,2.573,2.4,0.69,47.43,1.693,7588.8,8347.68,0.88
2011-11-19 10:00:00,B3688,2.573,2.4,0.98,47.43,1.413,7588.8,8347.68,1.16
2011-11-19 11:00:00,B3688,2.573,2.4,1.21,47.43,1.2229999999999999,7588.8,8347.68,1.35
2011-11-19 12:00:00,B3688,3.531,2.4,1.34,47.43,2.051,7588.8,8347.68,1.48
2011-11-19 13:00:00,B3688,0.31,0.0,1.2,47.43,-1.03,7588.8,8347.68,1.34
2011-11-19 14:00:00,B3688,0.173,0.0,0.88,47.43,-0.837,7588.8,8347.68,1.01
2011-11-19 15:00:00,B3688,0.173,0.0,0.49,47.43,-0.37700000000000006,7588.8,8347.68,0.55
2011-11-19 16:00:00,B3688,0.173,0.0,0.0,47.43,0.143,7588.8,8347.68,0.03
2011-11-19 17:00:00,B3688,0.31,0.0,0.0,47.43,0.31,7588.8,8347.68,0.0
2011-11-19 18:00:00,B3688,1.131,0.0,0.0,47.43,1.131,7588.8,8347.68,0.0
2011-11-19 19:00:00,B3688,1.403,0.0,0.0,47.43,1.403,7588.8,8347.68,0.0
2011-11-19 20:00:00,B3688,0.309,0.0,0.0,47.43,0.309,7588.8,8347.68,0.0
2011-11-19 21:00:00,B3688,0.308,0.0,0.0,47.43,0.308,7588.8,8347.68,0.0
2011-11-19 22:00:00,B3688,0.308,0.0,0.0,47.43,0.308,7588.8,8347.68,0.0
2011-11-19 23:00:00,B3688,0.171,0.0,0.0,47.43,0.171,7588.8,8347.68,0.0
2011-11-20 00:00:00,B3688,0.171,0.0,0.0,47.43,0.171,7588.8,8347.68,0.0
2011-11-20 01:00:00,B3688,0.171,0.0,0.0,47.43,0.171,7588.8,8347.68,0.0
2011-11-20 02:00:00,B3688,0.171,0.0,0.0,47.43,0.171,7588.8,8347.68,0.0
2011-11-20 03:00:00,B3688,0.171,0.0,0.0,47.43,0.171,7588.8,8347.68,0.0
2011-11-20 04:00:00,B3688,0.171,0.0,0.0,47.43,0.171,7588.8,8347.68,0.0
2011-11-20 05:00:00,B3688,0.308,0.0,0.0,47.43,0.308,7588.8,8347.68,0.0
2011-11-20 06:00:00,B3688,1.131,0.0,0.0,47.43,1.131,7588.8,8347.68,0.0
2011-11-20 07:00:00,B3688,0.309,0.0,0.0,47.43,0.309,7588.8,8347.68,0.0
2011-11-20 08:00:00,B3688,2.573,2.4,0.4,47.43,2.013,7588.8,8347.68,0.56
2011-11-20 09:00:00,B3688,2.573,2.4,0.64,47.43,1.7229999999999999,7588.8,8347.68,0.85
2011-11-20 10:00:00,B3688,2.573,2.4,0.66,47.43,1.763,7588.8,8347.68,0.81
2011-11-20 11:00:00,B3688,2.573,2.4,0.6,47.43,1.9129999999999998,7588.8,8347.68,0.66
2011-11-20 12:00:00,B3688,3.531,2.4,0.61,47.43,2.861,7588.8,8347.68,0.67
2011-11-20 13:00:00,B3688,0.31,0.0,0.65,47.43,-0.43,7588.8,8347.68,0.74
2011-11-20 14:00:00,B3688,0.173,0.0,0.61,47.43,-0.5169999999999999,7588.8,8347.68,0.69
2011-11-20 15:00:00,B3688,0.173,0.0,0.42,47.43,-0.327,7588.8,8347.68,0.5
2011-11-20 16:00:00,B3688,0.173,0.0,0.07,47.43,0.06299999999999999,7588.8,8347.68,0.11
2011-11-20 17:00:00,B3688,0.309,0.0,0.0,47.43,0.309,7588.8,8347.68,0.0
2011-11-20 18:00:00,B3688,1.131,0.0,0.0,47.43,1.131,7588.8,8347.68,0.0
2011-11-20 19:00:00,B3688,1.403,0.0,0.0,47.43,1.403,7588.8,8347.68,0.0
2011-11-20 20:00:00,B3688,0.309,0.0,0.0,47.43,0.309,7588.8,8347.68,0.0
2011-11-20 21:00:00,B3688,0.308,0.0,0.0,47.43,0.308,7588.8,8347.68,0.0
2011-11-20 22:00:00,B3688,0.308,0.0,0.0,47.43,0.308,7588.8,8347.68,0.0
2011-11-20 23:00:00,B3688,0.171,0.0,0.0,47.43,0.171,7588.8,8347.68,0.0
2011-11-21 00:00:00,B3688,2.571,2.4,0.0,47.43,2.571,7588.8,8347.68,0.0
2011-11-21 01:00:00,B3688,2.571,2.4,0.0,47.43,2.571,7588.8,8347.68,0.0
2011-11-21 02:00:00,B3688,2.571,2.4,0.0,47.43,2.571,7588.8,8347.68,0.0
2011-11-21 03:00:00,B3688,2.571,2.4,0.0,47.43,2.571,7588.8,8347.68,0.0
2011-11-21 04:00:00,B3688,2.571,2.4,0.0,47.43,2.571,7588.8,8347.68,0.0
2011-11-21 05:00:00,B3688,0.308,0.0,0.0,47.43,0.308,7588.8,8347.68,0.0
2011-11-21 06:00:00,B3688,1.131,0.0,0.0,47.43,1.131,7588.8,8347.68,0.0
2011-11-21 07:00:00,B3688,0.31,0.0,0.0,47.43,0.31,7588.8,8347.68,0.0
2011-11-21 08:00:00,B3688,0.173,0.0,0.49,47.43,-0.437,7588.8,8347.68,0.61
2011-11-21 09:00:00,B3688,0.173,0.0,0.83,47.43,-0.837,7588.8,8347.68,1.01
2011-11-21 10:00:00,B3688,0.173,0.0,1.07,47.43,-1.077,7588.8,8347.68,1.25
2011-11-21 11:00:00,B3688,0.173,0.0,1.24,47.43,-1.2269999999999999,7588.8,8347.68,1.4
2011-11-21 12:00:00,B3688,1.131,0.0,1.23,47.43,-0.2390000000000001,7588.8,8347.68,1.37
2011-11-21 13:00:00,B3688,0.309,0.0,1.06,47.43,-0.871,7588.8,8347.68,1.18
2011-11-21 14:00:00,B3688,0.173,0.0,0.81,47.43,-0.7470000000000001,7588.8,8347.68,0.92
2011-11-21 15:00:00,B3688,0.173,0.0,0.48,47.43,-0.36700000000000005,7588.8,8347.68,0.54
2011-11-21 16:00:00,B3688,0.173,0.0,0.0,47.43,0.143,7588.8,8347.68,0.03
2011-11-21 17:00:00,B3688,0.309,0.0,0.0,47.43,0.309,7588.8,8347.68,0.0
2011-11-21 18:00:00,B3688,1.131,0.0,0.0,47.43,1.131,7588.8,8347.68,0.0
2011-11-21 19:00:00,B3688,1.403,0.0,0.0,47.43,1.403,7588.8,8347.68,0.0
2011-11-21 20:00:00,B3688,0.31,0.0,0.0,47.43,0.31,7588.8,8347.68,0.0
2011-11-21 21:00:00,B3688,0.308,0.0,0.0,47.43,0.308,7588.8,8347.68,0.0
2011-11-21 22:00:00,B3688,0.308,0.0,0.0,47.43,0.308,7588.8,8347.68,0.0
2011-11-21 23:00:00,B3688,0.171,0.0,0.0,47.43,0.171,7588.8,8347.68,0.0
2011-11-22 00:00:00,B3688,2.571,2.4,0.0,47.43,2.571,7588.8,8347.68,0.0
2011-11-22 01:00:00,B3688,2.571,2.4,0.0,47.43,2.571,7588.8,8347.68,0.0
2011-11-22 02:00:00,B3688,2.571,2.4,0.0,47.43,2.571,7588.8,8347.68,0.0
2011-11-22 03:00:00,B3688,2.571,2.4,0.0,47.43,2.571,7588.8,8347.68,0.0
2011-11-22 04:00:00,B3688,2.571,2.4,0.0,47.43,2.571,7588.8,8347.68,0.0
2011-11-22 05:00:00,B3688,0.308,0.0,0.0,47.43,0.308,7588.8,8347.68,0.0
2011-11-22 06:00:00,B3688,1.131,0.0,0.0,47.43,1.131,7588.8,8347.68,0.0
2011-11-22 07:00:00,B3688,0.31,0.0,0.0,47.43,0.31,7588.8,8347.68,0.0
2011-11-22 08:00:00,B3688,0.173,0.0,0.39,47.43,-0.327,7588.8,8347.68,0.5
2011-11-22 09:00:00,B3688,0.173,0.0,0.48,47.43,-0.407,7588.8,8347.68,0.58
2011-11-22 10:00:00,B3688,0.173,0.0,0.56,47.43,-0.38700000000000007,7588.8,8347.68,0.56
2011-11-22 11:00:00,B3688,0.173,0.0,0.8,47.43,-0.7170000000000001,7588.8,8347.68,0.89
2011-11-22 12:00:00,B3688,1.131,0.0,0.89,47.43,0.15100000000000002,7588.8,8347.68,0.98
2011-11-22 13:00:00,B3688,0.309,0.0,0.86,47.43,-0.651,7588.8,8347.68,0.96
2011-11-22 14:00:00,B3688,0.173,0.0,0.76,47.43,-0.687,7588.8,8347.68,0.86
2011-11-22 15:00:00,B3688,0.173,0.0,0.44,47.43,-0.327,7588.8,8347.68,0.5
2011-11-22 16:00:00,B3688,0.173,0.0,0.0,47.43,0.143,7588.8,8347.68,0.03
2011-11-22 17:00:00,B3688,0.309,0.0,0.0,47.43,0.309,7588.8,8347.68,0.0
2011-11-22 18:00:00,B3688,1.131,0.0,0.0,47.43,1.131,7588.8,8347.68,0.0
2011-11-22 19:00:00,B3688,1.405,0.0,0.0,47.43,1.405,7588.8,8347.68,0.0
2011-11-22 20:00:00,B3688,0.31,0.0,0.0,47.43,0.31,7588.8,8347.68,0.0
2011-11-22 21:00:00,B3688,0.308,0.0,0.0,47.43,0.308,7588.8,8347.68,0.0
2011-11-22 22:00:00,B3688,0.308,0.0,0.0,47.43,0.308,7588.8,8347.68,0.0
2011-11-22 23:00:00,B3688,0.171,0.0,0.0,47.43,0.171,7588.8,8347.68,0.0
2011-11-23 00:00:00,B3688,2.571,2.4,0.0,47.43,2.571,7588.8,8347.68,0.0
2011-11-23 01:00:00,B3688,2.571,2.4,0.0,47.43,2.571,7588.8,8347.68,0.0
2011-11-23 02:00:00,B3688,2.571,2.4,0.0,47.43,2.571,7588.8,8347.68,0.0
2011-11-23 03:00:00,B3688,2.571,2.4,0.0,47.43,2.571,7588.8,8347.68,0.0
2011-11-23 04:00:00,B3688,2.571,2.4,0.0,47.43,2.571,7588.8,8347.68,0.0
2011-11-23 05:00:00,B3688,0.308,0.0,0.0,47.43,0.308,7588.8,8347.68,0.0
2011-11-23 06:00:00,B3688,1.131,0.0,0.0,47.43,1.131,7588.8,8347.68,0.0
2011-11-23 07:00:00,B3688,0.31,0.0,0.0,47.43,0.31,7588.8,8347.68,0.0
2011-11-23 08:00:00,B3688,0.173,0.0,0.25,47.43,-0.22700000000000004,7588.8,8347.68,0.4
2011-11-23 09:00:00,B3688,0.173,0.0,0.41,47.43,-0.427,7588.8,8347.68,0.6
2011-11-23 10:00:00,B3688,0.173,0.0,0.49,47.43,-0.437,7588.8,8347.68,0.61
2011-11-23 11:00:00,B3688,0.173,0.0,0.54,47.43,-0.417,7588.8,8347.68,0.59
2011-11-23 12:00:00,B3688,1.13,0.0,0.56,47.43,0.4999999999999999,7588.8,8347.68,0.63
2011-11-23 13:00:00,B3688,0.309,0.0,0.55,47.43,-0.321,7588.8,8347.68,0.63
2011-11-23 14:00:00,B3688,0.173,0.0,0.53,47.43,-0.427,7588.8,8347.68,0.6
2011-11-23 15:00:00,B3688,0.173,0.0,0.4,47.43,-0.307,7588.8,8347.68,0.48
2011-11-23 16:00:00,B3688,0.173,0.0,0.12,47.43,0.002999999999999975,7588.8,8347.68,0.17
2011-11-23 17:00:00,B3688,0.309,0.0,0.0,47.43,0.309,7588.8,8347.68,0.0
2011-11-23 18:00:00,B3688,1.131,0.0,0.0,47.43,1.131,7588.8,8347.68,0.0
2011-11-23 19:00:00,B3688,1.403,0.0,0.0,47.43,1.403,7588.8,8347.68,0.0
2011-11-23 20:00:00,B3688,0.31,0.0,0.0,47.43,0.31,7588.8,8347.68,0.0
2011-11-23 21:00:00,B3688,0.308,0.0,0.0,47.43,0.308,7588.8,8347.68,0.0
2011-11-23 22:00:00,B3688,0.308,0.0,0.0,47.43,0.308,7588.8,8347.68,0.0
2011-11-23 23:00:00,B3688,0.171,0.0,0.0,47.43,0.171,7588.8,8347.68,0.0
2011-11-24 00:00:00,B3688,2.571,2.4,0.0,47.43,2.571,7588.8,8347.68,0.0
2011-11-24 01:00:00,B3688,2.571,2.4,0.0,47.43,2.571,7588.8,8347.68,0.0
2011-11-24 02:00:00,B3688,2.571,2.4,0.0,47.43,2.571,7588.8,8347.68,0.0
2011-11-24 03:00:00,B3688,2.571,2.4,0.0,47.43,2.571,7588.8,8347.68,0.0
2011-11-24 04:00:00,B3688,2.571,2.4,0.0,47.43,2.571,7588.8,8347.68,0.0
2011-11-24 05:00:00,B3688,0.308,0.0,0.0,47.43,0.308,7588.8,8347.68,0.0
2011-11-24 06:00:00,B3688,1.131,0.0,0.0,47.43,1.131,7588.8,8347.68,0.0
2011-11-24 07:00:00,B3688,0.31,0.0,0.0,47.43,0.31,7588.8,8347.68,0.0
2011-11-24 08:00:00,B3688,0.173,0.0,0.21,47.43,-0.187,7588.8,8347.68,0.36
2011-11-24 09:00:00,B3688,0.173,0.0,0.37,47.43,-0.38700000000000007,7588.8,8347.68,0.56
2011-11-24 10:00:00,B3688,0.173,0.0,0.48,47.43,-0.417,7588.8,8347.68,0.59
2011-11-24 11:00:00,B3688,0.173,0.0,0.53,47.43,-0.407,7588.8,8347.68,0.58
2011-11-24 12:00:00,B3688,1.13,0.0,0.55,47.43,0.5199999999999999,7588.8,8347.68,0.61
2011-11-24 13:00:00,B3688,0.309,0.0,0.55,47.43,-0.321,7588.8,8347.68,0.63
2011-11-24 14:00:00,B3688,0.173,0.0,0.52,47.43,-0.427,7588.8,8347.68,0.6
2011-11-24 15:00:00,B3688,0.173,0.0,0.4,47.43,-0.307,7588.8,8347.68,0.48
2011-11-24 16:00:00,B3688,0.173,0.0,0.13,47.43,-0.007000000000000006,7588.8,8347.68,0.18
2011-11-24 17:00:00,B3688,0.309,0.0,0.0,47.43,0.309,7588.8,8347.68,0.0
2011-11-24 18:00:00,B3688,1.13,0.0,0.0,47.43,1.13,7588.8,8347.68,0.0
2011-11-24 19:00:00,B3688,1.403,0.0,0.0,47.43,1.403,7588.8,8347.68,0.0
2011-11-24 20:00:00,B3688,0.31,0.0,0.0,47.43,0.31,7588.8,8347.68,0.0
2011-11-24 21:00:00,B3688,0.308,0.0,0.0,47.43,0.308,7588.8,8347.68,0.0
2011-11-24 22:00:00,B3688,0.308,0.0,0.0,47.43,0.308,7588.8,8347.68,0.0
2011-11-24 23:00:00,B3688,0.171,0.0,0.0,47.43,0.171,7588.8,8347.68,0.0
2011-11-25 00:00:00,B3688,2.571,2.4,0.0,47.43,2.571,7588.8,8347.68,0.0
2011-11-25 01:00:00,B3688,2.571,2.4,0.0,47.43,2.571,7588.8,8347.68,0.0
2011-11-25 02:00:00,B3688,2.571,2.4,0.0,47.43,2.571,7588.8,8347.68,0.0
2011-11-25 03:00:00,B3688,2.571,2.4,0.0,47.43,2.571,7588.8,8347.68,0.0
2011-11-25 04:00:00,B3688,2.571,2.4,0.0,47.43,2.571,7588.8,8347.68,0.0
2011-11-25 05:00:00,B3688,0.308,0.0,0.0,47.43,0.308,7588.8,8347.68,0.0
2011-11-25 06:00:00,B3688,1.131,0.0,0.0,47.43,1.131,7588.8,8347.68,0.0
2011-11-25 07:00:00,B3688,0.31,0.0,0.0,47.43,0.31,7588.8,8347.68,0.0
2011-11-25 08:00:00,B3688,0.173,0.0,0.21,47.43,-0.177,7588.8,8347.68,0.35
2011-11-25 09:00:00,B3688,0.173,0.0,0.37,47.43,-0.37700000000000006,7588.8,8347.68,0.55
2011-11-25 10:00:00,B3688,0.173,0.0,0.47,47.43,-0.407,7588.8,8347.68,0.58
2011-11-25 11:00:00,B3688,0.173,0.0,0.53,47.43,-0.407,7588.8,8347.68,0.58
2011-11-25 12:00:00,B3688,1.13,0.0,0.54,47.43,0.5299999999999999,7588.8,8347.68,0.6
2011-11-25 13:00:00,B3688,0.309,0.0,0.57,47.43,-0.341,7588.8,8347.68,0.65
2011-11-25 14:00:00,B3688,0.173,0.0,0.57,47.43,-0.48700000000000004,7588.8,8347.68,0.66
2011-11-25 15:00:00,B3688,0.173,0.0,0.45,47.43,-0.36700000000000005,7588.8,8347.68,0.54
2011-11-25 16:00:00,B3688,0.173,0.0,0.0,47.43,0.13299999999999998,7588.8,8347.68,0.04
2011-11-25 17:00:00,B3688,0.309,0.0,0.0,47.43,0.309,7588.8,8347.68,0.0
2011-11-25 18:00:00,B3688,1.13,0.0,0.0,47.43,1.13,7588.8,8347.68,0.0
2011-11-25 19:00:00,B3688,1.403,0.0,0.0,47.43,1.403,7588.8,8347.68,0.0
2011-11-25 20:00:00,B3688,0.31,0.0,0.0,47.43,0.31,7588.8,8347.68,0.0
2011-11-25 21:00:00,B3688,0.308,0.0,0.0,47.43,0.308,7588.8,8347.68,0.0
2011-11-25 22:00:00,B3688,0.308,0.0,0.0,47.43,0.308,7588.8,8347.68,0.0
2011-11-25 23:00:00,B3688,0.171,0.0,0.0,47.43,0.171,7588.8,8347.68,0.0
2011-11-26 00:00:00,B3688,0.171,0.0,0.0,47.43,0.171,7588.8,8347.68,0.0
2011-11-26 01:00:00,B3688,0.171,0.0,0.0,47.43,0.171,7588.8,8347.68,0.0
2011-11-26 02:00:00,B3688,0.171,0.0,0.0,47.43,0.171,7588.8,8347.68,0.0
2011-11-26 03:00:00,B3688,0.171,0.0,0.0,47.43,0.171,7588.8,8347.68,0.0
2011-11-26 04:00:00,B3688,0.171,0.0,0.0,47.43,0.171,7588.8,8347.68,0.0
2011-11-26 05:00:00,B3688,0.308,0.0,0.0,47.43,0.308,7588.8,8347.68,0.0
2011-11-26 06:00:00,B3688,1.131,0.0,0.0,47.43,1.131,7588.8,8347.68,0.0
2011-11-26 07:00:00,B3688,0.309,0.0,0.0,47.43,0.309,7588.8,8347.68,0.0
2011-11-26 08:00:00,B3688,2.573,2.4,0.2,47.43,2.223,7588.8,8347.68,0.35
2011-11-26 09:00:00,B3688,2.573,2.4,0.37,47.43,2.013,7588.8,8347.68,0.56
2011-11-26 10:00:00,B3688,2.573,2.4,0.48,47.43,1.9729999999999999,7588.8,8347.68,0.6
2011-11-26 11:00:00,B3688,2.573,2.4,0.54,47.43,1.983,7588.8,8347.68,0.59
2011-11-26 12:00:00,B3688,3.53,2.4,0.6,47.43,2.86,7588.8,8347.68,0.67
2011-11-26 13:00:00,B3688,0.31,0.0,0.64,47.43,-0.41,7588.8,8347.68,0.72
2011-11-26 14:00:00,B3688,0.173,0.0,0.61,47.43,-0.5269999999999999,7588.8,8347.68,0.7
2011-11-26 15:00:00,B3688,0.173,0.0,0.47,47.43,-0.38700000000000007,7588.8,8347.68,0.56
2011-11-26 16:00:00,B3688,0.173,0.0,0.0,47.43,0.13299999999999998,7588.8,8347.68,0.04
2011-11-26 17:00:00,B3688,0.31,0.0,0.0,47.43,0.31,7588.8,8347.68,0.0
2011-11-26 18:00:00,B3688,1.13,0.0,0.0,47.43,1.13,7588.8,8347.68,0.0
2011-11-26 19:00:00,B3688,1.403,0.0,0.0,47.43,1.403,7588.8,8347.68,0.0
2011-11-26 20:00:00,B3688,0.309,0.0,0.0,47.43,0.309,7588.8,8347.68,0.0
2011-11-26 21:00:00,B3688,0.308,0.0,0.0,47.43,0.308,7588.8,8347.68,0.0
2011-11-26 22:00:00,B3688,0.308,0.0,0.0,47.43,0.308,7588.8,8347.68,0.0
2011-11-26 23:00:00,B3688,0.171,0.0,0.0,47.43,0.171,7588.8,8347.68,0.0
2011-11-27 00:00:00,B3688,0.171,0.0,0.0,47.43,0.171,7588.8,8347.68,0.0
2011-11-27 01:00:00,B3688,0.171,0.0,0.0,47.43,0.171,7588.8,8347.68,0.0
2011-11-27 02:00:00,B3688,0.171,0.0,0.0,47.43,0.171,7588.8,8347.68,0.0
2011-11-27 03:00:00,B3688,0.171,0.0,0.0,47.43,0.171,7588.8,8347.68,0.0
2011-11-27 04:00:00,B3688,0.171,0.0,0.0,47.43,0.171,7588.8,8347.68,0.0
2011-11-27 05:00:00,B3688,0.308,0.0,0.0,47.43,0.308,7588.8,8347.68,0.0
2011-11-27 06:00:00,B3688,1.131,0.0,0.0,47.43,1.131,7588.8,8347.68,0.0
2011-11-27 07:00:00,B3688,0.309,0.0,0.0,47.43,0.309,7588.8,8347.68,0.0
2011-11-27 08:00:00,B3688,2.573,2.4,0.32,47.43,2.1029999999999998,7588.8,8347.68,0.47
2011-11-27 09:00:00,B3688,2.573,2.4,0.46,47.43,1.923,7588.8,8347.68,0.65
2011-11-27 10:00:00,B3688,2.573,2.4,0.48,47.43,1.9729999999999999,7588.8,8347.68,0.6
2011-11-27 11:00:00,B3688,2.573,2.4,0.52,47.43,1.9929999999999999,7588.8,8347.68,0.58
2011-11-27 12:00:00,B3688,3.531,2.4,0.56,47.43,2.911,7588.8,8347.68,0.62
2011-11-27 13:00:00,B3688,0.31,0.0,0.55,47.43,-0.33,7588.8,8347.68,0.64
2011-11-27 14:00:00,B3688,0.173,0.0,0.51,47.43,-0.417,7588.8,8347.68,0.59
2011-11-27 15:00:00,B3688,0.173,0.0,0.39,47.43,-0.307,7588.8,8347.68,0.48
2011-11-27 16:00:00,B3688,0.173,0.0,0.12,47.43,0.002999999999999975,7588.8,8347.68,0.17
2011-11-27 17:00:00,B3688,0.309,0.0,0.0,47.43,0.309,7588.8,8347.68,0.0
2011-11-27 18:00:00,B3688,1.131,0.0,0.0,47.43,1.131,7588.8,8347.68,0.0
2011-11-27 19:00:00,B3688,1.403,0.0,0.0,47.43,1.403,7588.8,8347.68,0.0
2011-11-27 20:00:00,B3688,0.309,0.0,0.0,47.43,0.309,7588.8,8347.68,0.0
2011-11-27 21:00:00,B3688,0.308,0.0,0.0,47.43,0.308,7588.8,8347.68,0.0
2011-11-27 22:00:00,B3688,0.308,0.0,0.0,47.43,0.308,7588.8,8347.68,0.0
2011-11-27 23:00:00,B3688,0.171,0.0,0.0,47.43,0.171,7588.8,8347.68,0.0
2011-11-28 00:00:00,B3688,2.571,2.4,0.0,47.43,2.571,7588.8,8347.68,0.0
2011-11-28 01:00:00,B3688,2.571,2.4,0.0,47.43,2.571,7588.8,8347.68,0.0
2011-11-28 02:00:00,B3688,2.571,2.4,0.0,47.43,2.571,7588.8,8347.68,0.0
2011-11-28 03:00:00,B3688,2.571,2.4,0.0,47.43,2.571,7588.8,8347.68,0.0
2011-11-28 04:00:00,B3688,2.571,2.4,0.0,47.43,2.571,7588.8,8347.68,0.0
2011-11-28 05:00:00,B3688,0.308,0.0,0.0,47.43,0.308,7588.8,8347.68,0.0
2011-11-28 06:00:00,B3688,1.131,0.0,0.0,47.43,1.131,7588.8,8347.68,0.0
2011-11-28 07:00:00,B3688,0.31,0.0,0.0,47.43,0.31,7588.8,8347.68,0.0
2011-11-28 08:00:00,B3688,0.173,0.0,0.36,47.43,-0.327,7588.8,8347.68,0.5
2011-11-28 09:00:00,B3688,0.173,0.0,0.61,47.43,-0.647,7588.8,8347.68,0.82
2011-11-28 10:00:00,B3688,0.173,0.0,0.68,47.43,-0.647,7588.8,8347.68,0.82
2011-11-28 11:00:00,B3688,0.173,0.0,0.6,47.43,-0.48700000000000004,7588.8,8347.68,0.66
2011-11-28 12:00:00,B3688,1.13,0.0,0.56,47.43,0.5099999999999999,7588.8,8347.68,0.62
2011-11-28 13:00:00,B3688,0.309,0.0,0.57,47.43,-0.341,7588.8,8347.68,0.65
2011-11-28 14:00:00,B3688,0.173,0.0,0.52,47.43,-0.427,7588.8,8347.68,0.6
2011-11-28 15:00:00,B3688,0.173,0.0,0.4,47.43,-0.317,7588.8,8347.68,0.49
2011-11-28 16:00:00,B3688,0.173,0.0,0.0,47.43,0.12299999999999998,7588.8,8347.68,0.05
2011-11-28 17:00:00,B3688,0.309,0.0,0.0,47.43,0.309,7588.8,8347.68,0.0
2011-11-28 18:00:00,B3688,1.131,0.0,0.0,47.43,1.131,7588.8,8347.68,0.0
2011-11-28 19:00:00,B3688,1.405,0.0,0.0,47.43,1.405,7588.8,8347.68,0.0
2011-11-28 20:00:00,B3688,0.31,0.0,0.0,47.43,0.31,7588.8,8347.68,0.0
2011-11-28 21:00:00,B3688,0.308,0.0,0.0,47.43,0.308,7588.8,8347.68,0.0
2011-11-28 22:00:00,B3688,0.308,0.0,0.0,47.43,0.308,7588.8,8347.68,0.0
2011-11-28 23:00:00,B3688,0.171,0.0,0.0,47.43,0.171,7588.8,8347.68,0.0
2011-11-29 00:00:00,B3688,2.571,2.4,0.0,47.43,2.571,7588.8,8347.68,0.0
2011-11-29 01:00:00,B3688,2.571,2.4,0.0,47.43,2.571,7588.8,8347.68,0.0
2011-11-29 02:00:00,B3688,2.571,2.4,0.0,47.43,2.571,7588.8,8347.68,0.0
2011-11-29 03:00:00,B3688,2.571,2.4,0.0,47.43,2.571,7588.8,8347.68,0.0
2011-11-29 04:00:00,B3688,2.571,2.4,0.0,47.43,2.571,7588.8,8347.68,0.0
2011-11-29 05:00:00,B3688,0.308,0.0,0.0,47.43,0.308,7588.8,8347.68,0.0
2011-11-29 06:00:00,B3688,1.131,0.0,0.0,47.43,1.131,7588.8,8347.68,0.0
2011-11-29 07:00:00,B3688,0.31,0.0,0.0,47.43,0.31,7588.8,8347.68,0.0
2011-11-29 08:00:00,B3688,0.173,0.0,0.39,47.43,-0.327,7588.8,8347.68,0.5
2011-11-29 09:00:00,B3688,0.173,0.0,0.75,47.43,-0.7570000000000001,7588.8,8347.68,0.93
2011-11-29 10:00:00,B3688,0.173,0.0,1.05,47.43,-1.057,7588.8,8347.68,1.23
2011-11-29 11:00:00,B3688,0.173,0.0,1.23,47.43,-1.187,7588.8,8347.68,1.36
2011-11-29 12:00:00,B3688,1.131,0.0,1.2,47.43,-0.19900000000000007,7588.8,8347.68,1.33
2011-11-29 13:00:00,B3688,0.309,0.0,1.01,47.43,-0.8110000000000002,7588.8,8347.68,1.12
2011-11-29 14:00:00,B3688,0.173,0.0,0.75,47.43,-0.687,7588.8,8347.68,0.86
2011-11-29 15:00:00,B3688,0.173,0.0,0.44,47.43,-0.34700000000000003,7588.8,8347.68,0.52
2011-11-29 16:00:00,B3688,0.173,0.0,0.0,47.43,0.13299999999999998,7588.8,8347.68,0.04
2011-11-29 17:00:00,B3688,0.309,0.0,0.0,47.43,0.309,7588.8,8347.68,0.0
2011-11-29 18:00:00,B3688,1.131,0.0,0.0,47.43,1.131,7588.8,8347.68,0.0
2011-11-29 19:00:00,B3688,1.405,0.0,0.0,47.43,1.405,7588.8,8347.68,0.0
2011-11-29 20:00:00,B3688,0.31,0.0,0.0,47.43,0.31,7588.8,8347.68,0.0
2011-11-29 21:00:00,B3688,0.308,0.0,0.0,47.43,0.308,7588.8,8347.68,0.0
2011-11-29 22:00:00,B3688,0.308,0.0,0.0,47.43,0.308,7588.8,8347.68,0.0
2011-11-29 23:00:00,B3688,0.171,0.0,0.0,47.43,0.171,7588.8,8347.68,0.0
2011-11-30 00:00:00,B3688,2.571,2.4,0.0,47.43,2.571,7588.8,8347.68,0.0
2011-11-30 01:00:00,B3688,2.571,2.4,0.0,47.43,2.571,7588.8,8347.68,0.0
2011-11-30 02:00:00,B3688,2.571,2.4,0.0,47.43,2.571,7588.8,8347.68,0.0
2011-11-30 03:00:00,B3688,2.571,2.4,0.0,47.43,2.571,7588.8,8347.68,0.0
2011-11-30 04:00:00,B3688,2.571,2.4,0.0,47.43,2.571,7588.8,8347.68,0.0
2011-11-30 05:00:00,B3688,0.308,0.0,0.0,47.43,0.308,7588.8,8347.68,0.0
2011-11-30 06:00:00,B3688,1.131,0.0,0.0,47.43,1.131,7588.8,8347.68,0.0
2011-11-30 07:00:00,B3688,0.31,0.0,0.0,47.43,0.31,7588.8,8347.68,0.0
2011-11-30 08:00:00,B3688,0.173,0.0,0.38,47.43,-0.337,7588.8,8347.68,0.51
2011-11-30 09:00:00,B3688,0.173,0.0,0.72,47.43,-0.7470000000000001,7588.8,8347.68,0.92
2011-11-30 10:00:00,B3688,0.173,0.0,0.8,47.43,-0.7769999999999999,7588.8,8347.68,0.95
2011-11-30 11:00:00,B3688,0.173,0.0,0.82,47.43,-0.7170000000000001,7588.8,8347.68,0.89
2011-11-30 12:00:00,B3688,1.131,0.0,0.87,47.43,0.18100000000000005,7588.8,8347.68,0.95
2011-11-30 13:00:00,B3688,0.309,0.0,0.75,47.43,-0.5409999999999999,7588.8,8347.68,0.85
2011-11-30 14:00:00,B3688,0.173,0.0,0.59,47.43,-0.49700000000000005,7588.8,8347.68,0.67
2011-11-30 15:00:00,B3688,0.173,0.0,0.41,47.43,-0.317,7588.8,8347.68,0.49
2011-11-30 16:00:00,B3688,0.173,0.0,0.0,47.43,0.13299999999999998,7588.8,8347.68,0.04
2011-11-30 17:00:00,B3688,0.309,0.0,0.0,47.43,0.309,7588.8,8347.68,0.0
2011-11-30 18:00:00,B3688,1.131,0.0,0.0,47.43,1.131,7588.8,8347.68,0.0
2011-11-30 19:00:00,B3688,1.405,0.0,0.0,47.43,1.405,7588.8,8347.68,0.0
2011-11-30 20:00:00,B3688,0.31,0.0,0.0,47.43,0.31,7588.8,8347.68,0.0
2011-11-30 21:00:00,B3688,0.308,0.0,0.0,47.43,0.308,7588.8,8347.68,0.0
2011-11-30 22:00:00,B3688,0.308,0.0,0.0,47.43,0.308,7588.8,8347.68,0.0
2011-11-30 23:00:00,B3688,0.171,0.0,0.0,47.43,0.171,7588.8,8347.68,0.0
2011-12-01 00:00:00,B3688,2.571,2.4,0.0,47.43,2.571,7588.8,8347.68,0.0
2011-12-01 01:00:00,B3688,2.571,2.4,0.0,47.43,2.571,7588.8,8347.68,0.0
2011-12-01 02:00:00,B3688,2.571,2.4,0.0,47.43,2.571,7588.8,8347.68,0.0
2011-12-01 03:00:00,B3688,2.571,2.4,0.0,47.43,2.571,7588.8,8347.68,0.0
2011-12-01 04:00:00,B3688,2.571,2.4,0.0,47.43,2.571,7588.8,8347.68,0.0
2011-12-01 05:00:00,B3688,0.308,0.0,0.0,47.43,0.308,7588.8,8347.68,0.0
2011-12-01 06:00:00,B3688,1.131,0.0,0.0,47.43,1.131,7588.8,8347.68,0.0
2011-12-01 07:00:00,B3688,0.31,0.0,0.0,47.43,0.31,7588.8,8347.68,0.0
2011-12-01 08:00:00,B3688,0.173,0.0,0.35,47.43,-0.307,7588.8,8347.68,0.48
2011-12-01 09:00:00,B3688,0.173,0.0,0.67,47.43,-0.687,7588.8,8347.68,0.86
2011-12-01 10:00:00,B3688,0.173,0.0,0.91,47.43,-0.907,7588.8,8347.68,1.08
2011-12-01 11:00:00,B3688,0.173,0.0,1.0,47.43,-0.927,7588.8,8347.68,1.1
2011-12-01 12:00:00,B3688,1.131,0.0,0.92,47.43,0.121,7588.8,8347.68,1.01
2011-12-01 13:00:00,B3688,0.309,0.0,0.78,47.43,-0.571,7588.8,8347.68,0.88
2011-12-01 14:00:00,B3688,0.173,0.0,0.66,47.43,-0.5569999999999999,7588.8,8347.68,0.73
2011-12-01 15:00:00,B3688,0.173,0.0,0.47,47.43,-0.36700000000000005,7588.8,8347.68,0.54
2011-12-01 16:00:00,B3688,0.173,0.0,0.0,47.43,0.13299999999999998,7588.8,8347.68,0.04
2011-12-01 17:00:00,B3688,0.309,0.0,0.0,47.43,0.309,7588.8,8347.68,0.0
2011-12-01 18:00:00,B3688,1.131,0.0,0.0,47.43,1.131,7588.8,8347.68,0.0
2011-12-01 19:00:00,B3688,1.405,0.0,0.0,47.43,1.405,7588.8,8347.68,0.0
2011-12-01 20:00:00,B3688,0.31,0.0,0.0,47.43,0.31,7588.8,8347.68,0.0
2011-12-01 21:00:00,B3688,0.308,0.0,0.0,47.43,0.308,7588.8,8347.68,0.0
2011-12-01 22:00:00,B3688,0.308,0.0,0.0,47.43,0.308,7588.8,8347.68,0.0
2011-12-01 23:00:00,B3688,0.171,0.0,0.0,47.43,0.171,7588.8,8347.68,0.0
2011-12-02 00:00:00,B3688,2.571,2.4,0.0,47.43,2.571,7588.8,8347.68,0.0
2011-12-02 01:00:00,B3688,2.571,2.4,0.0,47.43,2.571,7588.8,8347.68,0.0
2011-12-02 02:00:00,B3688,2.571,2.4,0.0,47.43,2.571,7588.8,8347.68,0.0
2011-12-02 03:00:00,B3688,2.571,2.4,0.0,47.43,2.571,7588.8,8347.68,0.0
2011-12-02 04:00:00,B3688,2.571,2.4,0.0,47.43,2.571,7588.8,8347.68,0.0
2011-12-02 05:00:00,B3688,0.308,0.0,0.0,47.43,0.308,7588.8,8347.68,0.0
2011-12-02 06:00:00,B3688,1.131,0.0,0.0,47.43,1.131,7588.8,8347.68,0.0
2011-12-02 07:00:00,B3688,0.31,0.0,0.0,47.43,0.31,7588.8,8347.68,0.0
2011-12-02 08:00:00,B3688,0.173,0.0,0.22,47.43,-0.15700000000000003,7588.8,8347.68,0.33
2011-12-02 09:00:00,B3688,0.173,0.0,0.48,47.43,-0.48700000000000004,7588.8,8347.68,0.66
2011-12-02 10:00:00,B3688,0.173,0.0,0.66,47.43,-0.607,7588.8,8347.68,0.78
2011-12-02 11:00:00,B3688,0.173,0.0,0.74,47.43,-0.637,7588.8,8347.68,0.81
2011-12-02 12:00:00,B3688,1.131,0.0,0.78,47.43,0.271,7588.8,8347.68,0.86
2011-12-02 13:00:00,B3688,0.309,0.0,0.78,47.43,-0.571,7588.8,8347.68,0.88
2011-12-02 14:00:00,B3688,0.173,0.0,0.75,47.43,-0.677,7588.8,8347.68,0.85
2011-12-02 15:00:00,B3688,0.173,0.0,0.49,47.43,-0.39699999999999996,7588.8,8347.68,0.57
2011-12-02 16:00:00,B3688,0.173,0.0,0.0,47.43,0.13299999999999998,7588.8,8347.68,0.04
2011-12-02 17:00:00,B3688,0.309,0.0,0.0,47.43,0.309,7588.8,8347.68,0.0
2011-12-02 18:00:00,B3688,1.131,0.0,0.0,47.43,1.131,7588.8,8347.68,0.0
2011-12-02 19:00:00,B3688,1.405,0.0,0.0,47.43,1.405,7588.8,8347.68,0.0
2011-12-02 20:00:00,B3688,0.31,0.0,0.0,47.43,0.31,7588.8,8347.68,0.0
2011-12-02 21:00:00,B3688,0.308,0.0,0.0,47.43,0.308,7588.8,8347.68,0.0
2011-12-02 22:00:00,B3688,0.308,0.0,0.0,47.43,0.308,7588.8,8347.68,0.0
2011-12-02 23:00:00,B3688,0.171,0.0,0.0,47.43,0.171,7588.8,8347.68,0.0
2011-12-03 00:00:00,B3688,0.171,0.0,0.0,47.43,0.171,7588.8,8347.68,0.0
2011-12-03 01:00:00,B3688,0.171,0.0,0.0,47.43,0.171,7588.8,8347.68,0.0
2011-12-03 02:00:00,B3688,0.171,0.0,0.0,47.43,0.171,7588.8,8347.68,0.0
2011-12-03 03:00:00,B3688,0.171,0.0,0.0,47.43,0.171,7588.8,8347.68,0.0
2011-12-03 04:00:00,B3688,0.171,0.0,0.0,47.43,0.171,7588.8,8347.68,0.0
2011-12-03 05:00:00,B3688,0.308,0.0,0.0,47.43,0.308,7588.8,8347.68,0.0
2011-12-03 06:00:00,B3688,1.131,0.0,0.0,47.43,1.131,7588.8,8347.68,0.0
2011-12-03 07:00:00,B3688,0.309,0.0,0.0,47.43,0.309,7588.8,8347.68,0.0
2011-12-03 08:00:00,B3688,2.573,2.4,0.3,47.43,2.133,7588.8,8347.68,0.44
2011-12-03 09:00:00,B3688,2.573,2.4,0.61,47.43,1.763,7588.8,8347.68,0.81
2011-12-03 10:00:00,B3688,2.573,2.4,0.9,47.43,1.503,7588.8,8347.68,1.07
2011-12-03 11:00:00,B3688,2.573,2.4,0.91,47.43,1.573,7588.8,8347.68,1.0
2011-12-03 12:00:00,B3688,3.531,2.4,0.79,47.43,2.661,7588.8,8347.68,0.87
2011-12-03 13:00:00,B3688,0.31,0.0,0.73,47.43,-0.51,7588.8,8347.68,0.82
2011-12-03 14:00:00,B3688,0.173,0.0,0.58,47.43,-0.47700000000000004,7588.8,8347.68,0.65
2011-12-03 15:00:00,B3688,0.173,0.0,0.41,47.43,-0.317,7588.8,8347.68,0.49
2011-12-03 16:00:00,B3688,0.173,0.0,0.0,47.43,0.13299999999999998,7588.8,8347.68,0.04
2011-12-03 17:00:00,B3688,0.31,0.0,0.0,47.43,0.31,7588.8,8347.68,0.0
2011-12-03 18:00:00,B3688,1.131,0.0,0.0,47.43,1.131,7588.8,8347.68,0.0
2011-12-03 19:00:00,B3688,1.405,0.0,0.0,47.43,1.405,7588.8,8347.68,0.0
2011-12-03 20:00:00,B3688,0.309,0.0,0.0,47.43,0.309,7588.8,8347.68,0.0
2011-12-03 21:00:00,B3688,0.308,0.0,0.0,47.43,0.308,7588.8,8347.68,0.0
2011-12-03 22:00:00,B3688,0.308,0.0,0.0,47.43,0.308,7588.8,8347.68,0.0
2011-12-03 23:00:00,B3688,0.171,0.0,0.0,47.43,0.171,7588.8,8347.68,0.0
2011-12-04 00:00:00,B3688,0.171,0.0,0.0,47.43,0.171,7588.8,8347.68,0.0
2011-12-04 01:00:00,B3688,0.171,0.0,0.0,47.43,0.171,7588.8,8347.68,0.0
2011-12-04 02:00:00,B3688,0.171,0.0,0.0,47.43,0.171,7588.8,8347.68,0.0
2011-12-04 03:00:00,B3688,0.171,0.0,0.0,47.43,0.171,7588.8,8347.68,0.0
2011-12-04 04:00:00,B3688,0.171,0.0,0.0,47.43,0.171,7588.8,8347.68,0.0
2011-12-04 05:00:00,B3688,0.308,0.0,0.0,47.43,0.308,7588.8,8347.68,0.0
2011-12-04 06:00:00,B3688,1.131,0.0,0.0,47.43,1.131,7588.8,8347.68,0.0
2011-12-04 07:00:00,B3688,0.309,0.0,0.0,47.43,0.309,7588.8,8347.68,0.0
2011-12-04 08:00:00,B3688,2.573,2.4,0.24,47.43,2.223,7588.8,8347.68,0.35
2011-12-04 09:00:00,B3688,2.573,2.4,0.55,47.43,1.853,7588.8,8347.68,0.72
2011-12-04 10:00:00,B3688,2.573,2.4,0.74,47.43,1.7029999999999998,7588.8,8347.68,0.87
2011-12-04 11:00:00,B3688,2.573,2.4,0.85,47.43,1.6429999999999998,7588.8,8347.68,0.93
2011-12-04 12:00:00,B3688,3.531,2.4,0.95,47.43,2.471,7588.8,8347.68,1.06
2011-12-04 13:00:00,B3688,0.31,0.0,0.91,47.43,-0.72,7588.8,8347.68,1.03
2011-12-04 14:00:00,B3688,0.173,0.0,0.74,47.43,-0.677,7588.8,8347.68,0.85
2011-12-04 15:00:00,B3688,0.173,0.0,0.46,47.43,-0.34700000000000003,7588.8,8347.68,0.52
2011-12-04 16:00:00,B3688,0.173,0.0,0.0,47.43,0.143,7588.8,8347.68,0.03
2011-12-04 17:00:00,B3688,0.309,0.0,0.0,47.43,0.309,7588.8,8347.68,0.0
2011-12-04 18:00:00,B3688,1.131,0.0,0.0,47.43,1.131,7588.8,8347.68,0.0
2011-12-04 19:00:00,B3688,1.403,0.0,0.0,47.43,1.403,7588.8,8347.68,0.0
2011-12-04 20:00:00,B3688,0.309,0.0,0.0,47.43,0.309,7588.8,8347.68,0.0
2011-12-04 21:00:00,B3688,0.308,0.0,0.0,47.43,0.308,7588.8,8347.68,0.0
2011-12-04 22:00:00,B3688,0.308,0.0,0.0,47.43,0.308,7588.8,8347.68,0.0
2011-12-04 23:00:00,B3688,0.171,0.0,0.0,47.43,0.171,7588.8,8347.68,0.0
2011-12-05 00:00:00,B3688,2.571,2.4,0.0,47.43,2.571,7588.8,8347.68,0.0
2011-12-05 01:00:00,B3688,2.571,2.4,0.0,47.43,2.571,7588.8,8347.68,0.0
2011-12-05 02:00:00,B3688,2.571,2.4,0.0,47.43,2.571,7588.8,8347.68,0.0
2011-12-05 03:00:00,B3688,2.571,2.4,0.0,47.43,2.571,7588.8,8347.68,0.0
2011-12-05 04:00:00,B3688,2.571,2.4,0.0,47.43,2.571,7588.8,8347.68,0.0
2011-12-05 05:00:00,B3688,0.308,0.0,0.0,47.43,0.308,7588.8,8347.68,0.0
2011-12-05 06:00:00,B3688,1.131,0.0,0.0,47.43,1.131,7588.8,8347.68,0.0
2011-12-05 07:00:00,B3688,0.31,0.0,0.0,47.43,0.31,7588.8,8347.68,0.0
2011-12-05 08:00:00,B3688,0.173,0.0,0.32,47.43,-0.277,7588.8,8347.68,0.45
2011-12-05 09:00:00,B3688,0.173,0.0,0.56,47.43,-0.567,7588.8,8347.68,0.74
2011-12-05 10:00:00,B3688,0.173,0.0,0.73,47.43,-0.677,7588.8,8347.68,0.85
2011-12-05 11:00:00,B3688,0.173,0.0,0.81,47.43,-0.7170000000000001,7588.8,8347.68,0.89
2011-12-05 12:00:00,B3688,1.131,0.0,0.8,47.43,0.251,7588.8,8347.68,0.88
2011-12-05 13:00:00,B3688,0.309,0.0,0.74,47.43,-0.5209999999999999,7588.8,8347.68,0.83
2011-12-05 14:00:00,B3688,0.173,0.0,0.6,47.43,-0.48700000000000004,7588.8,8347.68,0.66
2011-12-05 15:00:00,B3688,0.173,0.0,0.35,47.43,-0.247,7588.8,8347.68,0.42
2011-12-05 16:00:00,B3688,0.173,0.0,0.0,47.43,0.143,7588.8,8347.68,0.03
2011-12-05 17:00:00,B3688,0.309,0.0,0.0,47.43,0.309,7588.8,8347.68,0.0
2011-12-05 18:00:00,B3688,1.131,0.0,0.0,47.43,1.131,7588.8,8347.68,0.0
2011-12-05 19:00:00,B3688,1.403,0.0,0.0,47.43,1.403,7588.8,8347.68,0.0
2011-12-05 20:00:00,B3688,0.31,0.0,0.0,47.43,0.31,7588.8,8347.68,0.0
2011-12-05 21:00:00,B3688,0.308,0.0,0.0,47.43,0.308,7588.8,8347.68,0.0
2011-12-05 22:00:00,B3688,0.308,0.0,0.0,47.43,0.308,7588.8,8347.68,0.0
2011-12-05 23:00:00,B3688,0.171,0.0,0.0,47.43,0.171,7588.8,8347.68,0.0
2011-12-06 00:00:00,B3688,2.571,2.4,0.0,47.43,2.571,7588.8,8347.68,0.0
2011-12-06 01:00:00,B3688,2.571,2.4,0.0,47.43,2.571,7588.8,8347.68,0.0
2011-12-06 02:00:00,B3688,2.571,2.4,0.0,47.43,2.571,7588.8,8347.68,0.0
2011-12-06 03:00:00,B3688,2.571,2.4,0.0,47.43,2.571,7588.8,8347.68,0.0
2011-12-06 04:00:00,B3688,2.571,2.4,0.0,47.43,2.571,7588.8,8347.68,0.0
2011-12-06 05:00:00,B3688,0.308,0.0,0.0,47.43,0.308,7588.8,8347.68,0.0
2011-12-06 06:00:00,B3688,1.131,0.0,0.0,47.43,1.131,7588.8,8347.68,0.0
2011-12-06 07:00:00,B3688,0.31,0.0,0.0,47.43,0.31,7588.8,8347.68,0.0
2011-12-06 08:00:00,B3688,0.173,0.0,0.22,47.43,-0.15700000000000003,7588.8,8347.68,0.33
2011-12-06 09:00:00,B3688,0.173,0.0,0.46,47.43,-0.457,7588.8,8347.68,0.63
2011-12-06 10:00:00,B3688,0.173,0.0,0.67,47.43,-0.627,7588.8,8347.68,0.8
2011-12-06 11:00:00,B3688,0.173,0.0,0.85,47.43,-0.7570000000000001,7588.8,8347.68,0.93
2011-12-06 12:00:00,B3688,1.13,0.0,0.93,47.43,0.10999999999999988,7588.8,8347.68,1.02
2011-12-06 13:00:00,B3688,0.309,0.0,0.83,47.43,-0.621,7588.8,8347.68,0.93
2011-12-06 14:00:00,B3688,0.173,0.0,0.66,47.43,-0.5269999999999999,7588.8,8347.68,0.7
2011-12-06 15:00:00,B3688,0.173,0.0,0.5,47.43,-0.38700000000000007,7588.8,8347.68,0.56
2011-12-06 16:00:00,B3688,0.173,0.0,0.0,47.43,0.13299999999999998,7588.8,8347.68,0.04
2011-12-06 17:00:00,B3688,0.309,0.0,0.0,47.43,0.309,7588.8,8347.68,0.0
2011-12-06 18:00:00,B3688,1.131,0.0,0.0,47.43,1.131,7588.8,8347.68,0.0
2011-12-06 19:00:00,B3688,1.405,0.0,0.0,47.43,1.405,7588.8,8347.68,0.0
2011-12-06 20:00:00,B3688,0.31,0.0,0.0,47.43,0.31,7588.8,8347.68,0.0
2011-12-06 21:00:00,B3688,0.308,0.0,0.0,47.43,0.308,7588.8,8347.68,0.0
2011-12-06 22:00:00,B3688,0.308,0.0,0.0,47.43,0.308,7588.8,8347.68,0.0
2011-12-06 23:00:00,B3688,0.171,0.0,0.0,47.43,0.171,7588.8,8347.68,0.0
2011-12-07 00:00:00,B3688,2.571,2.4,0.0,47.43,2.571,7588.8,8347.68,0.0
2011-12-07 01:00:00,B3688,2.571,2.4,0.0,47.43,2.571,7588.8,8347.68,0.0
2011-12-07 02:00:00,B3688,2.571,2.4,0.0,47.43,2.571,7588.8,8347.68,0.0
2011-12-07 03:00:00,B3688,2.571,2.4,0.0,47.43,2.571,7588.8,8347.68,0.0
2011-12-07 04:00:00,B3688,2.571,2.4,0.0,47.43,2.571,7588.8,8347.68,0.0
2011-12-07 05:00:00,B3688,0.308,0.0,0.0,47.43,0.308,7588.8,8347.68,0.0
2011-12-07 06:00:00,B3688,1.131,0.0,0.0,47.43,1.131,7588.8,8347.68,0.0
2011-12-07 07:00:00,B3688,0.31,0.0,0.0,47.43,0.31,7588.8,8347.68,0.0
2011-12-07 08:00:00,B3688,0.173,0.0,0.19,47.43,-0.137,7588.8,8347.68,0.31
2011-12-07 09:00:00,B3688,0.173,0.0,0.4,47.43,-0.407,7588.8,8347.68,0.58
2011-12-07 10:00:00,B3688,0.173,0.0,0.49,47.43,-0.437,7588.8,8347.68,0.61
2011-12-07 11:00:00,B3688,0.173,0.0,0.52,47.43,-0.39699999999999996,7588.8,8347.68,0.57
2011-12-07 12:00:00,B3688,1.131,0.0,0.56,47.43,0.511,7588.8,8347.68,0.62
2011-12-07 13:00:00,B3688,0.309,0.0,0.6,47.43,-0.37100000000000005,7588.8,8347.68,0.68
2011-12-07 14:00:00,B3688,0.173,0.0,0.59,47.43,-0.49700000000000005,7588.8,8347.68,0.67
2011-12-07 15:00:00,B3688,0.173,0.0,0.44,47.43,-0.34700000000000003,7588.8,8347.68,0.52
2011-12-07 16:00:00,B3688,0.173,0.0,0.0,47.43,0.13299999999999998,7588.8,8347.68,0.04
2011-12-07 17:00:00,B3688,0.309,0.0,0.0,47.43,0.309,7588.8,8347.68,0.0
2011-12-07 18:00:00,B3688,1.131,0.0,0.0,47.43,1.131,7588.8,8347.68,0.0
2011-12-07 19:00:00,B3688,1.405,0.0,0.0,47.43,1.405,7588.8,8347.68,0.0
2011-12-07 20:00:00,B3688,0.31,0.0,0.0,47.43,0.31,7588.8,8347.68,0.0
2011-12-07 21:00:00,B3688,0.308,0.0,0.0,47.43,0.308,7588.8,8347.68,0.0
2011-12-07 22:00:00,B3688,0.308,0.0,0.0,47.43,0.308,7588.8,8347.68,0.0
2011-12-07 23:00:00,B3688,0.171,0.0,0.0,47.43,0.171,7588.8,8347.68,0.0
2011-12-08 00:00:00,B3688,2.571,2.4,0.0,47.43,2.571,7588.8,8347.68,0.0
2011-12-08 01:00:00,B3688,2.571,2.4,0.0,47.43,2.571,7588.8,8347.68,0.0
2011-12-08 02:00:00,B3688,2.571,2.4,0.0,47.43,2.571,7588.8,8347.68,0.0
2011-12-08 03:00:00,B3688,2.571,2.4,0.0,47.43,2.571,7588.8,8347.68,0.0
2011-12-08 04:00:00,B3688,2.571,2.4,0.0,47.43,2.571,7588.8,8347.68,0.0
2011-12-08 05:00:00,B3688,0.308,0.0,0.0,47.43,0.308,7588.8,8347.68,0.0
2011-12-08 06:00:00,B3688,1.131,0.0,0.0,47.43,1.131,7588.8,8347.68,0.0
2011-12-08 07:00:00,B3688,0.31,0.0,0.0,47.43,0.31,7588.8,8347.68,0.0
2011-12-08 08:00:00,B3688,0.173,0.0,0.46,47.43,-0.407,7588.8,8347.68,0.58
2011-12-08 09:00:00,B3688,0.173,0.0,0.89,47.43,-0.917,7588.8,8347.68,1.09
2011-12-08 10:00:00,B3688,0.173,0.0,1.18,47.43,-1.2069999999999999,7588.8,8347.68,1.38
2011-12-08 11:00:00,B3688,0.173,0.0,1.24,47.43,-1.187,7588.8,8347.68,1.36
2011-12-08 12:00:00,B3688,1.131,0.0,1.28,47.43,-0.2889999999999999,7588.8,8347.68,1.42
2011-12-08 13:00:00,B3688,0.309,0.0,1.27,47.43,-1.111,7588.8,8347.68,1.42
2011-12-08 14:00:00,B3688,0.173,0.0,1.01,47.43,-0.9769999999999999,7588.8,8347.68,1.15
2011-12-08 15:00:00,B3688,0.173,0.0,0.58,47.43,-0.457,7588.8,8347.68,0.63
2011-12-08 16:00:00,B3688,0.173,0.0,0.0,47.43,0.153,7588.8,8347.68,0.02
2011-12-08 17:00:00,B3688,0.309,0.0,0.0,47.43,0.309,7588.8,8347.68,0.0
2011-12-08 18:00:00,B3688,1.131,0.0,0.0,47.43,1.131,7588.8,8347.68,0.0
2011-12-08 19:00:00,B3688,1.405,0.0,0.0,47.43,1.405,7588.8,8347.68,0.0
2011-12-08 20:00:00,B3688,0.31,0.0,0.0,47.43,0.31,7588.8,8347.68,0.0
2011-12-08 21:00:00,B3688,0.308,0.0,0.0,47.43,0.308,7588.8,8347.68,0.0
2011-12-08 22:00:00,B3688,0.308,0.0,0.0,47.43,0.308,7588.8,8347.68,0.0
2011-12-08 23:00:00,B3688,0.171,0.0,0.0,47.43,0.171,7588.8,8347.68,0.0
2011-12-09 00:00:00,B3688,2.571,2.4,0.0,47.43,2.571,7588.8,8347.68,0.0
2011-12-09 01:00:00,B3688,2.571,2.4,0.0,47.43,2.571,7588.8,8347.68,0.0
2011-12-09 02:00:00,B3688,2.571,2.4,0.0,47.43,2.571,7588.8,8347.68,0.0
2011-12-09 03:00:00,B3688,2.571,2.4,0.0,47.43,2.571,7588.8,8347.68,0.0
2011-12-09 04:00:00,B3688,2.571,2.4,0.0,47.43,2.571,7588.8,8347.68,0.0
2011-12-09 05:00:00,B3688,0.308,0.0,0.0,47.43,0.308,7588.8,8347.68,0.0
2011-12-09 06:00:00,B3688,1.131,0.0,0.0,47.43,1.131,7588.8,8347.68,0.0
2011-12-09 07:00:00,B3688,0.31,0.0,0.0,47.43,0.31,7588.8,8347.68,0.0
2011-12-09 08:00:00,B3688,0.173,0.0,0.4,47.43,-0.317,7588.8,8347.68,0.49
2011-12-09 09:00:00,B3688,0.173,0.0,0.69,47.43,-0.657,7588.8,8347.68,0.83
2011-12-09 10:00:00,B3688,0.173,0.0,0.97,47.43,-0.9569999999999999,7588.8,8347.68,1.13
2011-12-09 11:00:00,B3688,0.173,0.0,1.06,47.43,-0.9969999999999999,7588.8,8347.68,1.17
2011-12-09 12:00:00,B3688,1.131,0.0,1.0,47.43,0.020999999999999908,7588.8,8347.68,1.11
2011-12-09 13:00:00,B3688,0.309,0.0,0.9,47.43,-0.7110000000000001,7588.8,8347.68,1.02
2011-12-09 14:00:00,B3688,0.173,0.0,0.68,47.43,-0.5569999999999999,7588.8,8347.68,0.73
2011-12-09 15:00:00,B3688,0.173,0.0,0.4,47.43,-0.277,7588.8,8347.68,0.45
2011-12-09 16:00:00,B3688,0.173,0.0,0.0,47.43,0.143,7588.8,8347.68,0.03
2011-12-09 17:00:00,B3688,0.309,0.0,0.0,47.43,0.309,7588.8,8347.68,0.0
2011-12-09 18:00:00,B3688,1.131,0.0,0.0,47.43,1.131,7588.8,8347.68,0.0
2011-12-09 19:00:00,B3688,1.405,0.0,0.0,47.43,1.405,7588.8,8347.68,0.0
2011-12-09 20:00:00,B3688,0.31,0.0,0.0,47.43,0.31,7588.8,8347.68,0.0
2011-12-09 21:00:00,B3688,0.308,0.0,0.0,47.43,0.308,7588.8,8347.68,0.0
2011-12-09 22:00:00,B3688,0.308,0.0,0.0,47.43,0.308,7588.8,8347.68,0.0
2011-12-09 23:00:00,B3688,0.171,0.0,0.0,47.43,0.171,7588.8,8347.68,0.0
2011-12-10 00:00:00,B3688,0.171,0.0,0.0,47.43,0.171,7588.8,8347.68,0.0
2011-12-10 01:00:00,B3688,0.171,0.0,0.0,47.43,0.171,7588.8,8347.68,0.0
2011-12-10 02:00:00,B3688,0.171,0.0,0.0,47.43,0.171,7588.8,8347.68,0.0
2011-12-10 03:00:00,B3688,0.171,0.0,0.0,47.43,0.171,7588.8,8347.68,0.0
2011-12-10 04:00:00,B3688,0.171,0.0,0.0,47.43,0.171,7588.8,8347.68,0.0
2011-12-10 05:00:00,B3688,0.308,0.0,0.0,47.43,0.308,7588.8,8347.68,0.0
2011-12-10 06:00:00,B3688,1.131,0.0,0.0,47.43,1.131,7588.8,8347.68,0.0
2011-12-10 07:00:00,B3688,0.309,0.0,0.0,47.43,0.309,7588.8,8347.68,0.0
2011-12-10 08:00:00,B3688,2.573,2.4,0.0,47.43,2.543,7588.8,8347.68,0.03
2011-12-10 09:00:00,B3688,2.573,2.4,0.38,47.43,2.113,7588.8,8347.68,0.46
2011-12-10 10:00:00,B3688,2.573,2.4,0.44,47.43,2.0629999999999997,7588.8,8347.68,0.51
2011-12-10 11:00:00,B3688,2.573,2.4,0.4,47.43,2.173,7588.8,8347.68,0.4
2011-12-10 12:00:00,B3688,3.531,2.4,0.47,47.43,3.051,7588.8,8347.68,0.48
2011-12-10 13:00:00,B3688,0.31,0.0,0.64,47.43,-0.37000000000000005,7588.8,8347.68,0.68
2011-12-10 14:00:00,B3688,0.173,0.0,0.63,47.43,-0.5369999999999999,7588.8,8347.68,0.71
2011-12-10 15:00:00,B3688,0.173,0.0,0.39,47.43,-0.28700000000000003,7588.8,8347.68,0.46
2011-12-10 16:00:00,B3688,0.173,0.0,0.0,47.43,0.143,7588.8,8347.68,0.03
2011-12-10 17:00:00,B3688,0.31,0.0,0.0,47.43,0.31,7588.8,8347.68,0.0
2011-12-10 18:00:00,B3688,1.131,0.0,0.0,47.43,1.131,7588.8,8347.68,0.0
2011-12-10 19:00:00,B3688,1.405,0.0,0.0,47.43,1.405,7588.8,8347.68,0.0
2011-12-10 20:00:00,B3688,0.309,0.0,0.0,47.43,0.309,7588.8,8347.68,0.0
2011-12-10 21:00:00,B3688,0.308,0.0,0.0,47.43,0.308,7588.8,8347.68,0.0
2011-12-10 22:00:00,B3688,0.308,0.0,0.0,47.43,0.308,7588.8,8347.68,0.0
2011-12-10 23:00:00,B3688,0.171,0.0,0.0,47.43,0.171,7588.8,8347.68,0.0
2011-12-11 00:00:00,B3688,0.171,0.0,0.0,47.43,0.171,7588.8,8347.68,0.0
2011-12-11 01:00:00,B3688,0.171,0.0,0.0,47.43,0.171,7588.8,8347.68,0.0
2011-12-11 02:00:00,B3688,0.171,0.0,0.0,47.43,0.171,7588.8,8347.68,0.0
2011-12-11 03:00:00,B3688,0.171,0.0,0.0,47.43,0.171,7588.8,8347.68,0.0
2011-12-11 04:00:00,B3688,0.171,0.0,0.0,47.43,0.171,7588.8,8347.68,0.0
2011-12-11 05:00:00,B3688,0.308,0.0,0.0,47.43,0.308,7588.8,8347.68,0.0
2011-12-11 06:00:00,B3688,1.131,0.0,0.0,47.43,1.131,7588.8,8347.68,0.0
2011-12-11 07:00:00,B3688,0.309,0.0,0.0,47.43,0.309,7588.8,8347.68,0.0
2011-12-11 08:00:00,B3688,2.573,2.4,0.38,47.43,2.093,7588.8,8347.68,0.48
2011-12-11 09:00:00,B3688,2.573,2.4,0.67,47.43,1.733,7588.8,8347.68,0.84
2011-12-11 10:00:00,B3688,2.573,2.4,0.9,47.43,1.523,7588.8,8347.68,1.05
2011-12-11 11:00:00,B3688,2.573,2.4,1.06,47.43,1.393,7588.8,8347.68,1.18
2011-12-11 12:00:00,B3688,3.531,2.4,1.04,47.43,2.3810000000000002,7588.8,8347.68,1.15
2011-12-11 13:00:00,B3688,0.31,0.0,0.9,47.43,-0.7,7588.8,8347.68,1.01
2011-12-11 14:00:00,B3688,0.173,0.0,0.69,47.43,-0.597,7588.8,8347.68,0.77
2011-12-11 15:00:00,B3688,0.173,0.0,0.41,47.43,-0.307,7588.8,8347.68,0.48
2011-12-11 16:00:00,B3688,0.173,0.0,0.0,47.43,0.143,7588.8,8347.68,0.03
2011-12-11 17:00:00,B3688,0.309,0.0,0.0,47.43,0.309,7588.8,8347.68,0.0
2011-12-11 18:00:00,B3688,1.131,0.0,0.0,47.43,1.131,7588.8,8347.68,0.0
2011-12-11 19:00:00,B3688,1.403,0.0,0.0,47.43,1.403,7588.8,8347.68,0.0
2011-12-11 20:00:00,B3688,0.309,0.0,0.0,47.43,0.309,7588.8,8347.68,0.0
2011-12-11 21:00:00,B3688,0.308,0.0,0.0,47.43,0.308,7588.8,8347.68,0.0
2011-12-11 22:00:00,B3688,0.308,0.0,0.0,47.43,0.308,7588.8,8347.68,0.0
2011-12-11 23:00:00,B3688,0.171,0.0,0.0,47.43,0.171,7588.8,8347.68,0.0
2011-12-12 00:00:00,B3688,2.571,2.4,0.0,47.43,2.571,7588.8,8347.68,0.0
2011-12-12 01:00:00,B3688,2.571,2.4,0.0,47.43,2.571,7588.8,8347.68,0.0
2011-12-12 02:00:00,B3688,2.571,2.4,0.0,47.43,2.571,7588.8,8347.68,0.0
2011-12-12 03:00:00,B3688,2.571,2.4,0.0,47.43,2.571,7588.8,8347.68,0.0
2011-12-12 04:00:00,B3688,2.571,2.4,0.0,47.43,2.571,7588.8,8347.68,0.0
2011-12-12 05:00:00,B3688,0.308,0.0,0.0,47.43,0.308,7588.8,8347.68,0.0
2011-12-12 06:00:00,B3688,1.131,0.0,0.0,47.43,1.131,7588.8,8347.68,0.0
2011-12-12 07:00:00,B3688,0.31,0.0,0.0,47.43,0.31,7588.8,8347.68,0.0
2011-12-12 08:00:00,B3688,0.173,0.0,0.29,47.43,-0.22700000000000004,7588.8,8347.68,0.4
2011-12-12 09:00:00,B3688,0.173,0.0,0.57,47.43,-0.5569999999999999,7588.8,8347.68,0.73
2011-12-12 10:00:00,B3688,0.173,0.0,0.77,47.43,-0.7270000000000001,7588.8,8347.68,0.9
2011-12-12 11:00:00,B3688,0.173,0.0,1.01,47.43,-0.9470000000000001,7588.8,8347.68,1.12
2011-12-12 12:00:00,B3688,1.131,0.0,1.21,47.43,-0.21900000000000008,7588.8,8347.68,1.35
2011-12-12 13:00:00,B3688,0.309,0.0,1.1,47.43,-0.931,7588.8,8347.68,1.24
2011-12-12 14:00:00,B3688,0.173,0.0,0.82,47.43,-0.7669999999999999,7588.8,8347.68,0.94
2011-12-12 15:00:00,B3688,0.173,0.0,0.48,47.43,-0.35700000000000004,7588.8,8347.68,0.53
2011-12-12 16:00:00,B3688,0.173,0.0,0.0,47.43,0.153,7588.8,8347.68,0.02
2011-12-12 17:00:00,B3688,0.309,0.0,0.0,47.43,0.309,7588.8,8347.68,0.0
2011-12-12 18:00:00,B3688,1.131,0.0,0.0,47.43,1.131,7588.8,8347.68,0.0
2011-12-12 19:00:00,B3688,1.403,0.0,0.0,47.43,1.403,7588.8,8347.68,0.0
2011-12-12 20:00:00,B3688,0.31,0.0,0.0,47.43,0.31,7588.8,8347.68,0.0
2011-12-12 21:00:00,B3688,0.308,0.0,0.0,47.43,0.308,7588.8,8347.68,0.0
2011-12-12 22:00:00,B3688,0.308,0.0,0.0,47.43,0.308,7588.8,8347.68,0.0
2011-12-12 23:00:00,B3688,0.171,0.0,0.0,47.43,0.171,7588.8,8347.68,0.0
2011-12-13 00:00:00,B3688,2.571,2.4,0.0,47.43,2.571,7588.8,8347.68,0.0
2011-12-13 01:00:00,B3688,2.571,2.4,0.0,47.43,2.571,7588.8,8347.68,0.0
2011-12-13 02:00:00,B3688,2.571,2.4,0.0,47.43,2.571,7588.8,8347.68,0.0
2011-12-13 03:00:00,B3688,2.571,2.4,0.0,47.43,2.571,7588.8,8347.68,0.0
2011-12-13 04:00:00,B3688,2.571,2.4,0.0,47.43,2.571,7588.8,8347.68,0.0
2011-12-13 05:00:00,B3688,0.308,0.0,0.0,47.43,0.308,7588.8,8347.68,0.0
2011-12-13 06:00:00,B3688,1.131,0.0,0.0,47.43,1.131,7588.8,8347.68,0.0
2011-12-13 07:00:00,B3688,0.31,0.0,0.0,47.43,0.31,7588.8,8347.68,0.0
2011-12-13 08:00:00,B3688,0.173,0.0,0.19,47.43,-0.11699999999999999,7588.8,8347.68,0.29
2011-12-13 09:00:00,B3688,0.173,0.0,0.4,47.43,-0.38700000000000007,7588.8,8347.68,0.56
2011-12-13 10:00:00,B3688,0.173,0.0,0.65,47.43,-0.597,7588.8,8347.68,0.77
2011-12-13 11:00:00,B3688,0.173,0.0,0.96,47.43,-0.897,7588.8,8347.68,1.07
2011-12-13 12:00:00,B3688,1.13,0.0,0.93,47.43,0.09999999999999987,7588.8,8347.68,1.03
2011-12-13 13:00:00,B3688,0.309,0.0,0.75,47.43,-0.5309999999999999,7588.8,8347.68,0.84
2011-12-13 14:00:00,B3688,0.173,0.0,0.64,47.43,-0.5369999999999999,7588.8,8347.68,0.71
2011-12-13 15:00:00,B3688,0.173,0.0,0.4,47.43,-0.297,7588.8,8347.68,0.47
2011-12-13 16:00:00,B3688,0.173,0.0,0.0,47.43,0.13299999999999998,7588.8,8347.68,0.04
2011-12-13 17:00:00,B3688,0.309,0.0,0.0,47.43,0.309,7588.8,8347.68,0.0
2011-12-13 18:00:00,B3688,1.13,0.0,0.0,47.43,1.13,7588.8,8347.68,0.0
2011-12-13 19:00:00,B3688,1.403,0.0,0.0,47.43,1.403,7588.8,8347.68,0.0
2011-12-13 20:00:00,B3688,0.31,0.0,0.0,47.43,0.31,7588.8,8347.68,0.0
2011-12-13 21:00:00,B3688,0.308,0.0,0.0,47.43,0.308,7588.8,8347.68,0.0
2011-12-13 22:00:00,B3688,0.308,0.0,0.0,47.43,0.308,7588.8,8347.68,0.0
2011-12-13 23:00:00,B3688,0.171,0.0,0.0,47.43,0.171,7588.8,8347.68,0.0
2011-12-14 00:00:00,B3688,2.571,2.4,0.0,47.43,2.571,7588.8,8347.68,0.0
2011-12-14 01:00:00,B3688,2.571,2.4,0.0,47.43,2.571,7588.8,8347.68,0.0
2011-12-14 02:00:00,B3688,2.571,2.4,0.0,47.43,2.571,7588.8,8347.68,0.0
2011-12-14 03:00:00,B3688,2.571,2.4,0.0,47.43,2.571,7588.8,8347.68,0.0
2011-12-14 04:00:00,B3688,2.571,2.4,0.0,47.43,2.571,7588.8,8347.68,0.0
2011-12-14 05:00:00,B3688,0.308,0.0,0.0,47.43,0.308,7588.8,8347.68,0.0
2011-12-14 06:00:00,B3688,1.131,0.0,0.0,47.43,1.131,7588.8,8347.68,0.0
2011-12-14 07:00:00,B3688,0.31,0.0,0.0,47.43,0.31,7588.8,8347.68,0.0
2011-12-14 08:00:00,B3688,0.173,0.0,0.38,47.43,-0.327,7588.8,8347.68,0.5
2011-12-14 09:00:00,B3688,0.173,0.0,0.75,47.43,-0.7570000000000001,7588.8,8347.68,0.93
2011-12-14 10:00:00,B3688,0.173,0.0,1.0,47.43,-0.9969999999999999,7588.8,8347.68,1.17
2011-12-14 11:00:00,B3688,0.173,0.0,0.85,47.43,-0.7570000000000001,7588.8,8347.68,0.93
2011-12-14 12:00:00,B3688,1.13,0.0,0.64,47.43,0.42999999999999994,7588.8,8347.68,0.7
2011-12-14 13:00:00,B3688,0.309,0.0,0.62,47.43,-0.40099999999999997,7588.8,8347.68,0.71
2011-12-14 14:00:00,B3688,0.173,0.0,0.56,47.43,-0.457,7588.8,8347.68,0.63
2011-12-14 15:00:00,B3688,0.173,0.0,0.37,47.43,-0.267,7588.8,8347.68,0.44
2011-12-14 16:00:00,B3688,0.173,0.0,0.0,47.43,0.143,7588.8,8347.68,0.03
2011-12-14 17:00:00,B3688,0.309,0.0,0.0,47.43,0.309,7588.8,8347.68,0.0
2011-12-14 18:00:00,B3688,1.131,0.0,0.0,47.43,1.131,7588.8,8347.68,0.0
2011-12-14 19:00:00,B3688,1.403,0.0,0.0,47.43,1.403,7588.8,8347.68,0.0
2011-12-14 20:00:00,B3688,0.31,0.0,0.0,47.43,0.31,7588.8,8347.68,0.0
2011-12-14 21:00:00,B3688,0.308,0.0,0.0,47.43,0.308,7588.8,8347.68,0.0
2011-12-14 22:00:00,B3688,0.308,0.0,0.0,47.43,0.308,7588.8,8347.68,0.0
2011-12-14 23:00:00,B3688,0.171,0.0,0.0,47.43,0.171,7588.8,8347.68,0.0
2011-12-15 00:00:00,B3688,2.571,2.4,0.0,47.43,2.571,7588.8,8347.68,0.0
2011-12-15 01:00:00,B3688,2.571,2.4,0.0,47.43,2.571,7588.8,8347.68,0.0
2011-12-15 02:00:00,B3688,2.571,2.4,0.0,47.43,2.571,7588.8,8347.68,0.0
2011-12-15 03:00:00,B3688,2.571,2.4,0.0,47.43,2.571,7588.8,8347.68,0.0
2011-12-15 04:00:00,B3688,2.571,2.4,0.0,47.43,2.571,7588.8,8347.68,0.0
2011-12-15 05:00:00,B3688,0.308,0.0,0.0,47.43,0.308,7588.8,8347.68,0.0
2011-12-15 06:00:00,B3688,1.131,0.0,0.0,47.43,1.131,7588.8,8347.68,0.0
2011-12-15 07:00:00,B3688,0.31,0.0,0.0,47.43,0.31,7588.8,8347.68,0.0
2011-12-15 08:00:00,B3688,0.173,0.0,0.24,47.43,-0.177,7588.8,8347.68,0.35
2011-12-15 09:00:00,B3688,0.173,0.0,0.51,47.43,-0.5169999999999999,7588.8,8347.68,0.69
2011-12-15 10:00:00,B3688,0.173,0.0,0.61,47.43,-0.567,7588.8,8347.68,0.74
2011-12-15 11:00:00,B3688,0.173,0.0,0.77,47.43,-0.667,7588.8,8347.68,0.84
2011-12-15 12:00:00,B3688,1.131,0.0,0.89,47.43,0.15100000000000002,7588.8,8347.68,0.98
2011-12-15 13:00:00,B3688,0.309,0.0,0.87,47.43,-0.671,7588.8,8347.68,0.98
2011-12-15 14:00:00,B3688,0.173,0.0,0.78,47.43,-0.7270000000000001,7588.8,8347.68,0.9
2011-12-15 15:00:00,B3688,0.173,0.0,0.49,47.43,-0.39699999999999996,7588.8,8347.68,0.57
2011-12-15 16:00:00,B3688,0.173,0.0,0.0,47.43,0.13299999999999998,7588.8,8347.68,0.04
2011-12-15 17:00:00,B3688,0.309,0.0,0.0,47.43,0.309,7588.8,8347.68,0.0
2011-12-15 18:00:00,B3688,1.131,0.0,0.0,47.43,1.131,7588.8,8347.68,0.0
2011-12-15 19:00:00,B3688,1.403,0.0,0.0,47.43,1.403,7588.8,8347.68,0.0
2011-12-15 20:00:00,B3688,0.31,0.0,0.0,47.43,0.31,7588.8,8347.68,0.0
2011-12-15 21:00:00,B3688,0.308,0.0,0.0,47.43,0.308,7588.8,8347.68,0.0
2011-12-15 22:00:00,B3688,0.308,0.0,0.0,47.43,0.308,7588.8,8347.68,0.0
2011-12-15 23:00:00,B3688,0.171,0.0,0.0,47.43,0.171,7588.8,8347.68,0.0
2011-12-16 00:00:00,B3688,2.571,2.4,0.0,47.43,2.571,7588.8,8347.68,0.0
2011-12-16 01:00:00,B3688,2.571,2.4,0.0,47.43,2.571,7588.8,8347.68,0.0
2011-12-16 02:00:00,B3688,2.571,2.4,0.0,47.43,2.571,7588.8,8347.68,0.0
2011-12-16 03:00:00,B3688,2.571,2.4,0.0,47.43,2.571,7588.8,8347.68,0.0
2011-12-16 04:00:00,B3688,2.571,2.4,0.0,47.43,2.571,7588.8,8347.68,0.0
2011-12-16 05:00:00,B3688,0.308,0.0,0.0,47.43,0.308,7588.8,8347.68,0.0
2011-12-16 06:00:00,B3688,1.131,0.0,0.0,47.43,1.131,7588.8,8347.68,0.0
2011-12-16 07:00:00,B3688,0.31,0.0,0.0,47.43,0.31,7588.8,8347.68,0.0
2011-12-16 08:00:00,B3688,0.173,0.0,0.27,47.43,-0.197,7588.8,8347.68,0.37
2011-12-16 09:00:00,B3688,0.173,0.0,0.48,47.43,-0.447,7588.8,8347.68,0.62
2011-12-16 10:00:00,B3688,0.173,0.0,0.57,47.43,-0.49700000000000005,7588.8,8347.68,0.67
2011-12-16 11:00:00,B3688,0.173,0.0,0.72,47.43,-0.607,7588.8,8347.68,0.78
2011-12-16 12:00:00,B3688,1.13,0.0,0.81,47.43,0.23999999999999988,7588.8,8347.68,0.89
2011-12-16 13:00:00,B3688,0.309,0.0,0.68,47.43,-0.451,7588.8,8347.68,0.76
2011-12-16 14:00:00,B3688,0.173,0.0,0.53,47.43,-0.38700000000000007,7588.8,8347.68,0.56
2011-12-16 15:00:00,B3688,0.173,0.0,0.41,47.43,-0.28700000000000003,7588.8,8347.68,0.46
2011-12-16 16:00:00,B3688,0.173,0.0,0.0,47.43,0.143,7588.8,8347.68,0.03
2011-12-16 17:00:00,B3688,0.309,0.0,0.0,47.43,0.309,7588.8,8347.68,0.0
2011-12-16 18:00:00,B3688,1.13,0.0,0.0,47.43,1.13,7588.8,8347.68,0.0
2011-12-16 19:00:00,B3688,1.403,0.0,0.0,47.43,1.403,7588.8,8347.68,0.0
2011-12-16 20:00:00,B3688,0.31,0.0,0.0,47.43,0.31,7588.8,8347.68,0.0
2011-12-16 21:00:00,B3688,0.308,0.0,0.0,47.43,0.308,7588.8,8347.68,0.0
2011-12-16 22:00:00,B3688,0.308,0.0,0.0,47.43,0.308,7588.8,8347.68,0.0
2011-12-16 23:00:00,B3688,0.171,0.0,0.0,47.43,0.171,7588.8,8347.68,0.0
2011-12-17 00:00:00,B3688,0.171,0.0,0.0,47.43,0.171,7588.8,8347.68,0.0
2011-12-17 01:00:00,B3688,0.171,0.0,0.0,47.43,0.171,7588.8,8347.68,0.0
2011-12-17 02:00:00,B3688,0.171,0.0,0.0,47.43,0.171,7588.8,8347.68,0.0
2011-12-17 03:00:00,B3688,0.171,0.0,0.0,47.43,0.171,7588.8,8347.68,0.0
2011-12-17 04:00:00,B3688,0.171,0.0,0.0,47.43,0.171,7588.8,8347.68,0.0
2011-12-17 05:00:00,B3688,0.308,0.0,0.0,47.43,0.308,7588.8,8347.68,0.0
2011-12-17 06:00:00,B3688,1.131,0.0,0.0,47.43,1.131,7588.8,8347.68,0.0
2011-12-17 07:00:00,B3688,0.309,0.0,0.0,47.43,0.309,7588.8,8347.68,0.0
2011-12-17 08:00:00,B3688,2.573,2.4,0.21,47.43,2.273,7588.8,8347.68,0.3
2011-12-17 09:00:00,B3688,2.573,2.4,0.51,47.43,1.8929999999999998,7588.8,8347.68,0.68
2011-12-17 10:00:00,B3688,2.573,2.4,0.79,47.43,1.633,7588.8,8347.68,0.94
2011-12-17 11:00:00,B3688,2.573,2.4,1.02,47.43,1.4529999999999998,7588.8,8347.68,1.12
2011-12-17 12:00:00,B3688,3.531,2.4,1.09,47.43,2.321,7588.8,8347.68,1.21
2011-12-17 13:00:00,B3688,0.31,0.0,0.91,47.43,-0.71,7588.8,8347.68,1.02
2011-12-17 14:00:00,B3688,0.173,0.0,0.64,47.43,-0.5070000000000001,7588.8,8347.68,0.68
2011-12-17 15:00:00,B3688,0.173,0.0,0.43,47.43,-0.277,7588.8,8347.68,0.45
2011-12-17 16:00:00,B3688,0.173,0.0,0.0,47.43,0.173,7588.8,8347.68,0.0
2011-12-17 17:00:00,B3688,0.31,0.0,0.0,47.43,0.31,7588.8,8347.68,0.0
2011-12-17 18:00:00,B3688,1.131,0.0,0.0,47.43,1.131,7588.8,8347.68,0.0
2011-12-17 19:00:00,B3688,1.405,0.0,0.0,47.43,1.405,7588.8,8347.68,0.0
2011-12-17 20:00:00,B3688,0.309,0.0,0.0,47.43,0.309,7588.8,8347.68,0.0
2011-12-17 21:00:00,B3688,0.308,0.0,0.0,47.43,0.308,7588.8,8347.68,0.0
2011-12-17 22:00:00,B3688,0.308,0.0,0.0,47.43,0.308,7588.8,8347.68,0.0
2011-12-17 23:00:00,B3688,0.171,0.0,0.0,47.43,0.171,7588.8,8347.68,0.0
2011-12-18 00:00:00,B3688,0.171,0.0,0.0,47.43,0.171,7588.8,8347.68,0.0
2011-12-18 01:00:00,B3688,0.171,0.0,0.0,47.43,0.171,7588.8,8347.68,0.0
2011-12-18 02:00:00,B3688,0.171,0.0,0.0,47.43,0.171,7588.8,8347.68,0.0
2011-12-18 03:00:00,B3688,0.171,0.0,0.0,47.43,0.171,7588.8,8347.68,0.0
2011-12-18 04:00:00,B3688,0.171,0.0,0.0,47.43,0.171,7588.8,8347.68,0.0
2011-12-18 05:00:00,B3688,0.308,0.0,0.0,47.43,0.308,7588.8,8347.68,0.0
2011-12-18 06:00:00,B3688,1.131,0.0,0.0,47.43,1.131,7588.8,8347.68,0.0
2011-12-18 07:00:00,B3688,0.309,0.0,0.0,47.43,0.309,7588.8,8347.68,0.0
2011-12-18 08:00:00,B3688,2.573,2.4,0.0,47.43,2.573,7588.8,8347.68,0.0
2011-12-18 09:00:00,B3688,2.573,2.4,0.36,47.43,2.043,7588.8,8347.68,0.53
2011-12-18 10:00:00,B3688,2.573,2.4,0.48,47.43,1.983,7588.8,8347.68,0.59
2011-12-18 11:00:00,B3688,2.573,2.4,0.57,47.43,1.963,7588.8,8347.68,0.61
2011-12-18 12:00:00,B3688,3.531,2.4,0.57,47.43,2.891,7588.8,8347.68,0.64
2011-12-18 13:00:00,B3688,0.31,0.0,0.54,47.43,-0.31,7588.8,8347.68,0.62
2011-12-18 14:00:00,B3688,0.173,0.0,0.5,47.43,-0.407,7588.8,8347.68,0.58
2011-12-18 15:00:00,B3688,0.173,0.0,0.37,47.43,-0.28700000000000003,7588.8,8347.68,0.46
2011-12-18 16:00:00,B3688,0.173,0.0,0.0,47.43,0.12299999999999998,7588.8,8347.68,0.05
2011-12-18 17:00:00,B3688,0.309,0.0,0.0,47.43,0.309,7588.8,8347.68,0.0
2011-12-18 18:00:00,B3688,1.131,0.0,0.0,47.43,1.131,7588.8,8347.68,0.0
2011-12-18 19:00:00,B3688,1.405,0.0,0.0,47.43,1.405,7588.8,8347.68,0.0
2011-12-18 20:00:00,B3688,0.309,0.0,0.0,47.43,0.309,7588.8,8347.68,0.0
2011-12-18 21:00:00,B3688,0.308,0.0,0.0,47.43,0.308,7588.8,8347.68,0.0
2011-12-18 22:00:00,B3688,0.308,0.0,0.0,47.43,0.308,7588.8,8347.68,0.0
2011-12-18 23:00:00,B3688,0.171,0.0,0.0,47.43,0.171,7588.8,8347.68,0.0
2011-12-19 00:00:00,B3688,2.571,2.4,0.0,47.43,2.571,7588.8,8347.68,0.0
2011-12-19 01:00:00,B3688,2.571,2.4,0.0,47.43,2.571,7588.8,8347.68,0.0
2011-12-19 02:00:00,B3688,2.571,2.4,0.0,47.43,2.571,7588.8,8347.68,0.0
2011-12-19 03:00:00,B3688,2.571,2.4,0.0,47.43,2.571,7588.8,8347.68,0.0
2011-12-19 04:00:00,B3688,2.571,2.4,0.0,47.43,2.571,7588.8,8347.68,0.0
2011-12-19 05:00:00,B3688,0.308,0.0,0.0,47.43,0.308,7588.8,8347.68,0.0
2011-12-19 06:00:00,B3688,1.131,0.0,0.0,47.43,1.131,7588.8,8347.68,0.0
2011-12-19 07:00:00,B3688,0.31,0.0,0.0,47.43,0.31,7588.8,8347.68,0.0
2011-12-19 08:00:00,B3688,0.173,0.0,0.0,47.43,0.173,7588.8,8347.68,0.0
2011-12-19 09:00:00,B3688,0.173,0.0,0.81,47.43,-0.827,7588.8,8347.68,1.0
2011-12-19 10:00:00,B3688,0.173,0.0,0.79,47.43,-0.7669999999999999,7588.8,8347.68,0.94
2011-12-19 11:00:00,B3688,0.173,0.0,0.58,47.43,-0.457,7588.8,8347.68,0.63
2011-12-19 12:00:00,B3688,1.131,0.0,0.53,47.43,0.541,7588.8,8347.68,0.59
2011-12-19 13:00:00,B3688,0.309,0.0,0.51,47.43,-0.28099999999999997,7588.8,8347.68,0.59
2011-12-19 14:00:00,B3688,0.173,0.0,0.47,47.43,-0.37700000000000006,7588.8,8347.68,0.55
2011-12-19 15:00:00,B3688,0.173,0.0,0.35,47.43,-0.267,7588.8,8347.68,0.44
2011-12-19 16:00:00,B3688,0.173,0.0,0.0,47.43,0.12299999999999998,7588.8,8347.68,0.05
2011-12-19 17:00:00,B3688,0.309,0.0,0.0,47.43,0.309,7588.8,8347.68,0.0
2011-12-19 18:00:00,B3688,1.131,0.0,0.0,47.43,1.131,7588.8,8347.68,0.0
2011-12-19 19:00:00,B3688,1.405,0.0,0.0,47.43,1.405,7588.8,8347.68,0.0
2011-12-19 20:00:00,B3688,0.31,0.0,0.0,47.43,0.31,7588.8,8347.68,0.0
2011-12-19 21:00:00,B3688,0.308,0.0,0.0,47.43,0.308,7588.8,8347.68,0.0
2011-12-19 22:00:00,B3688,0.308,0.0,0.0,47.43,0.308,7588.8,8347.68,0.0
2011-12-19 23:00:00,B3688,0.171,0.0,0.0,47.43,0.171,7588.8,8347.68,0.0
2011-12-20 00:00:00,B3688,2.571,2.4,0.0,47.43,2.571,7588.8,8347.68,0.0
2011-12-20 01:00:00,B3688,2.571,2.4,0.0,47.43,2.571,7588.8,8347.68,0.0
2011-12-20 02:00:00,B3688,2.571,2.4,0.0,47.43,2.571,7588.8,8347.68,0.0
2011-12-20 03:00:00,B3688,2.571,2.4,0.0,47.43,2.571,7588.8,8347.68,0.0
2011-12-20 04:00:00,B3688,2.571,2.4,0.0,47.43,2.571,7588.8,8347.68,0.0
2011-12-20 05:00:00,B3688,0.308,0.0,0.0,47.43,0.308,7588.8,8347.68,0.0
2011-12-20 06:00:00,B3688,1.131,0.0,0.0,47.43,1.131,7588.8,8347.68,0.0
2011-12-20 07:00:00,B3688,0.31,0.0,0.0,47.43,0.31,7588.8,8347.68,0.0
2011-12-20 08:00:00,B3688,0.173,0.0,0.0,47.43,0.173,7588.8,8347.68,0.0
2011-12-20 09:00:00,B3688,0.173,0.0,0.36,47.43,-0.34700000000000003,7588.8,8347.68,0.52
2011-12-20 10:00:00,B3688,0.173,0.0,0.46,47.43,-0.39699999999999996,7588.8,8347.68,0.57
2011-12-20 11:00:00,B3688,0.173,0.0,0.53,47.43,-0.407,7588.8,8347.68,0.58
2011-12-20 12:00:00,B3688,1.131,0.0,0.56,47.43,0.501,7588.8,8347.68,0.63
2011-12-20 13:00:00,B3688,0.309,0.0,0.54,47.43,-0.311,7588.8,8347.68,0.62
2011-12-20 14:00:00,B3688,0.173,0.0,0.49,47.43,-0.39699999999999996,7588.8,8347.68,0.57
2011-12-20 15:00:00,B3688,0.173,0.0,0.36,47.43,-0.267,7588.8,8347.68,0.44
2011-12-20 16:00:00,B3688,0.173,0.0,0.0,47.43,0.13299999999999998,7588.8,8347.68,0.04
2011-12-20 17:00:00,B3688,0.309,0.0,0.0,47.43,0.309,7588.8,8347.68,0.0
2011-12-20 18:00:00,B3688,1.131,0.0,0.0,47.43,1.131,7588.8,8347.68,0.0
2011-12-20 19:00:00,B3688,1.405,0.0,0.0,47.43,1.405,7588.8,8347.68,0.0
2011-12-20 20:00:00,B3688,0.31,0.0,0.0,47.43,0.31,7588.8,8347.68,0.0
2011-12-20 21:00:00,B3688,0.308,0.0,0.0,47.43,0.308,7588.8,8347.68,0.0
2011-12-20 22:00:00,B3688,0.308,0.0,0.0,47.43,0.308,7588.8,8347.68,0.0
2011-12-20 23:00:00,B3688,0.171,0.0,0.0,47.43,0.171,7588.8,8347.68,0.0
2011-12-21 00:00:00,B3688,2.571,2.4,0.0,47.43,2.571,7588.8,8347.68,0.0
2011-12-21 01:00:00,B3688,2.571,2.4,0.0,47.43,2.571,7588.8,8347.68,0.0
2011-12-21 02:00:00,B3688,2.571,2.4,0.0,47.43,2.571,7588.8,8347.68,0.0
2011-12-21 03:00:00,B3688,2.571,2.4,0.0,47.43,2.571,7588.8,8347.68,0.0
2011-12-21 04:00:00,B3688,2.571,2.4,0.0,47.43,2.571,7588.8,8347.68,0.0
2011-12-21 05:00:00,B3688,0.308,0.0,0.0,47.43,0.308,7588.8,8347.68,0.0
2011-12-21 06:00:00,B3688,1.131,0.0,0.0,47.43,1.131,7588.8,8347.68,0.0
2011-12-21 07:00:00,B3688,0.31,0.0,0.0,47.43,0.31,7588.8,8347.68,0.0
2011-12-21 08:00:00,B3688,0.173,0.0,0.0,47.43,0.173,7588.8,8347.68,0.0
2011-12-21 09:00:00,B3688,0.173,0.0,0.43,47.43,-0.427,7588.8,8347.68,0.6
2011-12-21 10:00:00,B3688,0.173,0.0,0.62,47.43,-0.567,7588.8,8347.68,0.74
2011-12-21 11:00:00,B3688,0.173,0.0,0.89,47.43,-0.8069999999999999,7588.8,8347.68,0.98
2011-12-21 12:00:00,B3688,1.131,0.0,1.02,47.43,0.001000000000000112,7588.8,8347.68,1.13
2011-12-21 13:00:00,B3688,0.309,0.0,0.87,47.43,-0.671,7588.8,8347.68,0.98
2011-12-21 14:00:00,B3688,0.173,0.0,0.65,47.43,-0.5569999999999999,7588.8,8347.68,0.73
2011-12-21 15:00:00,B3688,0.173,0.0,0.4,47.43,-0.307,7588.8,8347.68,0.48
2011-12-21 16:00:00,B3688,0.173,0.0,0.0,47.43,0.13299999999999998,7588.8,8347.68,0.04
2011-12-21 17:00:00,B3688,0.309,0.0,0.0,47.43,0.309,7588.8,8347.68,0.0
2011-12-21 18:00:00,B3688,1.131,0.0,0.0,47.43,1.131,7588.8,8347.68,0.0
2011-12-21 19:00:00,B3688,1.405,0.0,0.0,47.43,1.405,7588.8,8347.68,0.0
2011-12-21 20:00:00,B3688,0.31,0.0,0.0,47.43,0.31,7588.8,8347.68,0.0
2011-12-21 21:00:00,B3688,0.308,0.0,0.0,47.43,0.308,7588.8,8347.68,0.0
2011-12-21 22:00:00,B3688,0.308,0.0,0.0,47.43,0.308,7588.8,8347.68,0.0
2011-12-21 23:00:00,B3688,0.171,0.0,0.0,47.43,0.171,7588.8,8347.68,0.0
2011-12-22 00:00:00,B3688,2.571,2.4,0.0,47.43,2.571,7588.8,8347.68,0.0
2011-12-22 01:00:00,B3688,2.571,2.4,0.0,47.43,2.571,7588.8,8347.68,0.0
2011-12-22 02:00:00,B3688,2.571,2.4,0.0,47.43,2.571,7588.8,8347.68,0.0
2011-12-22 03:00:00,B3688,2.571,2.4,0.0,47.43,2.571,7588.8,8347.68,0.0
2011-12-22 04:00:00,B3688,2.571,2.4,0.0,47.43,2.571,7588.8,8347.68,0.0
2011-12-22 05:00:00,B3688,0.308,0.0,0.0,47.43,0.308,7588.8,8347.68,0.0
2011-12-22 06:00:00,B3688,1.131,0.0,0.0,47.43,1.131,7588.8,8347.68,0.0
2011-12-22 07:00:00,B3688,0.31,0.0,0.0,47.43,0.31,7588.8,8347.68,0.0
2011-12-22 08:00:00,B3688,0.173,0.0,0.0,47.43,0.173,7588.8,8347.68,0.0
2011-12-22 09:00:00,B3688,0.173,0.0,0.59,47.43,-0.567,7588.8,8347.68,0.74
2011-12-22 10:00:00,B3688,0.173,0.0,0.84,47.43,-0.817,7588.8,8347.68,0.99
2011-12-22 11:00:00,B3688,0.173,0.0,1.12,47.43,-1.077,7588.8,8347.68,1.25
2011-12-22 12:00:00,B3688,1.131,0.0,1.24,47.43,-0.2390000000000001,7588.8,8347.68,1.37
2011-12-22 13:00:00,B3688,0.309,0.0,1.12,47.43,-0.9510000000000001,7588.8,8347.68,1.26
2011-12-22 14:00:00,B3688,0.173,0.0,0.88,47.43,-0.837,7588.8,8347.68,1.01
2011-12-22 15:00:00,B3688,0.173,0.0,0.51,47.43,-0.37700000000000006,7588.8,8347.68,0.55
2011-12-22 16:00:00,B3688,0.173,0.0,0.0,47.43,0.173,7588.8,8347.68,0.0
2011-12-22 17:00:00,B3688,0.309,0.0,0.0,47.43,0.309,7588.8,8347.68,0.0
2011-12-22 18:00:00,B3688,1.131,0.0,0.0,47.43,1.131,7588.8,8347.68,0.0
2011-12-22 19:00:00,B3688,1.405,0.0,0.0,47.43,1.405,7588.8,8347.68,0.0
2011-12-22 20:00:00,B3688,0.31,0.0,0.0,47.43,0.31,7588.8,8347.68,0.0
2011-12-22 21:00:00,B3688,0.308,0.0,0.0,47.43,0.308,7588.8,8347.68,0.0
2011-12-22 22:00:00,B3688,0.308,0.0,0.0,47.43,0.308,7588.8,8347.68,0.0
2011-12-22 23:00:00,B3688,0.171,0.0,0.0,47.43,0.171,7588.8,8347.68,0.0
2011-12-23 00:00:00,B3688,2.571,2.4,0.0,47.43,2.571,7588.8,8347.68,0.0
2011-12-23 01:00:00,B3688,2.571,2.4,0.0,47.43,2.571,7588.8,8347.68,0.0
2011-12-23 02:00:00,B3688,2.571,2.4,0.0,47.43,2.571,7588.8,8347.68,0.0
2011-12-23 03:00:00,B3688,2.571,2.4,0.0,47.43,2.571,7588.8,8347.68,0.0
2011-12-23 04:00:00,B3688,2.571,2.4,0.0,47.43,2.571,7588.8,8347.68,0.0
2011-12-23 05:00:00,B3688,0.308,0.0,0.0,47.43,0.308,7588.8,8347.68,0.0
2011-12-23 06:00:00,B3688,1.131,0.0,0.0,47.43,1.131,7588.8,8347.68,0.0
2011-12-23 07:00:00,B3688,0.31,0.0,0.0,47.43,0.31,7588.8,8347.68,0.0
2011-12-23 08:00:00,B3688,0.173,0.0,0.0,47.43,0.173,7588.8,8347.68,0.0
2011-12-23 09:00:00,B3688,0.173,0.0,0.68,47.43,-0.667,7588.8,8347.68,0.84
2011-12-23 10:00:00,B3688,0.173,0.0,1.06,47.43,-1.067,7588.8,8347.68,1.24
2011-12-23 11:00:00,B3688,0.173,0.0,1.24,47.43,-1.2069999999999999,7588.8,8347.68,1.38
2011-12-23 12:00:00,B3688,1.131,0.0,1.26,47.43,-0.2689999999999999,7588.8,8347.68,1.4
2011-12-23 13:00:00,B3688,0.309,0.0,1.12,47.43,-0.9510000000000001,7588.8,8347.68,1.26
2011-12-23 14:00:00,B3688,0.173,0.0,0.85,47.43,-0.8069999999999999,7588.8,8347.68,0.98
2011-12-23 15:00:00,B3688,0.173,0.0,0.5,47.43,-0.417,7588.8,8347.68,0.59
2011-12-23 16:00:00,B3688,0.173,0.0,0.0,47.43,0.12299999999999998,7588.8,8347.68,0.05
2011-12-23 17:00:00,B3688,0.309,0.0,0.0,47.43,0.309,7588.8,8347.68,0.0
2011-12-23 18:00:00,B3688,1.131,0.0,0.0,47.43,1.131,7588.8,8347.68,0.0
2011-12-23 19:00:00,B3688,1.405,0.0,0.0,47.43,1.405,7588.8,8347.68,0.0
2011-12-23 20:00:00,B3688,0.31,0.0,0.0,47.43,0.31,7588.8,8347.68,0.0
2011-12-23 21:00:00,B3688,0.308,0.0,0.0,47.43,0.308,7588.8,8347.68,0.0
2011-12-23 22:00:00,B3688,0.308,0.0,0.0,47.43,0.308,7588.8,8347.68,0.0
2011-12-23 23:00:00,B3688,0.171,0.0,0.0,47.43,0.171,7588.8,8347.68,0.0
2011-12-24 00:00:00,B3688,0.171,0.0,0.0,47.43,0.171,7588.8,8347.68,0.0
2011-12-24 01:00:00,B3688,0.171,0.0,0.0,47.43,0.171,7588.8,8347.68,0.0
2011-12-24 02:00:00,B3688,0.171,0.0,0.0,47.43,0.171,7588.8,8347.68,0.0
2011-12-24 03:00:00,B3688,0.171,0.0,0.0,47.43,0.171,7588.8,8347.68,0.0
2011-12-24 04:00:00,B3688,0.171,0.0,0.0,47.43,0.171,7588.8,8347.68,0.0
2011-12-24 05:00:00,B3688,0.308,0.0,0.0,47.43,0.308,7588.8,8347.68,0.0
2011-12-24 06:00:00,B3688,1.131,0.0,0.0,47.43,1.131,7588.8,8347.68,0.0
2011-12-24 07:00:00,B3688,0.309,0.0,0.0,47.43,0.309,7588.8,8347.68,0.0
2011-12-24 08:00:00,B3688,2.573,2.4,0.0,47.43,2.573,7588.8,8347.68,0.0
2011-12-24 09:00:00,B3688,2.573,2.4,0.36,47.43,2.043,7588.8,8347.68,0.53
2011-12-24 10:00:00,B3688,2.573,2.4,0.46,47.43,2.003,7588.8,8347.68,0.57
2011-12-24 11:00:00,B3688,2.573,2.4,0.51,47.43,2.013,7588.8,8347.68,0.56
2011-12-24 12:00:00,B3688,3.531,2.4,0.54,47.43,2.931,7588.8,8347.68,0.6
2011-12-24 13:00:00,B3688,0.31,0.0,0.53,47.43,-0.3,7588.8,8347.68,0.61
2011-12-24 14:00:00,B3688,0.173,0.0,0.49,47.43,-0.39699999999999996,7588.8,8347.68,0.57
2011-12-24 15:00:00,B3688,0.173,0.0,0.37,47.43,-0.277,7588.8,8347.68,0.45
2011-12-24 16:00:00,B3688,0.173,0.0,0.0,47.43,0.12299999999999998,7588.8,8347.68,0.05
2011-12-24 17:00:00,B3688,0.31,0.0,0.0,47.43,0.31,7588.8,8347.68,0.0
2011-12-24 18:00:00,B3688,1.131,0.0,0.0,47.43,1.131,7588.8,8347.68,0.0
2011-12-24 19:00:00,B3688,1.405,0.0,0.0,47.43,1.405,7588.8,8347.68,0.0
2011-12-24 20:00:00,B3688,0.309,0.0,0.0,47.43,0.309,7588.8,8347.68,0.0
2011-12-24 21:00:00,B3688,0.308,0.0,0.0,47.43,0.308,7588.8,8347.68,0.0
2011-12-24 22:00:00,B3688,0.308,0.0,0.0,47.43,0.308,7588.8,8347.68,0.0
2011-12-24 23:00:00,B3688,0.171,0.0,0.0,47.43,0.171,7588.8,8347.68,0.0
2011-12-25 00:00:00,B3688,0.171,0.0,0.0,47.43,0.171,7588.8,8347.68,0.0
2011-12-25 01:00:00,B3688,0.171,0.0,0.0,47.43,0.171,7588.8,8347.68,0.0
2011-12-25 02:00:00,B3688,0.171,0.0,0.0,47.43,0.171,7588.8,8347.68,0.0
2011-12-25 03:00:00,B3688,0.171,0.0,0.0,47.43,0.171,7588.8,8347.68,0.0
2011-12-25 04:00:00,B3688,0.171,0.0,0.0,47.43,0.171,7588.8,8347.68,0.0
2011-12-25 05:00:00,B3688,0.308,0.0,0.0,47.43,0.308,7588.8,8347.68,0.0
2011-12-25 06:00:00,B3688,1.131,0.0,0.0,47.43,1.131,7588.8,8347.68,0.0
2011-12-25 07:00:00,B3688,0.309,0.0,0.0,47.43,0.309,7588.8,8347.68,0.0
2011-12-25 08:00:00,B3688,2.573,2.4,0.0,47.43,2.573,7588.8,8347.68,0.0
2011-12-25 09:00:00,B3688,2.573,2.4,0.36,47.43,2.043,7588.8,8347.68,0.53
2011-12-25 10:00:00,B3688,2.573,2.4,0.46,47.43,2.003,7588.8,8347.68,0.57
2011-12-25 11:00:00,B3688,2.573,2.4,0.52,47.43,2.003,7588.8,8347.68,0.57
2011-12-25 12:00:00,B3688,3.531,2.4,0.54,47.43,2.9210000000000003,7588.8,8347.68,0.61
2011-12-25 13:00:00,B3688,0.31,0.0,0.53,47.43,-0.3,7588.8,8347.68,0.61
2011-12-25 14:00:00,B3688,0.173,0.0,0.49,47.43,-0.39699999999999996,7588.8,8347.68,0.57
2011-12-25 15:00:00,B3688,0.173,0.0,0.36,47.43,-0.277,7588.8,8347.68,0.45
2011-12-25 16:00:00,B3688,0.173,0.0,0.0,47.43,0.12299999999999998,7588.8,8347.68,0.05
2011-12-25 17:00:00,B3688,0.309,0.0,0.0,47.43,0.309,7588.8,8347.68,0.0
2011-12-25 18:00:00,B3688,1.131,0.0,0.0,47.43,1.131,7588.8,8347.68,0.0
2011-12-25 19:00:00,B3688,1.405,0.0,0.0,47.43,1.405,7588.8,8347.68,0.0
2011-12-25 20:00:00,B3688,0.309,0.0,0.0,47.43,0.309,7588.8,8347.68,0.0
2011-12-25 21:00:00,B3688,0.308,0.0,0.0,47.43,0.308,7588.8,8347.68,0.0
2011-12-25 22:00:00,B3688,0.308,0.0,0.0,47.43,0.308,7588.8,8347.68,0.0
2011-12-25 23:00:00,B3688,0.171,0.0,0.0,47.43,0.171,7588.8,8347.68,0.0
2011-12-26 00:00:00,B3688,2.571,2.4,0.0,47.43,2.571,7588.8,8347.68,0.0
2011-12-26 01:00:00,B3688,2.571,2.4,0.0,47.43,2.571,7588.8,8347.68,0.0
2011-12-26 02:00:00,B3688,2.571,2.4,0.0,47.43,2.571,7588.8,8347.68,0.0
2011-12-26 03:00:00,B3688,2.571,2.4,0.0,47.43,2.571,7588.8,8347.68,0.0
2011-12-26 04:00:00,B3688,2.571,2.4,0.0,47.43,2.571,7588.8,8347.68,0.0
2011-12-26 05:00:00,B3688,0.308,0.0,0.0,47.43,0.308,7588.8,8347.68,0.0
2011-12-26 06:00:00,B3688,1.131,0.0,0.0,47.43,1.131,7588.8,8347.68,0.0
2011-12-26 07:00:00,B3688,0.31,0.0,0.0,47.43,0.31,7588.8,8347.68,0.0
2011-12-26 08:00:00,B3688,0.173,0.0,0.0,47.43,0.173,7588.8,8347.68,0.0
2011-12-26 09:00:00,B3688,0.173,0.0,0.35,47.43,-0.34700000000000003,7588.8,8347.68,0.52
2011-12-26 10:00:00,B3688,0.173,0.0,0.46,47.43,-0.39699999999999996,7588.8,8347.68,0.57
2011-12-26 11:00:00,B3688,0.173,0.0,0.51,47.43,-0.38700000000000007,7588.8,8347.68,0.56
2011-12-26 12:00:00,B3688,1.131,0.0,0.54,47.43,0.531,7588.8,8347.68,0.6
2011-12-26 13:00:00,B3688,0.309,0.0,0.53,47.43,-0.301,7588.8,8347.68,0.61
2011-12-26 14:00:00,B3688,0.173,0.0,0.48,47.43,-0.38700000000000007,7588.8,8347.68,0.56
2011-12-26 15:00:00,B3688,0.173,0.0,0.36,47.43,-0.277,7588.8,8347.68,0.45
2011-12-26 16:00:00,B3688,0.173,0.0,0.0,47.43,0.12299999999999998,7588.8,8347.68,0.05
2011-12-26 17:00:00,B3688,0.309,0.0,0.0,47.43,0.309,7588.8,8347.68,0.0
2011-12-26 18:00:00,B3688,1.131,0.0,0.0,47.43,1.131,7588.8,8347.68,0.0
2011-12-26 19:00:00,B3688,1.405,0.0,0.0,47.43,1.405,7588.8,8347.68,0.0
2011-12-26 20:00:00,B3688,0.31,0.0,0.0,47.43,0.31,7588.8,8347.68,0.0
2011-12-26 21:00:00,B3688,0.308,0.0,0.0,47.43,0.308,7588.8,8347.68,0.0
2011-12-26 22:00:00,B3688,0.308,0.0,0.0,47.43,0.308,7588.8,8347.68,0.0
2011-12-26 23:00:00,B3688,0.171,0.0,0.0,47.43,0.171,7588.8,8347.68,0.0
2011-12-27 00:00:00,B3688,2.571,2.4,0.0,47.43,2.571,7588.8,8347.68,0.0
2011-12-27 01:00:00,B3688,2.571,2.4,0.0,47.43,2.571,7588.8,8347.68,0.0
2011-12-27 02:00:00,B3688,2.571,2.4,0.0,47.43,2.571,7588.8,8347.68,0.0
2011-12-27 03:00:00,B3688,2.571,2.4,0.0,47.43,2.571,7588.8,8347.68,0.0
2011-12-27 04:00:00,B3688,2.571,2.4,0.0,47.43,2.571,7588.8,8347.68,0.0
2011-12-27 05:00:00,B3688,0.308,0.0,0.0,47.43,0.308,7588.8,8347.68,0.0
2011-12-27 06:00:00,B3688,1.131,0.0,0.0,47.43,1.131,7588.8,8347.68,0.0
2011-12-27 07:00:00,B3688,0.31,0.0,0.0,47.43,0.31,7588.8,8347.68,0.0
2011-12-27 08:00:00,B3688,0.173,0.0,0.0,47.43,0.173,7588.8,8347.68,0.0
2011-12-27 09:00:00,B3688,0.173,0.0,0.36,47.43,-0.35700000000000004,7588.8,8347.68,0.53
2011-12-27 10:00:00,B3688,0.173,0.0,0.47,47.43,-0.407,7588.8,8347.68,0.58
2011-12-27 11:00:00,B3688,0.173,0.0,0.52,47.43,-0.38700000000000007,7588.8,8347.68,0.56
2011-12-27 12:00:00,B3688,1.131,0.0,0.54,47.43,0.521,7588.8,8347.68,0.61
2011-12-27 13:00:00,B3688,0.309,0.0,0.53,47.43,-0.301,7588.8,8347.68,0.61
2011-12-27 14:00:00,B3688,0.173,0.0,0.48,47.43,-0.38700000000000007,7588.8,8347.68,0.56
2011-12-27 15:00:00,B3688,0.173,0.0,0.36,47.43,-0.277,7588.8,8347.68,0.45
2011-12-27 16:00:00,B3688,0.173,0.0,0.0,47.43,0.12299999999999998,7588.8,8347.68,0.05
2011-12-27 17:00:00,B3688,0.309,0.0,0.0,47.43,0.309,7588.8,8347.68,0.0
2011-12-27 18:00:00,B3688,1.131,0.0,0.0,47.43,1.131,7588.8,8347.68,0.0
2011-12-27 19:00:00,B3688,1.405,0.0,0.0,47.43,1.405,7588.8,8347.68,0.0
2011-12-27 20:00:00,B3688,0.31,0.0,0.0,47.43,0.31,7588.8,8347.68,0.0
2011-12-27 21:00:00,B3688,0.308,0.0,0.0,47.43,0.308,7588.8,8347.68,0.0
2011-12-27 22:00:00,B3688,0.308,0.0,0.0,47.43,0.308,7588.8,8347.68,0.0
2011-12-27 23:00:00,B3688,0.171,0.0,0.0,47.43,0.171,7588.8,8347.68,0.0
2011-12-28 00:00:00,B3688,2.571,2.4,0.0,47.43,2.571,7588.8,8347.68,0.0
2011-12-28 01:00:00,B3688,2.571,2.4,0.0,47.43,2.571,7588.8,8347.68,0.0
2011-12-28 02:00:00,B3688,2.571,2.4,0.0,47.43,2.571,7588.8,8347.68,0.0
2011-12-28 03:00:00,B3688,2.571,2.4,0.0,47.43,2.571,7588.8,8347.68,0.0
2011-12-28 04:00:00,B3688,2.571,2.4,0.0,47.43,2.571,7588.8,8347.68,0.0
2011-12-28 05:00:00,B3688,0.308,0.0,0.0,47.43,0.308,7588.8,8347.68,0.0
2011-12-28 06:00:00,B3688,1.131,0.0,0.0,47.43,1.131,7588.8,8347.68,0.0
2011-12-28 07:00:00,B3688,0.31,0.0,0.0,47.43,0.31,7588.8,8347.68,0.0
2011-12-28 08:00:00,B3688,0.173,0.0,0.0,47.43,0.173,7588.8,8347.68,0.0
2011-12-28 09:00:00,B3688,0.173,0.0,0.35,47.43,-0.34700000000000003,7588.8,8347.68,0.52
2011-12-28 10:00:00,B3688,0.173,0.0,0.46,47.43,-0.39699999999999996,7588.8,8347.68,0.57
2011-12-28 11:00:00,B3688,0.173,0.0,0.51,47.43,-0.37700000000000006,7588.8,8347.68,0.55
2011-12-28 12:00:00,B3688,1.131,0.0,0.54,47.43,0.531,7588.8,8347.68,0.6
2011-12-28 13:00:00,B3688,0.309,0.0,0.54,47.43,-0.321,7588.8,8347.68,0.63
2011-12-28 14:00:00,B3688,0.173,0.0,0.5,47.43,-0.39699999999999996,7588.8,8347.68,0.57
2011-12-28 15:00:00,B3688,0.173,0.0,0.37,47.43,-0.28700000000000003,7588.8,8347.68,0.46
2011-12-28 16:00:00,B3688,0.173,0.0,0.0,47.43,0.12299999999999998,7588.8,8347.68,0.05
2011-12-28 17:00:00,B3688,0.309,0.0,0.0,47.43,0.309,7588.8,8347.68,0.0
2011-12-28 18:00:00,B3688,1.131,0.0,0.0,47.43,1.131,7588.8,8347.68,0.0
2011-12-28 19:00:00,B3688,1.405,0.0,0.0,47.43,1.405,7588.8,8347.68,0.0
2011-12-28 20:00:00,B3688,0.31,0.0,0.0,47.43,0.31,7588.8,8347.68,0.0
2011-12-28 21:00:00,B3688,0.308,0.0,0.0,47.43,0.308,7588.8,8347.68,0.0
2011-12-28 22:00:00,B3688,0.308,0.0,0.0,47.43,0.308,7588.8,8347.68,0.0
2011-12-28 23:00:00,B3688,0.171,0.0,0.0,47.43,0.171,7588.8,8347.68,0.0
2011-12-29 00:00:00,B3688,2.571,2.4,0.0,47.43,2.571,7588.8,8347.68,0.0
2011-12-29 01:00:00,B3688,2.571,2.4,0.0,47.43,2.571,7588.8,8347.68,0.0
2011-12-29 02:00:00,B3688,2.571,2.4,0.0,47.43,2.571,7588.8,8347.68,0.0
2011-12-29 03:00:00,B3688,2.571,2.4,0.0,47.43,2.571,7588.8,8347.68,0.0
2011-12-29 04:00:00,B3688,2.571,2.4,0.0,47.43,2.571,7588.8,8347.68,0.0
2011-12-29 05:00:00,B3688,0.308,0.0,0.0,47.43,0.308,7588.8,8347.68,0.0
2011-12-29 06:00:00,B3688,1.131,0.0,0.0,47.43,1.131,7588.8,8347.68,0.0
2011-12-29 07:00:00,B3688,0.31,0.0,0.0,47.43,0.31,7588.8,8347.68,0.0
2011-12-29 08:00:00,B3688,0.173,0.0,0.0,47.43,0.173,7588.8,8347.68,0.0
2011-12-29 09:00:00,B3688,0.173,0.0,0.36,47.43,-0.35700000000000004,7588.8,8347.68,0.53
2011-12-29 10:00:00,B3688,0.173,0.0,0.46,47.43,-0.39699999999999996,7588.8,8347.68,0.57
2011-12-29 11:00:00,B3688,0.173,0.0,0.52,47.43,-0.38700000000000007,7588.8,8347.68,0.56
2011-12-29 12:00:00,B3688,1.131,0.0,0.54,47.43,0.531,7588.8,8347.68,0.6
2011-12-29 13:00:00,B3688,0.309,0.0,0.53,47.43,-0.301,7588.8,8347.68,0.61
2011-12-29 14:00:00,B3688,0.173,0.0,0.49,47.43,-0.39699999999999996,7588.8,8347.68,0.57
2011-12-29 15:00:00,B3688,0.173,0.0,0.36,47.43,-0.277,7588.8,8347.68,0.45
2011-12-29 16:00:00,B3688,0.173,0.0,0.0,47.43,0.12299999999999998,7588.8,8347.68,0.05
2011-12-29 17:00:00,B3688,0.309,0.0,0.0,47.43,0.309,7588.8,8347.68,0.0
2011-12-29 18:00:00,B3688,1.131,0.0,0.0,47.43,1.131,7588.8,8347.68,0.0
2011-12-29 19:00:00,B3688,1.405,0.0,0.0,47.43,1.405,7588.8,8347.68,0.0
2011-12-29 20:00:00,B3688,0.31,0.0,0.0,47.43,0.31,7588.8,8347.68,0.0
2011-12-29 21:00:00,B3688,0.308,0.0,0.0,47.43,0.308,7588.8,8347.68,0.0
2011-12-29 22:00:00,B3688,0.308,0.0,0.0,47.43,0.308,7588.8,8347.68,0.0
2011-12-29 23:00:00,B3688,0.171,0.0,0.0,47.43,0.171,7588.8,8347.68,0.0
2011-12-30 00:00:00,B3688,2.571,2.4,0.0,47.43,2.571,7588.8,8347.68,0.0
2011-12-30 01:00:00,B3688,2.571,2.4,0.0,47.43,2.571,7588.8,8347.68,0.0
2011-12-30 02:00:00,B3688,2.571,2.4,0.0,47.43,2.571,7588.8,8347.68,0.0
2011-12-30 03:00:00,B3688,2.571,2.4,0.0,47.43,2.571,7588.8,8347.68,0.0
2011-12-30 04:00:00,B3688,2.571,2.4,0.0,47.43,2.571,7588.8,8347.68,0.0
2011-12-30 05:00:00,B3688,0.308,0.0,0.0,47.43,0.308,7588.8,8347.68,0.0
2011-12-30 06:00:00,B3688,1.131,0.0,0.0,47.43,1.131,7588.8,8347.68,0.0
2011-12-30 07:00:00,B3688,0.31,0.0,0.0,47.43,0.31,7588.8,8347.68,0.0
2011-12-30 08:00:00,B3688,0.173,0.0,0.0,47.43,0.173,7588.8,8347.68,0.0
2011-12-30 09:00:00,B3688,0.173,0.0,0.35,47.43,-0.35700000000000004,7588.8,8347.68,0.53
2011-12-30 10:00:00,B3688,0.173,0.0,0.47,47.43,-0.407,7588.8,8347.68,0.58
2011-12-30 11:00:00,B3688,0.173,0.0,0.51,47.43,-0.38700000000000007,7588.8,8347.68,0.56
2011-12-30 12:00:00,B3688,1.131,0.0,0.54,47.43,0.531,7588.8,8347.68,0.6
2011-12-30 13:00:00,B3688,0.309,0.0,0.53,47.43,-0.301,7588.8,8347.68,0.61
2011-12-30 14:00:00,B3688,0.173,0.0,0.49,47.43,-0.39699999999999996,7588.8,8347.68,0.57
2011-12-30 15:00:00,B3688,0.173,0.0,0.36,47.43,-0.277,7588.8,8347.68,0.45
2011-12-30 16:00:00,B3688,0.173,0.0,0.0,47.43,0.12299999999999998,7588.8,8347.68,0.05
2011-12-30 17:00:00,B3688,0.309,0.0,0.0,47.43,0.309,7588.8,8347.68,0.0
2011-12-30 18:00:00,B3688,1.131,0.0,0.0,47.43,1.131,7588.8,8347.68,0.0
2011-12-30 19:00:00,B3688,1.405,0.0,0.0,47.43,1.405,7588.8,8347.68,0.0
2011-12-30 20:00:00,B3688,0.31,0.0,0.0,47.43,0.31,7588.8,8347.68,0.0
2011-12-30 21:00:00,B3688,0.308,0.0,0.0,47.43,0.308,7588.8,8347.68,0.0
2011-12-30 22:00:00,B3688,0.308,0.0,0.0,47.43,0.308,7588.8,8347.68,0.0
2011-12-30 23:00:00,B3688,0.171,0.0,0.0,47.43,0.171,7588.8,8347.68,0.0
2011-12-31 00:00:00,B3688,0.171,0.0,0.0,47.43,0.171,7588.8,8347.68,0.0
2011-12-31 01:00:00,B3688,0.171,0.0,0.0,47.43,0.171,7588.8,8347.68,0.0
2011-12-31 02:00:00,B3688,0.171,0.0,0.0,47.43,0.171,7588.8,8347.68,0.0
2011-12-31 03:00:00,B3688,0.171,0.0,0.0,47.43,0.171,7588.8,8347.68,0.0
2011-12-31 04:00:00,B3688,0.171,0.0,0.0,47.43,0.171,7588.8,8347.68,0.0
2011-12-31 05:00:00,B3688,0.308,0.0,0.0,47.43,0.308,7588.8,8347.68,0.0
2011-12-31 06:00:00,B3688,1.131,0.0,0.0,47.43,1.131,7588.8,8347.68,0.0
2011-12-31 07:00:00,B3688,0.309,0.0,0.0,47.43,0.309,7588.8,8347.68,0.0
2011-12-31 08:00:00,B3688,2.573,2.4,0.0,47.43,2.573,7588.8,8347.68,0.0
2011-12-31 09:00:00,B3688,2.573,2.4,0.48,47.43,1.923,7588.8,8347.68,0.65
2011-12-31 10:00:00,B3688,2.573,2.4,0.63,47.43,1.823,7588.8,8347.68,0.75
2011-12-31 11:00:00,B3688,2.573,2.4,0.76,47.43,1.7530000000000001,7588.8,8347.68,0.82
2011-12-31 12:00:00,B3688,3.531,2.4,0.79,47.43,2.661,7588.8,8347.68,0.87
2011-12-31 13:00:00,B3688,0.31,0.0,0.75,47.43,-0.53,7588.8,8347.68,0.84
2011-12-31 14:00:00,B3688,0.173,0.0,0.68,47.43,-0.607,7588.8,8347.68,0.78
2011-12-31 15:00:00,B3688,0.173,0.0,0.46,47.43,-0.35700000000000004,7588.8,8347.68,0.53
2011-12-31 16:00:00,B3688,0.173,0.0,0.0,47.43,0.143,7588.8,8347.68,0.03
2011-12-31 17:00:00,B3688,0.31,0.0,0.0,47.43,0.31,7588.8,8347.68,0.0
2011-12-31 18:00:00,B3688,1.131,0.0,0.0,47.43,1.131,7588.8,8347.68,0.0
2011-12-31 19:00:00,B3688,1.405,0.0,0.0,47.43,1.405,7588.8,8347.68,0.0
2011-12-31 20:00:00,B3688,0.309,0.0,0.0,47.43,0.309,7588.8,8347.68,0.0
2011-12-31 21:00:00,B3688,0.308,0.0,0.0,47.43,0.308,7588.8,8347.68,0.0
2011-12-31 22:00:00,B3688,0.308,0.0,0.0,47.43,0.308,7588.8,8347.68,0.0
2011-12-31 23:00:00,B3688,0.171,0.0,0.0,47.43,0.171,7588.8,8347.68,0.0
