,Name,GRID_kWh,GRID_v_kWh,PV_roofs_top_E_kWh,PV_roofs_top_m2,Enet,PV_Power_W,PV_Investment_€,E_PV_gen_kWh
2011-01-01 00:00:00,B4104,0.657,0.0,0.0,198.99,0.657,31838.4,35022.240000000005,0.0
2011-01-01 01:00:00,B4104,0.657,0.0,0.0,198.99,0.657,31838.4,35022.240000000005,0.0
2011-01-01 02:00:00,B4104,0.657,0.0,0.0,198.99,0.657,31838.4,35022.240000000005,0.0
2011-01-01 03:00:00,B4104,0.657,0.0,0.0,198.99,0.657,31838.4,35022.240000000005,0.0
2011-01-01 04:00:00,B4104,0.657,0.0,0.0,198.99,0.657,31838.4,35022.240000000005,0.0
2011-01-01 05:00:00,B4104,1.182,0.0,0.0,198.99,1.182,31838.4,35022.240000000005,0.0
2011-01-01 06:00:00,B4104,4.339,0.0,0.0,198.99,4.339,31838.4,35022.240000000005,0.0
2011-01-01 07:00:00,B4104,1.187,0.0,0.0,198.99,1.187,31838.4,35022.240000000005,0.0
2011-01-01 08:00:00,B4104,3.062,2.4,0.0,198.99,3.062,31838.4,35022.240000000005,0.0
2011-01-01 09:00:00,B4104,3.062,2.4,1.95,198.99,0.5819999999999999,31838.4,35022.240000000005,2.48
2011-01-01 10:00:00,B4104,3.062,2.4,2.72,198.99,-0.43800000000000017,31838.4,35022.240000000005,3.5
2011-01-01 11:00:00,B4104,3.062,2.4,2.7,198.99,-0.44799999999999995,31838.4,35022.240000000005,3.51
2011-01-01 12:00:00,B4104,6.74,2.4,2.79,198.99,3.0900000000000003,31838.4,35022.240000000005,3.65
2011-01-01 13:00:00,B4104,1.187,0.0,2.65,198.99,-2.333,31838.4,35022.240000000005,3.52
2011-01-01 14:00:00,B4104,0.662,0.0,2.08,198.99,-2.248,31838.4,35022.240000000005,2.91
2011-01-01 15:00:00,B4104,0.662,0.0,1.63,198.99,-1.7280000000000002,31838.4,35022.240000000005,2.39
2011-01-01 16:00:00,B4104,0.662,0.0,0.0,198.99,0.332,31838.4,35022.240000000005,0.33
2011-01-01 17:00:00,B4104,1.187,0.0,0.0,198.99,1.187,31838.4,35022.240000000005,0.0
2011-01-01 18:00:00,B4104,4.34,0.0,0.0,198.99,4.34,31838.4,35022.240000000005,0.0
2011-01-01 19:00:00,B4104,5.391,0.0,0.0,198.99,5.391,31838.4,35022.240000000005,0.0
2011-01-01 20:00:00,B4104,1.187,0.0,0.0,198.99,1.187,31838.4,35022.240000000005,0.0
2011-01-01 21:00:00,B4104,1.183,0.0,0.0,198.99,1.183,31838.4,35022.240000000005,0.0
2011-01-01 22:00:00,B4104,1.182,0.0,0.0,198.99,1.182,31838.4,35022.240000000005,0.0
2011-01-01 23:00:00,B4104,0.657,0.0,0.0,198.99,0.657,31838.4,35022.240000000005,0.0
2011-01-02 00:00:00,B4104,0.657,0.0,0.0,198.99,0.657,31838.4,35022.240000000005,0.0
2011-01-02 01:00:00,B4104,0.657,0.0,0.0,198.99,0.657,31838.4,35022.240000000005,0.0
2011-01-02 02:00:00,B4104,0.657,0.0,0.0,198.99,0.657,31838.4,35022.240000000005,0.0
2011-01-02 03:00:00,B4104,0.657,0.0,0.0,198.99,0.657,31838.4,35022.240000000005,0.0
2011-01-02 04:00:00,B4104,0.657,0.0,0.0,198.99,0.657,31838.4,35022.240000000005,0.0
2011-01-02 05:00:00,B4104,1.182,0.0,0.0,198.99,1.182,31838.4,35022.240000000005,0.0
2011-01-02 06:00:00,B4104,4.339,0.0,0.0,198.99,4.339,31838.4,35022.240000000005,0.0
2011-01-02 07:00:00,B4104,1.187,0.0,0.0,198.99,1.187,31838.4,35022.240000000005,0.0
2011-01-02 08:00:00,B4104,3.062,2.4,0.0,198.99,3.062,31838.4,35022.240000000005,0.0
2011-01-02 09:00:00,B4104,3.062,2.4,2.55,198.99,-0.04800000000000004,31838.4,35022.240000000005,3.11
2011-01-02 10:00:00,B4104,3.062,2.4,3.84,198.99,-1.6380000000000003,31838.4,35022.240000000005,4.7
2011-01-02 11:00:00,B4104,3.062,2.4,4.67,198.99,-2.658,31838.4,35022.240000000005,5.72
2011-01-02 12:00:00,B4104,6.74,2.4,3.95,198.99,1.7700000000000005,31838.4,35022.240000000005,4.97
2011-01-02 13:00:00,B4104,1.187,0.0,2.86,198.99,-2.543,31838.4,35022.240000000005,3.73
2011-01-02 14:00:00,B4104,0.662,0.0,2.5,198.99,-2.658,31838.4,35022.240000000005,3.32
2011-01-02 15:00:00,B4104,0.662,0.0,1.58,198.99,-1.4380000000000002,31838.4,35022.240000000005,2.1
2011-01-02 16:00:00,B4104,0.662,0.0,0.0,198.99,0.662,31838.4,35022.240000000005,0.0
2011-01-02 17:00:00,B4104,1.187,0.0,0.0,198.99,1.187,31838.4,35022.240000000005,0.0
2011-01-02 18:00:00,B4104,4.34,0.0,0.0,198.99,4.34,31838.4,35022.240000000005,0.0
2011-01-02 19:00:00,B4104,5.391,0.0,0.0,198.99,5.391,31838.4,35022.240000000005,0.0
2011-01-02 20:00:00,B4104,1.187,0.0,0.0,198.99,1.187,31838.4,35022.240000000005,0.0
2011-01-02 21:00:00,B4104,1.183,0.0,0.0,198.99,1.183,31838.4,35022.240000000005,0.0
2011-01-02 22:00:00,B4104,1.183,0.0,0.0,198.99,1.183,31838.4,35022.240000000005,0.0
2011-01-02 23:00:00,B4104,0.657,0.0,0.0,198.99,0.657,31838.4,35022.240000000005,0.0
2011-01-03 00:00:00,B4104,3.057,2.4,0.0,198.99,3.057,31838.4,35022.240000000005,0.0
2011-01-03 01:00:00,B4104,3.057,2.4,0.0,198.99,3.057,31838.4,35022.240000000005,0.0
2011-01-03 02:00:00,B4104,3.057,2.4,0.0,198.99,3.057,31838.4,35022.240000000005,0.0
2011-01-03 03:00:00,B4104,3.057,2.4,0.0,198.99,3.057,31838.4,35022.240000000005,0.0
2011-01-03 04:00:00,B4104,3.057,2.4,0.0,198.99,3.057,31838.4,35022.240000000005,0.0
2011-01-03 05:00:00,B4104,1.183,0.0,0.0,198.99,1.183,31838.4,35022.240000000005,0.0
2011-01-03 06:00:00,B4104,4.34,0.0,0.0,198.99,4.34,31838.4,35022.240000000005,0.0
2011-01-03 07:00:00,B4104,1.188,0.0,0.0,198.99,1.188,31838.4,35022.240000000005,0.0
2011-01-03 08:00:00,B4104,0.662,0.0,0.0,198.99,0.662,31838.4,35022.240000000005,0.0
2011-01-03 09:00:00,B4104,0.662,0.0,2.2,198.99,-1.928,31838.4,35022.240000000005,2.59
2011-01-03 10:00:00,B4104,0.662,0.0,3.2,198.99,-3.198,31838.4,35022.240000000005,3.86
2011-01-03 11:00:00,B4104,0.662,0.0,4.03,198.99,-4.148,31838.4,35022.240000000005,4.81
2011-01-03 12:00:00,B4104,4.34,0.0,4.43,198.99,-0.9699999999999998,31838.4,35022.240000000005,5.31
2011-01-03 13:00:00,B4104,1.187,0.0,4.01,198.99,-3.723,31838.4,35022.240000000005,4.91
2011-01-03 14:00:00,B4104,0.662,0.0,3.2,198.99,-3.3979999999999997,31838.4,35022.240000000005,4.06
2011-01-03 15:00:00,B4104,0.662,0.0,2.02,198.99,-2.048,31838.4,35022.240000000005,2.71
2011-01-03 16:00:00,B4104,0.662,0.0,0.0,198.99,0.392,31838.4,35022.240000000005,0.27
2011-01-03 17:00:00,B4104,1.187,0.0,0.0,198.99,1.187,31838.4,35022.240000000005,0.0
2011-01-03 18:00:00,B4104,4.34,0.0,0.0,198.99,4.34,31838.4,35022.240000000005,0.0
2011-01-03 19:00:00,B4104,5.391,0.0,0.0,198.99,5.391,31838.4,35022.240000000005,0.0
2011-01-03 20:00:00,B4104,1.187,0.0,0.0,198.99,1.187,31838.4,35022.240000000005,0.0
2011-01-03 21:00:00,B4104,1.183,0.0,0.0,198.99,1.183,31838.4,35022.240000000005,0.0
2011-01-03 22:00:00,B4104,1.182,0.0,0.0,198.99,1.182,31838.4,35022.240000000005,0.0
2011-01-03 23:00:00,B4104,0.657,0.0,0.0,198.99,0.657,31838.4,35022.240000000005,0.0
2011-01-04 00:00:00,B4104,3.057,2.4,0.0,198.99,3.057,31838.4,35022.240000000005,0.0
2011-01-04 01:00:00,B4104,3.057,2.4,0.0,198.99,3.057,31838.4,35022.240000000005,0.0
2011-01-04 02:00:00,B4104,3.057,2.4,0.0,198.99,3.057,31838.4,35022.240000000005,0.0
2011-01-04 03:00:00,B4104,3.057,2.4,0.0,198.99,3.057,31838.4,35022.240000000005,0.0
2011-01-04 04:00:00,B4104,3.057,2.4,0.0,198.99,3.057,31838.4,35022.240000000005,0.0
2011-01-04 05:00:00,B4104,1.183,0.0,0.0,198.99,1.183,31838.4,35022.240000000005,0.0
2011-01-04 06:00:00,B4104,4.34,0.0,0.0,198.99,4.34,31838.4,35022.240000000005,0.0
2011-01-04 07:00:00,B4104,1.188,0.0,0.0,198.99,1.188,31838.4,35022.240000000005,0.0
2011-01-04 08:00:00,B4104,0.662,0.0,0.0,198.99,0.662,31838.4,35022.240000000005,0.0
2011-01-04 09:00:00,B4104,0.662,0.0,1.91,198.99,-1.698,31838.4,35022.240000000005,2.36
2011-01-04 10:00:00,B4104,0.662,0.0,2.56,198.99,-2.598,31838.4,35022.240000000005,3.26
2011-01-04 11:00:00,B4104,0.662,0.0,3.45,198.99,-3.6580000000000004,31838.4,35022.240000000005,4.32
2011-01-04 12:00:00,B4104,4.34,0.0,3.81,198.99,-0.33999999999999986,31838.4,35022.240000000005,4.68
2011-01-04 13:00:00,B4104,1.187,0.0,3.18,198.99,-2.8129999999999997,31838.4,35022.240000000005,4.0
2011-01-04 14:00:00,B4104,0.662,0.0,2.7,198.99,-2.898,31838.4,35022.240000000005,3.56
2011-01-04 15:00:00,B4104,0.662,0.0,1.96,198.99,-1.9780000000000002,31838.4,35022.240000000005,2.64
2011-01-04 16:00:00,B4104,0.662,0.0,0.0,198.99,0.41200000000000003,31838.4,35022.240000000005,0.25
2011-01-04 17:00:00,B4104,1.187,0.0,0.0,198.99,1.187,31838.4,35022.240000000005,0.0
2011-01-04 18:00:00,B4104,4.34,0.0,0.0,198.99,4.34,31838.4,35022.240000000005,0.0
2011-01-04 19:00:00,B4104,5.386,0.0,0.0,198.99,5.386,31838.4,35022.240000000005,0.0
2011-01-04 20:00:00,B4104,1.187,0.0,0.0,198.99,1.187,31838.4,35022.240000000005,0.0
2011-01-04 21:00:00,B4104,1.183,0.0,0.0,198.99,1.183,31838.4,35022.240000000005,0.0
2011-01-04 22:00:00,B4104,1.182,0.0,0.0,198.99,1.182,31838.4,35022.240000000005,0.0
2011-01-04 23:00:00,B4104,0.657,0.0,0.0,198.99,0.657,31838.4,35022.240000000005,0.0
2011-01-05 00:00:00,B4104,3.057,2.4,0.0,198.99,3.057,31838.4,35022.240000000005,0.0
2011-01-05 01:00:00,B4104,3.057,2.4,0.0,198.99,3.057,31838.4,35022.240000000005,0.0
2011-01-05 02:00:00,B4104,3.057,2.4,0.0,198.99,3.057,31838.4,35022.240000000005,0.0
2011-01-05 03:00:00,B4104,3.057,2.4,0.0,198.99,3.057,31838.4,35022.240000000005,0.0
2011-01-05 04:00:00,B4104,3.057,2.4,0.0,198.99,3.057,31838.4,35022.240000000005,0.0
2011-01-05 05:00:00,B4104,1.183,0.0,0.0,198.99,1.183,31838.4,35022.240000000005,0.0
2011-01-05 06:00:00,B4104,4.34,0.0,0.0,198.99,4.34,31838.4,35022.240000000005,0.0
2011-01-05 07:00:00,B4104,1.188,0.0,0.0,198.99,1.188,31838.4,35022.240000000005,0.0
2011-01-05 08:00:00,B4104,0.662,0.0,0.0,198.99,0.662,31838.4,35022.240000000005,0.0
2011-01-05 09:00:00,B4104,0.662,0.0,1.89,198.99,-1.5380000000000003,31838.4,35022.240000000005,2.2
2011-01-05 10:00:00,B4104,0.662,0.0,2.37,198.99,-2.148,31838.4,35022.240000000005,2.81
2011-01-05 11:00:00,B4104,0.662,0.0,2.3,198.99,-2.048,31838.4,35022.240000000005,2.71
2011-01-05 12:00:00,B4104,4.335,0.0,2.47,198.99,1.415,31838.4,35022.240000000005,2.92
2011-01-05 13:00:00,B4104,1.187,0.0,2.41,198.99,-1.703,31838.4,35022.240000000005,2.89
2011-01-05 14:00:00,B4104,0.662,0.0,1.82,198.99,-1.568,31838.4,35022.240000000005,2.23
2011-01-05 15:00:00,B4104,0.662,0.0,1.22,198.99,-0.908,31838.4,35022.240000000005,1.57
2011-01-05 16:00:00,B4104,0.662,0.0,0.0,198.99,0.5720000000000001,31838.4,35022.240000000005,0.09
2011-01-05 17:00:00,B4104,1.187,0.0,0.0,198.99,1.187,31838.4,35022.240000000005,0.0
2011-01-05 18:00:00,B4104,4.335,0.0,0.0,198.99,4.335,31838.4,35022.240000000005,0.0
2011-01-05 19:00:00,B4104,5.386,0.0,0.0,198.99,5.386,31838.4,35022.240000000005,0.0
2011-01-05 20:00:00,B4104,1.187,0.0,0.0,198.99,1.187,31838.4,35022.240000000005,0.0
2011-01-05 21:00:00,B4104,1.183,0.0,0.0,198.99,1.183,31838.4,35022.240000000005,0.0
2011-01-05 22:00:00,B4104,1.182,0.0,0.0,198.99,1.182,31838.4,35022.240000000005,0.0
2011-01-05 23:00:00,B4104,0.657,0.0,0.0,198.99,0.657,31838.4,35022.240000000005,0.0
2011-01-06 00:00:00,B4104,3.057,2.4,0.0,198.99,3.057,31838.4,35022.240000000005,0.0
2011-01-06 01:00:00,B4104,3.057,2.4,0.0,198.99,3.057,31838.4,35022.240000000005,0.0
2011-01-06 02:00:00,B4104,3.057,2.4,0.0,198.99,3.057,31838.4,35022.240000000005,0.0
2011-01-06 03:00:00,B4104,3.057,2.4,0.0,198.99,3.057,31838.4,35022.240000000005,0.0
2011-01-06 04:00:00,B4104,3.057,2.4,0.0,198.99,3.057,31838.4,35022.240000000005,0.0
2011-01-06 05:00:00,B4104,1.183,0.0,0.0,198.99,1.183,31838.4,35022.240000000005,0.0
2011-01-06 06:00:00,B4104,4.336,0.0,0.0,198.99,4.336,31838.4,35022.240000000005,0.0
2011-01-06 07:00:00,B4104,1.188,0.0,0.0,198.99,1.188,31838.4,35022.240000000005,0.0
2011-01-06 08:00:00,B4104,0.662,0.0,0.0,198.99,0.662,31838.4,35022.240000000005,0.0
2011-01-06 09:00:00,B4104,0.662,0.0,2.11,198.99,-1.8780000000000001,31838.4,35022.240000000005,2.54
2011-01-06 10:00:00,B4104,0.662,0.0,3.12,198.99,-3.108,31838.4,35022.240000000005,3.77
2011-01-06 11:00:00,B4104,0.662,0.0,3.92,198.99,-3.998,31838.4,35022.240000000005,4.66
2011-01-06 12:00:00,B4104,4.335,0.0,3.69,198.99,-0.06500000000000039,31838.4,35022.240000000005,4.4
2011-01-06 13:00:00,B4104,1.187,0.0,2.9,198.99,-2.2830000000000004,31838.4,35022.240000000005,3.47
2011-01-06 14:00:00,B4104,0.662,0.0,1.96,198.99,-1.298,31838.4,35022.240000000005,1.96
2011-01-06 15:00:00,B4104,0.662,0.0,0.0,198.99,0.662,31838.4,35022.240000000005,0.0
2011-01-06 16:00:00,B4104,0.662,0.0,0.0,198.99,0.662,31838.4,35022.240000000005,0.0
2011-01-06 17:00:00,B4104,1.187,0.0,0.0,198.99,1.187,31838.4,35022.240000000005,0.0
2011-01-06 18:00:00,B4104,4.335,0.0,0.0,198.99,4.335,31838.4,35022.240000000005,0.0
2011-01-06 19:00:00,B4104,5.386,0.0,0.0,198.99,5.386,31838.4,35022.240000000005,0.0
2011-01-06 20:00:00,B4104,1.187,0.0,0.0,198.99,1.187,31838.4,35022.240000000005,0.0
2011-01-06 21:00:00,B4104,1.183,0.0,0.0,198.99,1.183,31838.4,35022.240000000005,0.0
2011-01-06 22:00:00,B4104,1.182,0.0,0.0,198.99,1.182,31838.4,35022.240000000005,0.0
2011-01-06 23:00:00,B4104,0.657,0.0,0.0,198.99,0.657,31838.4,35022.240000000005,0.0
2011-01-07 00:00:00,B4104,3.057,2.4,0.0,198.99,3.057,31838.4,35022.240000000005,0.0
2011-01-07 01:00:00,B4104,3.057,2.4,0.0,198.99,3.057,31838.4,35022.240000000005,0.0
2011-01-07 02:00:00,B4104,3.057,2.4,0.0,198.99,3.057,31838.4,35022.240000000005,0.0
2011-01-07 03:00:00,B4104,3.057,2.4,0.0,198.99,3.057,31838.4,35022.240000000005,0.0
2011-01-07 04:00:00,B4104,3.057,2.4,0.0,198.99,3.057,31838.4,35022.240000000005,0.0
2011-01-07 05:00:00,B4104,1.183,0.0,0.0,198.99,1.183,31838.4,35022.240000000005,0.0
2011-01-07 06:00:00,B4104,4.336,0.0,0.0,198.99,4.336,31838.4,35022.240000000005,0.0
2011-01-07 07:00:00,B4104,1.188,0.0,0.0,198.99,1.188,31838.4,35022.240000000005,0.0
2011-01-07 08:00:00,B4104,0.662,0.0,0.0,198.99,0.662,31838.4,35022.240000000005,0.0
2011-01-07 09:00:00,B4104,0.662,0.0,1.5,198.99,-1.3679999999999999,31838.4,35022.240000000005,2.03
2011-01-07 10:00:00,B4104,0.662,0.0,1.89,198.99,-1.838,31838.4,35022.240000000005,2.5
2011-01-07 11:00:00,B4104,0.662,0.0,2.37,198.99,-2.438,31838.4,35022.240000000005,3.1
2011-01-07 12:00:00,B4104,4.335,0.0,3.1,198.99,0.43500000000000005,31838.4,35022.240000000005,3.9
2011-01-07 13:00:00,B4104,1.187,0.0,2.97,198.99,-2.5229999999999997,31838.4,35022.240000000005,3.71
2011-01-07 14:00:00,B4104,0.662,0.0,2.32,198.99,-2.428,31838.4,35022.240000000005,3.09
2011-01-07 15:00:00,B4104,0.662,0.0,1.71,198.99,-1.7480000000000002,31838.4,35022.240000000005,2.41
2011-01-07 16:00:00,B4104,0.662,0.0,0.0,198.99,0.382,31838.4,35022.240000000005,0.28
2011-01-07 17:00:00,B4104,1.187,0.0,0.0,198.99,1.187,31838.4,35022.240000000005,0.0
2011-01-07 18:00:00,B4104,4.335,0.0,0.0,198.99,4.335,31838.4,35022.240000000005,0.0
2011-01-07 19:00:00,B4104,5.386,0.0,0.0,198.99,5.386,31838.4,35022.240000000005,0.0
2011-01-07 20:00:00,B4104,1.187,0.0,0.0,198.99,1.187,31838.4,35022.240000000005,0.0
2011-01-07 21:00:00,B4104,1.183,0.0,0.0,198.99,1.183,31838.4,35022.240000000005,0.0
2011-01-07 22:00:00,B4104,1.182,0.0,0.0,198.99,1.182,31838.4,35022.240000000005,0.0
2011-01-07 23:00:00,B4104,0.657,0.0,0.0,198.99,0.657,31838.4,35022.240000000005,0.0
2011-01-08 00:00:00,B4104,0.657,0.0,0.0,198.99,0.657,31838.4,35022.240000000005,0.0
2011-01-08 01:00:00,B4104,0.657,0.0,0.0,198.99,0.657,31838.4,35022.240000000005,0.0
2011-01-08 02:00:00,B4104,0.657,0.0,0.0,198.99,0.657,31838.4,35022.240000000005,0.0
2011-01-08 03:00:00,B4104,0.657,0.0,0.0,198.99,0.657,31838.4,35022.240000000005,0.0
2011-01-08 04:00:00,B4104,0.657,0.0,0.0,198.99,0.657,31838.4,35022.240000000005,0.0
2011-01-08 05:00:00,B4104,1.182,0.0,0.0,198.99,1.182,31838.4,35022.240000000005,0.0
2011-01-08 06:00:00,B4104,4.335,0.0,0.0,198.99,4.335,31838.4,35022.240000000005,0.0
2011-01-08 07:00:00,B4104,1.187,0.0,0.0,198.99,1.187,31838.4,35022.240000000005,0.0
2011-01-08 08:00:00,B4104,3.062,2.4,0.0,198.99,3.062,31838.4,35022.240000000005,0.0
2011-01-08 09:00:00,B4104,3.062,2.4,1.71,198.99,1.0719999999999998,31838.4,35022.240000000005,1.99
2011-01-08 10:00:00,B4104,3.062,2.4,2.82,198.99,-0.3780000000000001,31838.4,35022.240000000005,3.44
2011-01-08 11:00:00,B4104,3.062,2.4,3.56,198.99,-1.358,31838.4,35022.240000000005,4.42
2011-01-08 12:00:00,B4104,6.735,2.4,4.07,198.99,1.6950000000000003,31838.4,35022.240000000005,5.04
2011-01-08 13:00:00,B4104,1.187,0.0,4.15,198.99,-3.9129999999999994,31838.4,35022.240000000005,5.1
2011-01-08 14:00:00,B4104,0.662,0.0,3.37,198.99,-3.628,31838.4,35022.240000000005,4.29
2011-01-08 15:00:00,B4104,0.662,0.0,2.18,198.99,-2.248,31838.4,35022.240000000005,2.91
2011-01-08 16:00:00,B4104,0.662,0.0,0.0,198.99,0.382,31838.4,35022.240000000005,0.28
2011-01-08 17:00:00,B4104,1.187,0.0,0.0,198.99,1.187,31838.4,35022.240000000005,0.0
2011-01-08 18:00:00,B4104,4.336,0.0,0.0,198.99,4.336,31838.4,35022.240000000005,0.0
2011-01-08 19:00:00,B4104,5.386,0.0,0.0,198.99,5.386,31838.4,35022.240000000005,0.0
2011-01-08 20:00:00,B4104,1.187,0.0,0.0,198.99,1.187,31838.4,35022.240000000005,0.0
2011-01-08 21:00:00,B4104,1.183,0.0,0.0,198.99,1.183,31838.4,35022.240000000005,0.0
2011-01-08 22:00:00,B4104,1.182,0.0,0.0,198.99,1.182,31838.4,35022.240000000005,0.0
2011-01-08 23:00:00,B4104,0.657,0.0,0.0,198.99,0.657,31838.4,35022.240000000005,0.0
2011-01-09 00:00:00,B4104,0.657,0.0,0.0,198.99,0.657,31838.4,35022.240000000005,0.0
2011-01-09 01:00:00,B4104,0.657,0.0,0.0,198.99,0.657,31838.4,35022.240000000005,0.0
2011-01-09 02:00:00,B4104,0.657,0.0,0.0,198.99,0.657,31838.4,35022.240000000005,0.0
2011-01-09 03:00:00,B4104,0.657,0.0,0.0,198.99,0.657,31838.4,35022.240000000005,0.0
2011-01-09 04:00:00,B4104,0.657,0.0,0.0,198.99,0.657,31838.4,35022.240000000005,0.0
2011-01-09 05:00:00,B4104,1.182,0.0,0.0,198.99,1.182,31838.4,35022.240000000005,0.0
2011-01-09 06:00:00,B4104,4.339,0.0,0.0,198.99,4.339,31838.4,35022.240000000005,0.0
2011-01-09 07:00:00,B4104,1.187,0.0,0.0,198.99,1.187,31838.4,35022.240000000005,0.0
2011-01-09 08:00:00,B4104,3.062,2.4,0.0,198.99,3.062,31838.4,35022.240000000005,0.0
2011-01-09 09:00:00,B4104,3.062,2.4,2.73,198.99,-0.3280000000000003,31838.4,35022.240000000005,3.39
2011-01-09 10:00:00,B4104,3.062,2.4,3.92,198.99,-1.7580000000000005,31838.4,35022.240000000005,4.82
2011-01-09 11:00:00,B4104,3.062,2.4,4.48,198.99,-2.438,31838.4,35022.240000000005,5.5
2011-01-09 12:00:00,B4104,6.74,2.4,4.23,198.99,1.46,31838.4,35022.240000000005,5.28
2011-01-09 13:00:00,B4104,1.187,0.0,3.58,198.99,-3.393,31838.4,35022.240000000005,4.58
2011-01-09 14:00:00,B4104,0.662,0.0,2.78,198.99,-3.108,31838.4,35022.240000000005,3.77
2011-01-09 15:00:00,B4104,0.662,0.0,1.77,198.99,-1.9580000000000002,31838.4,35022.240000000005,2.62
2011-01-09 16:00:00,B4104,0.662,0.0,0.56,198.99,-0.268,31838.4,35022.240000000005,0.93
2011-01-09 17:00:00,B4104,1.187,0.0,0.0,198.99,1.187,31838.4,35022.240000000005,0.0
2011-01-09 18:00:00,B4104,4.34,0.0,0.0,198.99,4.34,31838.4,35022.240000000005,0.0
2011-01-09 19:00:00,B4104,5.391,0.0,0.0,198.99,5.391,31838.4,35022.240000000005,0.0
2011-01-09 20:00:00,B4104,1.187,0.0,0.0,198.99,1.187,31838.4,35022.240000000005,0.0
2011-01-09 21:00:00,B4104,1.183,0.0,0.0,198.99,1.183,31838.4,35022.240000000005,0.0
2011-01-09 22:00:00,B4104,1.183,0.0,0.0,198.99,1.183,31838.4,35022.240000000005,0.0
2011-01-09 23:00:00,B4104,0.657,0.0,0.0,198.99,0.657,31838.4,35022.240000000005,0.0
2011-01-10 00:00:00,B4104,3.057,2.4,0.0,198.99,3.057,31838.4,35022.240000000005,0.0
2011-01-10 01:00:00,B4104,3.057,2.4,0.0,198.99,3.057,31838.4,35022.240000000005,0.0
2011-01-10 02:00:00,B4104,3.057,2.4,0.0,198.99,3.057,31838.4,35022.240000000005,0.0
2011-01-10 03:00:00,B4104,3.057,2.4,0.0,198.99,3.057,31838.4,35022.240000000005,0.0
2011-01-10 04:00:00,B4104,3.057,2.4,0.0,198.99,3.057,31838.4,35022.240000000005,0.0
2011-01-10 05:00:00,B4104,1.183,0.0,0.0,198.99,1.183,31838.4,35022.240000000005,0.0
2011-01-10 06:00:00,B4104,4.34,0.0,0.0,198.99,4.34,31838.4,35022.240000000005,0.0
2011-01-10 07:00:00,B4104,1.188,0.0,0.0,198.99,1.188,31838.4,35022.240000000005,0.0
2011-01-10 08:00:00,B4104,0.662,0.0,0.0,198.99,0.662,31838.4,35022.240000000005,0.0
2011-01-10 09:00:00,B4104,0.662,0.0,1.93,198.99,-1.738,31838.4,35022.240000000005,2.4
2011-01-10 10:00:00,B4104,0.662,0.0,2.99,198.99,-2.998,31838.4,35022.240000000005,3.66
2011-01-10 11:00:00,B4104,0.662,0.0,3.38,198.99,-3.3680000000000003,31838.4,35022.240000000005,4.03
2011-01-10 12:00:00,B4104,4.34,0.0,3.19,198.99,0.5099999999999998,31838.4,35022.240000000005,3.83
2011-01-10 13:00:00,B4104,1.187,0.0,2.9,198.99,-2.373,31838.4,35022.240000000005,3.56
2011-01-10 14:00:00,B4104,0.662,0.0,2.49,198.99,-2.508,31838.4,35022.240000000005,3.17
2011-01-10 15:00:00,B4104,0.662,0.0,1.72,198.99,-1.6179999999999999,31838.4,35022.240000000005,2.28
2011-01-10 16:00:00,B4104,0.662,0.0,0.0,198.99,0.45200000000000007,31838.4,35022.240000000005,0.21
2011-01-10 17:00:00,B4104,1.187,0.0,0.0,198.99,1.187,31838.4,35022.240000000005,0.0
2011-01-10 18:00:00,B4104,4.34,0.0,0.0,198.99,4.34,31838.4,35022.240000000005,0.0
2011-01-10 19:00:00,B4104,5.386,0.0,0.0,198.99,5.386,31838.4,35022.240000000005,0.0
2011-01-10 20:00:00,B4104,1.187,0.0,0.0,198.99,1.187,31838.4,35022.240000000005,0.0
2011-01-10 21:00:00,B4104,1.183,0.0,0.0,198.99,1.183,31838.4,35022.240000000005,0.0
2011-01-10 22:00:00,B4104,1.182,0.0,0.0,198.99,1.182,31838.4,35022.240000000005,0.0
2011-01-10 23:00:00,B4104,0.657,0.0,0.0,198.99,0.657,31838.4,35022.240000000005,0.0
2011-01-11 00:00:00,B4104,3.057,2.4,0.0,198.99,3.057,31838.4,35022.240000000005,0.0
2011-01-11 01:00:00,B4104,3.057,2.4,0.0,198.99,3.057,31838.4,35022.240000000005,0.0
2011-01-11 02:00:00,B4104,3.057,2.4,0.0,198.99,3.057,31838.4,35022.240000000005,0.0
2011-01-11 03:00:00,B4104,3.057,2.4,0.0,198.99,3.057,31838.4,35022.240000000005,0.0
2011-01-11 04:00:00,B4104,3.057,2.4,0.0,198.99,3.057,31838.4,35022.240000000005,0.0
2011-01-11 05:00:00,B4104,1.183,0.0,0.0,198.99,1.183,31838.4,35022.240000000005,0.0
2011-01-11 06:00:00,B4104,4.34,0.0,0.0,198.99,4.34,31838.4,35022.240000000005,0.0
2011-01-11 07:00:00,B4104,1.188,0.0,0.0,198.99,1.188,31838.4,35022.240000000005,0.0
2011-01-11 08:00:00,B4104,0.662,0.0,0.0,198.99,0.662,31838.4,35022.240000000005,0.0
2011-01-11 09:00:00,B4104,0.662,0.0,2.28,198.99,-2.158,31838.4,35022.240000000005,2.82
2011-01-11 10:00:00,B4104,0.662,0.0,2.93,198.99,-3.0380000000000003,31838.4,35022.240000000005,3.7
2011-01-11 11:00:00,B4104,0.662,0.0,3.19,198.99,-3.3979999999999997,31838.4,35022.240000000005,4.06
2011-01-11 12:00:00,B4104,4.335,0.0,3.3,198.99,0.1349999999999998,31838.4,35022.240000000005,4.2
2011-01-11 13:00:00,B4104,1.187,0.0,3.21,198.99,-2.9429999999999996,31838.4,35022.240000000005,4.13
2011-01-11 14:00:00,B4104,0.662,0.0,2.7,198.99,-3.008,31838.4,35022.240000000005,3.67
2011-01-11 15:00:00,B4104,0.662,0.0,1.85,198.99,-2.048,31838.4,35022.240000000005,2.71
2011-01-11 16:00:00,B4104,0.662,0.0,0.63,198.99,-0.358,31838.4,35022.240000000005,1.02
2011-01-11 17:00:00,B4104,1.187,0.0,0.0,198.99,1.187,31838.4,35022.240000000005,0.0
2011-01-11 18:00:00,B4104,4.34,0.0,0.0,198.99,4.34,31838.4,35022.240000000005,0.0
2011-01-11 19:00:00,B4104,5.386,0.0,0.0,198.99,5.386,31838.4,35022.240000000005,0.0
2011-01-11 20:00:00,B4104,1.187,0.0,0.0,198.99,1.187,31838.4,35022.240000000005,0.0
2011-01-11 21:00:00,B4104,1.183,0.0,0.0,198.99,1.183,31838.4,35022.240000000005,0.0
2011-01-11 22:00:00,B4104,1.182,0.0,0.0,198.99,1.182,31838.4,35022.240000000005,0.0
2011-01-11 23:00:00,B4104,0.657,0.0,0.0,198.99,0.657,31838.4,35022.240000000005,0.0
2011-01-12 00:00:00,B4104,3.057,2.4,0.0,198.99,3.057,31838.4,35022.240000000005,0.0
2011-01-12 01:00:00,B4104,3.057,2.4,0.0,198.99,3.057,31838.4,35022.240000000005,0.0
2011-01-12 02:00:00,B4104,3.057,2.4,0.0,198.99,3.057,31838.4,35022.240000000005,0.0
2011-01-12 03:00:00,B4104,3.057,2.4,0.0,198.99,3.057,31838.4,35022.240000000005,0.0
2011-01-12 04:00:00,B4104,3.057,2.4,0.0,198.99,3.057,31838.4,35022.240000000005,0.0
2011-01-12 05:00:00,B4104,1.183,0.0,0.0,198.99,1.183,31838.4,35022.240000000005,0.0
2011-01-12 06:00:00,B4104,4.34,0.0,0.0,198.99,4.34,31838.4,35022.240000000005,0.0
2011-01-12 07:00:00,B4104,1.188,0.0,0.0,198.99,1.188,31838.4,35022.240000000005,0.0
2011-01-12 08:00:00,B4104,0.662,0.0,0.0,198.99,0.662,31838.4,35022.240000000005,0.0
2011-01-12 09:00:00,B4104,0.662,0.0,2.82,198.99,-2.818,31838.4,35022.240000000005,3.48
2011-01-12 10:00:00,B4104,0.662,0.0,3.99,198.99,-4.238,31838.4,35022.240000000005,4.9
2011-01-12 11:00:00,B4104,0.662,0.0,4.46,198.99,-4.838,31838.4,35022.240000000005,5.5
2011-01-12 12:00:00,B4104,4.34,0.0,3.93,198.99,-0.6000000000000005,31838.4,35022.240000000005,4.94
2011-01-12 13:00:00,B4104,1.187,0.0,3.71,198.99,-3.5229999999999997,31838.4,35022.240000000005,4.71
2011-01-12 14:00:00,B4104,0.662,0.0,3.53,198.99,-3.878,31838.4,35022.240000000005,4.54
2011-01-12 15:00:00,B4104,0.662,0.0,2.27,198.99,-2.378,31838.4,35022.240000000005,3.04
2011-01-12 16:00:00,B4104,0.662,0.0,0.0,198.99,0.35200000000000004,31838.4,35022.240000000005,0.31
2011-01-12 17:00:00,B4104,1.187,0.0,0.0,198.99,1.187,31838.4,35022.240000000005,0.0
2011-01-12 18:00:00,B4104,4.34,0.0,0.0,198.99,4.34,31838.4,35022.240000000005,0.0
2011-01-12 19:00:00,B4104,5.386,0.0,0.0,198.99,5.386,31838.4,35022.240000000005,0.0
2011-01-12 20:00:00,B4104,1.187,0.0,0.0,198.99,1.187,31838.4,35022.240000000005,0.0
2011-01-12 21:00:00,B4104,1.183,0.0,0.0,198.99,1.183,31838.4,35022.240000000005,0.0
2011-01-12 22:00:00,B4104,1.182,0.0,0.0,198.99,1.182,31838.4,35022.240000000005,0.0
2011-01-12 23:00:00,B4104,0.657,0.0,0.0,198.99,0.657,31838.4,35022.240000000005,0.0
2011-01-13 00:00:00,B4104,3.057,2.4,0.0,198.99,3.057,31838.4,35022.240000000005,0.0
2011-01-13 01:00:00,B4104,3.057,2.4,0.0,198.99,3.057,31838.4,35022.240000000005,0.0
2011-01-13 02:00:00,B4104,3.057,2.4,0.0,198.99,3.057,31838.4,35022.240000000005,0.0
2011-01-13 03:00:00,B4104,3.057,2.4,0.0,198.99,3.057,31838.4,35022.240000000005,0.0
2011-01-13 04:00:00,B4104,3.057,2.4,0.0,198.99,3.057,31838.4,35022.240000000005,0.0
2011-01-13 05:00:00,B4104,1.183,0.0,0.0,198.99,1.183,31838.4,35022.240000000005,0.0
2011-01-13 06:00:00,B4104,4.34,0.0,0.0,198.99,4.34,31838.4,35022.240000000005,0.0
2011-01-13 07:00:00,B4104,1.188,0.0,0.0,198.99,1.188,31838.4,35022.240000000005,0.0
2011-01-13 08:00:00,B4104,0.662,0.0,0.0,198.99,0.662,31838.4,35022.240000000005,0.0
2011-01-13 09:00:00,B4104,0.662,0.0,2.96,198.99,-2.928,31838.4,35022.240000000005,3.59
2011-01-13 10:00:00,B4104,0.662,0.0,4.0,198.99,-4.258,31838.4,35022.240000000005,4.92
2011-01-13 11:00:00,B4104,0.662,0.0,4.25,198.99,-4.608,31838.4,35022.240000000005,5.27
2011-01-13 12:00:00,B4104,4.34,0.0,3.62,198.99,-0.2599999999999998,31838.4,35022.240000000005,4.6
2011-01-13 13:00:00,B4104,1.187,0.0,3.14,198.99,-2.9029999999999996,31838.4,35022.240000000005,4.09
2011-01-13 14:00:00,B4104,0.662,0.0,2.66,198.99,-2.958,31838.4,35022.240000000005,3.62
2011-01-13 15:00:00,B4104,0.662,0.0,1.86,198.99,-2.048,31838.4,35022.240000000005,2.71
2011-01-13 16:00:00,B4104,0.662,0.0,0.63,198.99,-0.348,31838.4,35022.240000000005,1.01
2011-01-13 17:00:00,B4104,1.187,0.0,0.0,198.99,1.187,31838.4,35022.240000000005,0.0
2011-01-13 18:00:00,B4104,4.34,0.0,0.0,198.99,4.34,31838.4,35022.240000000005,0.0
2011-01-13 19:00:00,B4104,5.391,0.0,0.0,198.99,5.391,31838.4,35022.240000000005,0.0
2011-01-13 20:00:00,B4104,1.187,0.0,0.0,198.99,1.187,31838.4,35022.240000000005,0.0
2011-01-13 21:00:00,B4104,1.183,0.0,0.0,198.99,1.183,31838.4,35022.240000000005,0.0
2011-01-13 22:00:00,B4104,1.182,0.0,0.0,198.99,1.182,31838.4,35022.240000000005,0.0
2011-01-13 23:00:00,B4104,0.657,0.0,0.0,198.99,0.657,31838.4,35022.240000000005,0.0
2011-01-14 00:00:00,B4104,3.057,2.4,0.0,198.99,3.057,31838.4,35022.240000000005,0.0
2011-01-14 01:00:00,B4104,3.057,2.4,0.0,198.99,3.057,31838.4,35022.240000000005,0.0
2011-01-14 02:00:00,B4104,3.057,2.4,0.0,198.99,3.057,31838.4,35022.240000000005,0.0
2011-01-14 03:00:00,B4104,3.057,2.4,0.0,198.99,3.057,31838.4,35022.240000000005,0.0
2011-01-14 04:00:00,B4104,3.057,2.4,0.0,198.99,3.057,31838.4,35022.240000000005,0.0
2011-01-14 05:00:00,B4104,1.183,0.0,0.0,198.99,1.183,31838.4,35022.240000000005,0.0
2011-01-14 06:00:00,B4104,4.34,0.0,0.0,198.99,4.34,31838.4,35022.240000000005,0.0
2011-01-14 07:00:00,B4104,1.188,0.0,0.0,198.99,1.188,31838.4,35022.240000000005,0.0
2011-01-14 08:00:00,B4104,0.662,0.0,0.0,198.99,0.662,31838.4,35022.240000000005,0.0
2011-01-14 09:00:00,B4104,0.662,0.0,2.93,198.99,-2.848,31838.4,35022.240000000005,3.51
2011-01-14 10:00:00,B4104,0.662,0.0,4.24,198.99,-4.468,31838.4,35022.240000000005,5.13
2011-01-14 11:00:00,B4104,0.662,0.0,4.61,198.99,-4.958,31838.4,35022.240000000005,5.62
2011-01-14 12:00:00,B4104,4.34,0.0,4.29,198.99,-0.9800000000000004,31838.4,35022.240000000005,5.32
2011-01-14 13:00:00,B4104,1.187,0.0,3.47,198.99,-3.2329999999999997,31838.4,35022.240000000005,4.42
2011-01-14 14:00:00,B4104,0.662,0.0,2.92,198.99,-3.208,31838.4,35022.240000000005,3.87
2011-01-14 15:00:00,B4104,0.662,0.0,2.13,198.99,-2.2680000000000002,31838.4,35022.240000000005,2.93
2011-01-14 16:00:00,B4104,0.662,0.0,0.0,198.99,0.322,31838.4,35022.240000000005,0.34
2011-01-14 17:00:00,B4104,1.187,0.0,0.0,198.99,1.187,31838.4,35022.240000000005,0.0
2011-01-14 18:00:00,B4104,4.34,0.0,0.0,198.99,4.34,31838.4,35022.240000000005,0.0
2011-01-14 19:00:00,B4104,5.391,0.0,0.0,198.99,5.391,31838.4,35022.240000000005,0.0
2011-01-14 20:00:00,B4104,1.187,0.0,0.0,198.99,1.187,31838.4,35022.240000000005,0.0
2011-01-14 21:00:00,B4104,1.183,0.0,0.0,198.99,1.183,31838.4,35022.240000000005,0.0
2011-01-14 22:00:00,B4104,1.182,0.0,0.0,198.99,1.182,31838.4,35022.240000000005,0.0
2011-01-14 23:00:00,B4104,0.657,0.0,0.0,198.99,0.657,31838.4,35022.240000000005,0.0
2011-01-15 00:00:00,B4104,0.657,0.0,0.0,198.99,0.657,31838.4,35022.240000000005,0.0
2011-01-15 01:00:00,B4104,0.657,0.0,0.0,198.99,0.657,31838.4,35022.240000000005,0.0
2011-01-15 02:00:00,B4104,0.657,0.0,0.0,198.99,0.657,31838.4,35022.240000000005,0.0
2011-01-15 03:00:00,B4104,0.657,0.0,0.0,198.99,0.657,31838.4,35022.240000000005,0.0
2011-01-15 04:00:00,B4104,0.657,0.0,0.0,198.99,0.657,31838.4,35022.240000000005,0.0
2011-01-15 05:00:00,B4104,1.182,0.0,0.0,198.99,1.182,31838.4,35022.240000000005,0.0
2011-01-15 06:00:00,B4104,4.339,0.0,0.0,198.99,4.339,31838.4,35022.240000000005,0.0
2011-01-15 07:00:00,B4104,1.187,0.0,0.0,198.99,1.187,31838.4,35022.240000000005,0.0
2011-01-15 08:00:00,B4104,3.062,2.4,0.0,198.99,3.062,31838.4,35022.240000000005,0.0
2011-01-15 09:00:00,B4104,3.062,2.4,2.84,198.99,-0.40800000000000036,31838.4,35022.240000000005,3.47
2011-01-15 10:00:00,B4104,3.062,2.4,4.13,198.99,-1.9780000000000002,31838.4,35022.240000000005,5.04
2011-01-15 11:00:00,B4104,3.062,2.4,4.05,198.99,-1.9680000000000004,31838.4,35022.240000000005,5.03
2011-01-15 12:00:00,B4104,6.74,2.4,3.53,198.99,2.26,31838.4,35022.240000000005,4.48
2011-01-15 13:00:00,B4104,1.187,0.0,3.31,198.99,-3.0729999999999995,31838.4,35022.240000000005,4.26
2011-01-15 14:00:00,B4104,0.662,0.0,2.78,198.99,-3.088,31838.4,35022.240000000005,3.75
2011-01-15 15:00:00,B4104,0.662,0.0,2.02,198.99,-2.218,31838.4,35022.240000000005,2.88
2011-01-15 16:00:00,B4104,0.662,0.0,0.72,198.99,-0.43800000000000006,31838.4,35022.240000000005,1.1
2011-01-15 17:00:00,B4104,1.187,0.0,0.0,198.99,1.187,31838.4,35022.240000000005,0.0
2011-01-15 18:00:00,B4104,4.34,0.0,0.0,198.99,4.34,31838.4,35022.240000000005,0.0
2011-01-15 19:00:00,B4104,5.391,0.0,0.0,198.99,5.391,31838.4,35022.240000000005,0.0
2011-01-15 20:00:00,B4104,1.187,0.0,0.0,198.99,1.187,31838.4,35022.240000000005,0.0
2011-01-15 21:00:00,B4104,1.183,0.0,0.0,198.99,1.183,31838.4,35022.240000000005,0.0
2011-01-15 22:00:00,B4104,1.182,0.0,0.0,198.99,1.182,31838.4,35022.240000000005,0.0
2011-01-15 23:00:00,B4104,0.657,0.0,0.0,198.99,0.657,31838.4,35022.240000000005,0.0
2011-01-16 00:00:00,B4104,0.657,0.0,0.0,198.99,0.657,31838.4,35022.240000000005,0.0
2011-01-16 01:00:00,B4104,0.657,0.0,0.0,198.99,0.657,31838.4,35022.240000000005,0.0
2011-01-16 02:00:00,B4104,0.657,0.0,0.0,198.99,0.657,31838.4,35022.240000000005,0.0
2011-01-16 03:00:00,B4104,0.657,0.0,0.0,198.99,0.657,31838.4,35022.240000000005,0.0
2011-01-16 04:00:00,B4104,0.657,0.0,0.0,198.99,0.657,31838.4,35022.240000000005,0.0
2011-01-16 05:00:00,B4104,1.182,0.0,0.0,198.99,1.182,31838.4,35022.240000000005,0.0
2011-01-16 06:00:00,B4104,4.339,0.0,0.0,198.99,4.339,31838.4,35022.240000000005,0.0
2011-01-16 07:00:00,B4104,1.187,0.0,0.0,198.99,1.187,31838.4,35022.240000000005,0.0
2011-01-16 08:00:00,B4104,3.062,2.4,0.0,198.99,3.062,31838.4,35022.240000000005,0.0
2011-01-16 09:00:00,B4104,3.062,2.4,3.27,198.99,-0.8580000000000001,31838.4,35022.240000000005,3.92
2011-01-16 10:00:00,B4104,3.062,2.4,4.53,198.99,-2.408,31838.4,35022.240000000005,5.47
2011-01-16 11:00:00,B4104,3.062,2.4,4.7,198.99,-2.6780000000000004,31838.4,35022.240000000005,5.74
2011-01-16 12:00:00,B4104,6.74,2.4,4.23,198.99,1.4800000000000004,31838.4,35022.240000000005,5.26
2011-01-16 13:00:00,B4104,1.187,0.0,4.07,198.99,-3.9029999999999996,31838.4,35022.240000000005,5.09
2011-01-16 14:00:00,B4104,0.662,0.0,3.93,198.99,-4.258,31838.4,35022.240000000005,4.92
2011-01-16 15:00:00,B4104,0.662,0.0,2.75,198.99,-2.688,31838.4,35022.240000000005,3.35
2011-01-16 16:00:00,B4104,0.662,0.0,0.0,198.99,0.662,31838.4,35022.240000000005,0.0
2011-01-16 17:00:00,B4104,1.187,0.0,0.0,198.99,1.187,31838.4,35022.240000000005,0.0
2011-01-16 18:00:00,B4104,4.34,0.0,0.0,198.99,4.34,31838.4,35022.240000000005,0.0
2011-01-16 19:00:00,B4104,5.391,0.0,0.0,198.99,5.391,31838.4,35022.240000000005,0.0
2011-01-16 20:00:00,B4104,1.187,0.0,0.0,198.99,1.187,31838.4,35022.240000000005,0.0
2011-01-16 21:00:00,B4104,1.183,0.0,0.0,198.99,1.183,31838.4,35022.240000000005,0.0
2011-01-16 22:00:00,B4104,1.183,0.0,0.0,198.99,1.183,31838.4,35022.240000000005,0.0
2011-01-16 23:00:00,B4104,0.657,0.0,0.0,198.99,0.657,31838.4,35022.240000000005,0.0
2011-01-17 00:00:00,B4104,3.057,2.4,0.0,198.99,3.057,31838.4,35022.240000000005,0.0
2011-01-17 01:00:00,B4104,3.057,2.4,0.0,198.99,3.057,31838.4,35022.240000000005,0.0
2011-01-17 02:00:00,B4104,3.057,2.4,0.0,198.99,3.057,31838.4,35022.240000000005,0.0
2011-01-17 03:00:00,B4104,3.057,2.4,0.0,198.99,3.057,31838.4,35022.240000000005,0.0
2011-01-17 04:00:00,B4104,3.057,2.4,0.0,198.99,3.057,31838.4,35022.240000000005,0.0
2011-01-17 05:00:00,B4104,1.183,0.0,0.0,198.99,1.183,31838.4,35022.240000000005,0.0
2011-01-17 06:00:00,B4104,4.34,0.0,0.0,198.99,4.34,31838.4,35022.240000000005,0.0
2011-01-17 07:00:00,B4104,1.188,0.0,0.0,198.99,1.188,31838.4,35022.240000000005,0.0
2011-01-17 08:00:00,B4104,0.662,0.0,0.0,198.99,0.662,31838.4,35022.240000000005,0.0
2011-01-17 09:00:00,B4104,0.662,0.0,2.49,198.99,-2.388,31838.4,35022.240000000005,3.05
2011-01-17 10:00:00,B4104,0.662,0.0,3.81,198.99,-3.9779999999999998,31838.4,35022.240000000005,4.64
2011-01-17 11:00:00,B4104,0.662,0.0,4.49,198.99,-4.768,31838.4,35022.240000000005,5.43
2011-01-17 12:00:00,B4104,4.34,0.0,4.42,198.99,-1.08,31838.4,35022.240000000005,5.42
2011-01-17 13:00:00,B4104,1.187,0.0,4.14,198.99,-3.9529999999999994,31838.4,35022.240000000005,5.14
2011-01-17 14:00:00,B4104,0.662,0.0,4.06,198.99,-4.388,31838.4,35022.240000000005,5.05
2011-01-17 15:00:00,B4104,0.662,0.0,2.98,198.99,-3.048,31838.4,35022.240000000005,3.71
2011-01-17 16:00:00,B4104,0.662,0.0,0.0,198.99,0.37200000000000005,31838.4,35022.240000000005,0.29
2011-01-17 17:00:00,B4104,1.187,0.0,0.0,198.99,1.187,31838.4,35022.240000000005,0.0
2011-01-17 18:00:00,B4104,4.34,0.0,0.0,198.99,4.34,31838.4,35022.240000000005,0.0
2011-01-17 19:00:00,B4104,5.386,0.0,0.0,198.99,5.386,31838.4,35022.240000000005,0.0
2011-01-17 20:00:00,B4104,1.187,0.0,0.0,198.99,1.187,31838.4,35022.240000000005,0.0
2011-01-17 21:00:00,B4104,1.183,0.0,0.0,198.99,1.183,31838.4,35022.240000000005,0.0
2011-01-17 22:00:00,B4104,1.182,0.0,0.0,198.99,1.182,31838.4,35022.240000000005,0.0
2011-01-17 23:00:00,B4104,0.657,0.0,0.0,198.99,0.657,31838.4,35022.240000000005,0.0
2011-01-18 00:00:00,B4104,3.057,2.4,0.0,198.99,3.057,31838.4,35022.240000000005,0.0
2011-01-18 01:00:00,B4104,3.057,2.4,0.0,198.99,3.057,31838.4,35022.240000000005,0.0
2011-01-18 02:00:00,B4104,3.057,2.4,0.0,198.99,3.057,31838.4,35022.240000000005,0.0
2011-01-18 03:00:00,B4104,3.057,2.4,0.0,198.99,3.057,31838.4,35022.240000000005,0.0
2011-01-18 04:00:00,B4104,3.057,2.4,0.0,198.99,3.057,31838.4,35022.240000000005,0.0
2011-01-18 05:00:00,B4104,1.183,0.0,0.0,198.99,1.183,31838.4,35022.240000000005,0.0
2011-01-18 06:00:00,B4104,4.34,0.0,0.0,198.99,4.34,31838.4,35022.240000000005,0.0
2011-01-18 07:00:00,B4104,1.188,0.0,0.0,198.99,1.188,31838.4,35022.240000000005,0.0
2011-01-18 08:00:00,B4104,0.662,0.0,0.0,198.99,0.662,31838.4,35022.240000000005,0.0
2011-01-18 09:00:00,B4104,0.662,0.0,3.28,198.99,-3.2680000000000002,31838.4,35022.240000000005,3.93
2011-01-18 10:00:00,B4104,0.662,0.0,4.59,198.99,-4.888,31838.4,35022.240000000005,5.55
2011-01-18 11:00:00,B4104,0.662,0.0,5.0,198.99,-5.438,31838.4,35022.240000000005,6.1
2011-01-18 12:00:00,B4104,4.34,0.0,4.19,198.99,-0.8900000000000006,31838.4,35022.240000000005,5.23
2011-01-18 13:00:00,B4104,1.187,0.0,3.54,198.99,-3.3229999999999995,31838.4,35022.240000000005,4.51
2011-01-18 14:00:00,B4104,0.662,0.0,3.31,198.99,-3.678,31838.4,35022.240000000005,4.34
2011-01-18 15:00:00,B4104,0.662,0.0,2.61,198.99,-2.888,31838.4,35022.240000000005,3.55
2011-01-18 16:00:00,B4104,0.662,0.0,1.02,198.99,-0.7779999999999999,31838.4,35022.240000000005,1.44
2011-01-18 17:00:00,B4104,1.187,0.0,0.0,198.99,1.187,31838.4,35022.240000000005,0.0
2011-01-18 18:00:00,B4104,4.34,0.0,0.0,198.99,4.34,31838.4,35022.240000000005,0.0
2011-01-18 19:00:00,B4104,5.391,0.0,0.0,198.99,5.391,31838.4,35022.240000000005,0.0
2011-01-18 20:00:00,B4104,1.187,0.0,0.0,198.99,1.187,31838.4,35022.240000000005,0.0
2011-01-18 21:00:00,B4104,1.183,0.0,0.0,198.99,1.183,31838.4,35022.240000000005,0.0
2011-01-18 22:00:00,B4104,1.182,0.0,0.0,198.99,1.182,31838.4,35022.240000000005,0.0
2011-01-18 23:00:00,B4104,0.657,0.0,0.0,198.99,0.657,31838.4,35022.240000000005,0.0
2011-01-19 00:00:00,B4104,3.057,2.4,0.0,198.99,3.057,31838.4,35022.240000000005,0.0
2011-01-19 01:00:00,B4104,3.057,2.4,0.0,198.99,3.057,31838.4,35022.240000000005,0.0
2011-01-19 02:00:00,B4104,3.057,2.4,0.0,198.99,3.057,31838.4,35022.240000000005,0.0
2011-01-19 03:00:00,B4104,3.057,2.4,0.0,198.99,3.057,31838.4,35022.240000000005,0.0
2011-01-19 04:00:00,B4104,3.057,2.4,0.0,198.99,3.057,31838.4,35022.240000000005,0.0
2011-01-19 05:00:00,B4104,1.183,0.0,0.0,198.99,1.183,31838.4,35022.240000000005,0.0
2011-01-19 06:00:00,B4104,4.34,0.0,0.0,198.99,4.34,31838.4,35022.240000000005,0.0
2011-01-19 07:00:00,B4104,1.188,0.0,0.0,198.99,1.188,31838.4,35022.240000000005,0.0
2011-01-19 08:00:00,B4104,0.662,0.0,0.0,198.99,0.662,31838.4,35022.240000000005,0.0
2011-01-19 09:00:00,B4104,0.662,0.0,3.52,198.99,-3.518,31838.4,35022.240000000005,4.18
2011-01-19 10:00:00,B4104,0.662,0.0,4.0,198.99,-4.268,31838.4,35022.240000000005,4.93
2011-01-19 11:00:00,B4104,0.662,0.0,3.77,198.99,-4.088,31838.4,35022.240000000005,4.75
2011-01-19 12:00:00,B4104,4.34,0.0,3.66,198.99,-0.2999999999999998,31838.4,35022.240000000005,4.64
2011-01-19 13:00:00,B4104,1.187,0.0,3.11,198.99,-2.8629999999999995,31838.4,35022.240000000005,4.05
2011-01-19 14:00:00,B4104,0.662,0.0,2.44,198.99,-2.698,31838.4,35022.240000000005,3.36
2011-01-19 15:00:00,B4104,0.662,0.0,1.99,198.99,-2.218,31838.4,35022.240000000005,2.88
2011-01-19 16:00:00,B4104,0.662,0.0,0.72,198.99,-0.47799999999999987,31838.4,35022.240000000005,1.14
2011-01-19 17:00:00,B4104,1.187,0.0,0.0,198.99,1.187,31838.4,35022.240000000005,0.0
2011-01-19 18:00:00,B4104,4.34,0.0,0.0,198.99,4.34,31838.4,35022.240000000005,0.0
2011-01-19 19:00:00,B4104,5.391,0.0,0.0,198.99,5.391,31838.4,35022.240000000005,0.0
2011-01-19 20:00:00,B4104,1.187,0.0,0.0,198.99,1.187,31838.4,35022.240000000005,0.0
2011-01-19 21:00:00,B4104,1.183,0.0,0.0,198.99,1.183,31838.4,35022.240000000005,0.0
2011-01-19 22:00:00,B4104,1.182,0.0,0.0,198.99,1.182,31838.4,35022.240000000005,0.0
2011-01-19 23:00:00,B4104,0.657,0.0,0.0,198.99,0.657,31838.4,35022.240000000005,0.0
2011-01-20 00:00:00,B4104,3.057,2.4,0.0,198.99,3.057,31838.4,35022.240000000005,0.0
2011-01-20 01:00:00,B4104,3.057,2.4,0.0,198.99,3.057,31838.4,35022.240000000005,0.0
2011-01-20 02:00:00,B4104,3.057,2.4,0.0,198.99,3.057,31838.4,35022.240000000005,0.0
2011-01-20 03:00:00,B4104,3.057,2.4,0.0,198.99,3.057,31838.4,35022.240000000005,0.0
2011-01-20 04:00:00,B4104,3.057,2.4,0.0,198.99,3.057,31838.4,35022.240000000005,0.0
2011-01-20 05:00:00,B4104,1.183,0.0,0.0,198.99,1.183,31838.4,35022.240000000005,0.0
2011-01-20 06:00:00,B4104,4.34,0.0,0.0,198.99,4.34,31838.4,35022.240000000005,0.0
2011-01-20 07:00:00,B4104,1.188,0.0,0.0,198.99,1.188,31838.4,35022.240000000005,0.0
2011-01-20 08:00:00,B4104,0.662,0.0,0.0,198.99,0.662,31838.4,35022.240000000005,0.0
2011-01-20 09:00:00,B4104,0.662,0.0,2.33,198.99,-2.3280000000000003,31838.4,35022.240000000005,2.99
2011-01-20 10:00:00,B4104,0.662,0.0,2.56,198.99,-2.708,31838.4,35022.240000000005,3.37
2011-01-20 11:00:00,B4104,0.662,0.0,2.56,198.99,-2.738,31838.4,35022.240000000005,3.4
2011-01-20 12:00:00,B4104,4.34,0.0,2.59,198.99,0.8899999999999997,31838.4,35022.240000000005,3.45
2011-01-20 13:00:00,B4104,1.187,0.0,2.65,198.99,-2.333,31838.4,35022.240000000005,3.52
2011-01-20 14:00:00,B4104,0.662,0.0,2.68,198.99,-2.988,31838.4,35022.240000000005,3.65
2011-01-20 15:00:00,B4104,0.662,0.0,2.33,198.99,-2.588,31838.4,35022.240000000005,3.25
2011-01-20 16:00:00,B4104,0.662,0.0,1.01,198.99,-0.7879999999999999,31838.4,35022.240000000005,1.45
2011-01-20 17:00:00,B4104,1.187,0.0,0.0,198.99,1.187,31838.4,35022.240000000005,0.0
2011-01-20 18:00:00,B4104,4.34,0.0,0.0,198.99,4.34,31838.4,35022.240000000005,0.0
2011-01-20 19:00:00,B4104,5.391,0.0,0.0,198.99,5.391,31838.4,35022.240000000005,0.0
2011-01-20 20:00:00,B4104,1.187,0.0,0.0,198.99,1.187,31838.4,35022.240000000005,0.0
2011-01-20 21:00:00,B4104,1.183,0.0,0.0,198.99,1.183,31838.4,35022.240000000005,0.0
2011-01-20 22:00:00,B4104,1.182,0.0,0.0,198.99,1.182,31838.4,35022.240000000005,0.0
2011-01-20 23:00:00,B4104,0.657,0.0,0.0,198.99,0.657,31838.4,35022.240000000005,0.0
2011-01-21 00:00:00,B4104,3.057,2.4,0.0,198.99,3.057,31838.4,35022.240000000005,0.0
2011-01-21 01:00:00,B4104,3.057,2.4,0.0,198.99,3.057,31838.4,35022.240000000005,0.0
2011-01-21 02:00:00,B4104,3.057,2.4,0.0,198.99,3.057,31838.4,35022.240000000005,0.0
2011-01-21 03:00:00,B4104,3.057,2.4,0.0,198.99,3.057,31838.4,35022.240000000005,0.0
2011-01-21 04:00:00,B4104,3.057,2.4,0.0,198.99,3.057,31838.4,35022.240000000005,0.0
2011-01-21 05:00:00,B4104,1.183,0.0,0.0,198.99,1.183,31838.4,35022.240000000005,0.0
2011-01-21 06:00:00,B4104,4.34,0.0,0.0,198.99,4.34,31838.4,35022.240000000005,0.0
2011-01-21 07:00:00,B4104,1.188,0.0,0.0,198.99,1.188,31838.4,35022.240000000005,0.0
2011-01-21 08:00:00,B4104,0.662,0.0,0.0,198.99,0.662,31838.4,35022.240000000005,0.0
2011-01-21 09:00:00,B4104,0.662,0.0,2.06,198.99,-2.028,31838.4,35022.240000000005,2.69
2011-01-21 10:00:00,B4104,0.662,0.0,2.29,198.99,-2.418,31838.4,35022.240000000005,3.08
2011-01-21 11:00:00,B4104,0.662,0.0,2.39,198.99,-2.5580000000000003,31838.4,35022.240000000005,3.22
2011-01-21 12:00:00,B4104,4.34,0.0,2.56,198.99,0.9199999999999999,31838.4,35022.240000000005,3.42
2011-01-21 13:00:00,B4104,1.187,0.0,2.65,198.99,-2.343,31838.4,35022.240000000005,3.53
2011-01-21 14:00:00,B4104,0.662,0.0,2.46,198.99,-2.748,31838.4,35022.240000000005,3.41
2011-01-21 15:00:00,B4104,0.662,0.0,1.98,198.99,-2.228,31838.4,35022.240000000005,2.89
2011-01-21 16:00:00,B4104,0.662,0.0,0.73,198.99,-0.5179999999999999,31838.4,35022.240000000005,1.18
2011-01-21 17:00:00,B4104,1.187,0.0,0.0,198.99,1.187,31838.4,35022.240000000005,0.0
2011-01-21 18:00:00,B4104,4.34,0.0,0.0,198.99,4.34,31838.4,35022.240000000005,0.0
2011-01-21 19:00:00,B4104,5.391,0.0,0.0,198.99,5.391,31838.4,35022.240000000005,0.0
2011-01-21 20:00:00,B4104,1.187,0.0,0.0,198.99,1.187,31838.4,35022.240000000005,0.0
2011-01-21 21:00:00,B4104,1.183,0.0,0.0,198.99,1.183,31838.4,35022.240000000005,0.0
2011-01-21 22:00:00,B4104,1.182,0.0,0.0,198.99,1.182,31838.4,35022.240000000005,0.0
2011-01-21 23:00:00,B4104,0.657,0.0,0.0,198.99,0.657,31838.4,35022.240000000005,0.0
2011-01-22 00:00:00,B4104,0.657,0.0,0.0,198.99,0.657,31838.4,35022.240000000005,0.0
2011-01-22 01:00:00,B4104,0.657,0.0,0.0,198.99,0.657,31838.4,35022.240000000005,0.0
2011-01-22 02:00:00,B4104,0.657,0.0,0.0,198.99,0.657,31838.4,35022.240000000005,0.0
2011-01-22 03:00:00,B4104,0.657,0.0,0.0,198.99,0.657,31838.4,35022.240000000005,0.0
2011-01-22 04:00:00,B4104,0.657,0.0,0.0,198.99,0.657,31838.4,35022.240000000005,0.0
2011-01-22 05:00:00,B4104,1.182,0.0,0.0,198.99,1.182,31838.4,35022.240000000005,0.0
2011-01-22 06:00:00,B4104,4.339,0.0,0.0,198.99,4.339,31838.4,35022.240000000005,0.0
2011-01-22 07:00:00,B4104,1.187,0.0,0.0,198.99,1.187,31838.4,35022.240000000005,0.0
2011-01-22 08:00:00,B4104,3.062,2.4,0.0,198.99,3.062,31838.4,35022.240000000005,0.0
2011-01-22 09:00:00,B4104,3.062,2.4,3.33,198.99,-1.028,31838.4,35022.240000000005,4.09
2011-01-22 10:00:00,B4104,3.062,2.4,3.99,198.99,-1.8880000000000003,31838.4,35022.240000000005,4.95
2011-01-22 11:00:00,B4104,3.062,2.4,3.9,198.99,-1.858,31838.4,35022.240000000005,4.92
2011-01-22 12:00:00,B4104,6.74,2.4,3.62,198.99,2.12,31838.4,35022.240000000005,4.62
2011-01-22 13:00:00,B4104,1.187,0.0,3.43,198.99,-3.2429999999999994,31838.4,35022.240000000005,4.43
2011-01-22 14:00:00,B4104,0.662,0.0,3.21,198.99,-3.588,31838.4,35022.240000000005,4.25
2011-01-22 15:00:00,B4104,0.662,0.0,2.62,198.99,-2.948,31838.4,35022.240000000005,3.61
2011-01-22 16:00:00,B4104,0.662,0.0,1.1,198.99,-0.918,31838.4,35022.240000000005,1.58
2011-01-22 17:00:00,B4104,1.187,0.0,0.0,198.99,1.187,31838.4,35022.240000000005,0.0
2011-01-22 18:00:00,B4104,4.34,0.0,0.0,198.99,4.34,31838.4,35022.240000000005,0.0
2011-01-22 19:00:00,B4104,5.391,0.0,0.0,198.99,5.391,31838.4,35022.240000000005,0.0
2011-01-22 20:00:00,B4104,1.187,0.0,0.0,198.99,1.187,31838.4,35022.240000000005,0.0
2011-01-22 21:00:00,B4104,1.183,0.0,0.0,198.99,1.183,31838.4,35022.240000000005,0.0
2011-01-22 22:00:00,B4104,1.182,0.0,0.0,198.99,1.182,31838.4,35022.240000000005,0.0
2011-01-22 23:00:00,B4104,0.657,0.0,0.0,198.99,0.657,31838.4,35022.240000000005,0.0
2011-01-23 00:00:00,B4104,0.657,0.0,0.0,198.99,0.657,31838.4,35022.240000000005,0.0
2011-01-23 01:00:00,B4104,0.657,0.0,0.0,198.99,0.657,31838.4,35022.240000000005,0.0
2011-01-23 02:00:00,B4104,0.657,0.0,0.0,198.99,0.657,31838.4,35022.240000000005,0.0
2011-01-23 03:00:00,B4104,0.657,0.0,0.0,198.99,0.657,31838.4,35022.240000000005,0.0
2011-01-23 04:00:00,B4104,0.657,0.0,0.0,198.99,0.657,31838.4,35022.240000000005,0.0
2011-01-23 05:00:00,B4104,1.182,0.0,0.0,198.99,1.182,31838.4,35022.240000000005,0.0
2011-01-23 06:00:00,B4104,4.339,0.0,0.0,198.99,4.339,31838.4,35022.240000000005,0.0
2011-01-23 07:00:00,B4104,1.187,0.0,0.0,198.99,1.187,31838.4,35022.240000000005,0.0
2011-01-23 08:00:00,B4104,3.062,2.4,0.0,198.99,3.062,31838.4,35022.240000000005,0.0
2011-01-23 09:00:00,B4104,3.062,2.4,3.43,198.99,-1.1280000000000006,31838.4,35022.240000000005,4.19
2011-01-23 10:00:00,B4104,3.062,2.4,4.19,198.99,-2.108,31838.4,35022.240000000005,5.17
2011-01-23 11:00:00,B4104,3.062,2.4,4.42,198.99,-2.398,31838.4,35022.240000000005,5.46
2011-01-23 12:00:00,B4104,6.74,2.4,4.83,198.99,0.8200000000000003,31838.4,35022.240000000005,5.92
2011-01-23 13:00:00,B4104,1.187,0.0,4.83,198.99,-4.7829999999999995,31838.4,35022.240000000005,5.97
2011-01-23 14:00:00,B4104,0.662,0.0,4.22,198.99,-4.698,31838.4,35022.240000000005,5.36
2011-01-23 15:00:00,B4104,0.662,0.0,3.25,198.99,-3.628,31838.4,35022.240000000005,4.29
2011-01-23 16:00:00,B4104,0.662,0.0,1.2,198.99,-0.9979999999999999,31838.4,35022.240000000005,1.66
2011-01-23 17:00:00,B4104,1.187,0.0,0.0,198.99,1.187,31838.4,35022.240000000005,0.0
2011-01-23 18:00:00,B4104,4.34,0.0,0.0,198.99,4.34,31838.4,35022.240000000005,0.0
2011-01-23 19:00:00,B4104,5.391,0.0,0.0,198.99,5.391,31838.4,35022.240000000005,0.0
2011-01-23 20:00:00,B4104,1.187,0.0,0.0,198.99,1.187,31838.4,35022.240000000005,0.0
2011-01-23 21:00:00,B4104,1.183,0.0,0.0,198.99,1.183,31838.4,35022.240000000005,0.0
2011-01-23 22:00:00,B4104,1.183,0.0,0.0,198.99,1.183,31838.4,35022.240000000005,0.0
2011-01-23 23:00:00,B4104,0.657,0.0,0.0,198.99,0.657,31838.4,35022.240000000005,0.0
2011-01-24 00:00:00,B4104,3.057,2.4,0.0,198.99,3.057,31838.4,35022.240000000005,0.0
2011-01-24 01:00:00,B4104,3.057,2.4,0.0,198.99,3.057,31838.4,35022.240000000005,0.0
2011-01-24 02:00:00,B4104,3.057,2.4,0.0,198.99,3.057,31838.4,35022.240000000005,0.0
2011-01-24 03:00:00,B4104,3.057,2.4,0.0,198.99,3.057,31838.4,35022.240000000005,0.0
2011-01-24 04:00:00,B4104,3.057,2.4,0.0,198.99,3.057,31838.4,35022.240000000005,0.0
2011-01-24 05:00:00,B4104,1.183,0.0,0.0,198.99,1.183,31838.4,35022.240000000005,0.0
2011-01-24 06:00:00,B4104,4.34,0.0,0.0,198.99,4.34,31838.4,35022.240000000005,0.0
2011-01-24 07:00:00,B4104,1.188,0.0,0.0,198.99,1.188,31838.4,35022.240000000005,0.0
2011-01-24 08:00:00,B4104,0.662,0.0,0.0,198.99,0.532,31838.4,35022.240000000005,0.13
2011-01-24 09:00:00,B4104,0.662,0.0,2.27,198.99,-2.008,31838.4,35022.240000000005,2.67
2011-01-24 10:00:00,B4104,0.662,0.0,3.28,198.99,-3.378,31838.4,35022.240000000005,4.04
2011-01-24 11:00:00,B4104,0.662,0.0,3.37,198.99,-3.588,31838.4,35022.240000000005,4.25
2011-01-24 12:00:00,B4104,4.34,0.0,3.56,198.99,-0.15000000000000036,31838.4,35022.240000000005,4.49
2011-01-24 13:00:00,B4104,1.187,0.0,4.24,198.99,-4.093,31838.4,35022.240000000005,5.28
2011-01-24 14:00:00,B4104,0.662,0.0,4.34,198.99,-4.748,31838.4,35022.240000000005,5.41
2011-01-24 15:00:00,B4104,0.662,0.0,3.24,198.99,-3.508,31838.4,35022.240000000005,4.17
2011-01-24 16:00:00,B4104,0.662,0.0,1.28,198.99,-1.0379999999999998,31838.4,35022.240000000005,1.7
2011-01-24 17:00:00,B4104,1.187,0.0,0.0,198.99,1.187,31838.4,35022.240000000005,0.0
2011-01-24 18:00:00,B4104,4.34,0.0,0.0,198.99,4.34,31838.4,35022.240000000005,0.0
2011-01-24 19:00:00,B4104,5.391,0.0,0.0,198.99,5.391,31838.4,35022.240000000005,0.0
2011-01-24 20:00:00,B4104,1.187,0.0,0.0,198.99,1.187,31838.4,35022.240000000005,0.0
2011-01-24 21:00:00,B4104,1.183,0.0,0.0,198.99,1.183,31838.4,35022.240000000005,0.0
2011-01-24 22:00:00,B4104,1.182,0.0,0.0,198.99,1.182,31838.4,35022.240000000005,0.0
2011-01-24 23:00:00,B4104,0.657,0.0,0.0,198.99,0.657,31838.4,35022.240000000005,0.0
2011-01-25 00:00:00,B4104,3.057,2.4,0.0,198.99,3.057,31838.4,35022.240000000005,0.0
2011-01-25 01:00:00,B4104,3.057,2.4,0.0,198.99,3.057,31838.4,35022.240000000005,0.0
2011-01-25 02:00:00,B4104,3.057,2.4,0.0,198.99,3.057,31838.4,35022.240000000005,0.0
2011-01-25 03:00:00,B4104,3.057,2.4,0.0,198.99,3.057,31838.4,35022.240000000005,0.0
2011-01-25 04:00:00,B4104,3.057,2.4,0.0,198.99,3.057,31838.4,35022.240000000005,0.0
2011-01-25 05:00:00,B4104,1.183,0.0,0.0,198.99,1.183,31838.4,35022.240000000005,0.0
2011-01-25 06:00:00,B4104,4.34,0.0,0.0,198.99,4.34,31838.4,35022.240000000005,0.0
2011-01-25 07:00:00,B4104,1.188,0.0,0.0,198.99,1.188,31838.4,35022.240000000005,0.0
2011-01-25 08:00:00,B4104,0.662,0.0,1.31,198.99,-0.928,31838.4,35022.240000000005,1.59
2011-01-25 09:00:00,B4104,0.662,0.0,2.63,198.99,-2.528,31838.4,35022.240000000005,3.19
2011-01-25 10:00:00,B4104,0.662,0.0,3.66,198.99,-3.7279999999999998,31838.4,35022.240000000005,4.39
2011-01-25 11:00:00,B4104,0.662,0.0,4.37,198.99,-4.558,31838.4,35022.240000000005,5.22
2011-01-25 12:00:00,B4104,4.34,0.0,4.78,198.99,-1.37,31838.4,35022.240000000005,5.71
2011-01-25 13:00:00,B4104,1.187,0.0,4.59,198.99,-4.372999999999999,31838.4,35022.240000000005,5.56
2011-01-25 14:00:00,B4104,0.662,0.0,3.61,198.99,-3.888,31838.4,35022.240000000005,4.55
2011-01-25 15:00:00,B4104,0.662,0.0,2.34,198.99,-2.378,31838.4,35022.240000000005,3.04
2011-01-25 16:00:00,B4104,0.662,0.0,0.0,198.99,0.402,31838.4,35022.240000000005,0.26
2011-01-25 17:00:00,B4104,1.187,0.0,0.0,198.99,1.187,31838.4,35022.240000000005,0.0
2011-01-25 18:00:00,B4104,4.34,0.0,0.0,198.99,4.34,31838.4,35022.240000000005,0.0
2011-01-25 19:00:00,B4104,5.391,0.0,0.0,198.99,5.391,31838.4,35022.240000000005,0.0
2011-01-25 20:00:00,B4104,1.187,0.0,0.0,198.99,1.187,31838.4,35022.240000000005,0.0
2011-01-25 21:00:00,B4104,1.183,0.0,0.0,198.99,1.183,31838.4,35022.240000000005,0.0
2011-01-25 22:00:00,B4104,1.182,0.0,0.0,198.99,1.182,31838.4,35022.240000000005,0.0
2011-01-25 23:00:00,B4104,0.657,0.0,0.0,198.99,0.657,31838.4,35022.240000000005,0.0
2011-01-26 00:00:00,B4104,3.057,2.4,0.0,198.99,3.057,31838.4,35022.240000000005,0.0
2011-01-26 01:00:00,B4104,3.057,2.4,0.0,198.99,3.057,31838.4,35022.240000000005,0.0
2011-01-26 02:00:00,B4104,3.057,2.4,0.0,198.99,3.057,31838.4,35022.240000000005,0.0
2011-01-26 03:00:00,B4104,3.057,2.4,0.0,198.99,3.057,31838.4,35022.240000000005,0.0
2011-01-26 04:00:00,B4104,3.057,2.4,0.0,198.99,3.057,31838.4,35022.240000000005,0.0
2011-01-26 05:00:00,B4104,1.183,0.0,0.0,198.99,1.183,31838.4,35022.240000000005,0.0
2011-01-26 06:00:00,B4104,4.34,0.0,0.0,198.99,4.34,31838.4,35022.240000000005,0.0
2011-01-26 07:00:00,B4104,1.188,0.0,0.0,198.99,1.188,31838.4,35022.240000000005,0.0
2011-01-26 08:00:00,B4104,0.662,0.0,1.49,198.99,-1.178,31838.4,35022.240000000005,1.84
2011-01-26 09:00:00,B4104,0.662,0.0,2.71,198.99,-2.738,31838.4,35022.240000000005,3.4
2011-01-26 10:00:00,B4104,0.662,0.0,3.06,198.99,-3.248,31838.4,35022.240000000005,3.91
2011-01-26 11:00:00,B4104,0.662,0.0,3.25,198.99,-3.518,31838.4,35022.240000000005,4.18
2011-01-26 12:00:00,B4104,4.34,0.0,3.05,198.99,0.3899999999999997,31838.4,35022.240000000005,3.95
2011-01-26 13:00:00,B4104,1.187,0.0,2.62,198.99,-2.293,31838.4,35022.240000000005,3.48
2011-01-26 14:00:00,B4104,0.662,0.0,2.36,198.99,-2.598,31838.4,35022.240000000005,3.26
2011-01-26 15:00:00,B4104,0.662,0.0,1.91,198.99,-2.138,31838.4,35022.240000000005,2.8
2011-01-26 16:00:00,B4104,0.662,0.0,1.1,198.99,-1.1179999999999999,31838.4,35022.240000000005,1.78
2011-01-26 17:00:00,B4104,1.187,0.0,0.0,198.99,1.187,31838.4,35022.240000000005,0.0
2011-01-26 18:00:00,B4104,4.34,0.0,0.0,198.99,4.34,31838.4,35022.240000000005,0.0
2011-01-26 19:00:00,B4104,5.391,0.0,0.0,198.99,5.391,31838.4,35022.240000000005,0.0
2011-01-26 20:00:00,B4104,1.187,0.0,0.0,198.99,1.187,31838.4,35022.240000000005,0.0
2011-01-26 21:00:00,B4104,1.183,0.0,0.0,198.99,1.183,31838.4,35022.240000000005,0.0
2011-01-26 22:00:00,B4104,1.182,0.0,0.0,198.99,1.182,31838.4,35022.240000000005,0.0
2011-01-26 23:00:00,B4104,0.657,0.0,0.0,198.99,0.657,31838.4,35022.240000000005,0.0
2011-01-27 00:00:00,B4104,3.057,2.4,0.0,198.99,3.057,31838.4,35022.240000000005,0.0
2011-01-27 01:00:00,B4104,3.057,2.4,0.0,198.99,3.057,31838.4,35022.240000000005,0.0
2011-01-27 02:00:00,B4104,3.057,2.4,0.0,198.99,3.057,31838.4,35022.240000000005,0.0
2011-01-27 03:00:00,B4104,3.057,2.4,0.0,198.99,3.057,31838.4,35022.240000000005,0.0
2011-01-27 04:00:00,B4104,3.057,2.4,0.0,198.99,3.057,31838.4,35022.240000000005,0.0
2011-01-27 05:00:00,B4104,1.183,0.0,0.0,198.99,1.183,31838.4,35022.240000000005,0.0
2011-01-27 06:00:00,B4104,4.34,0.0,0.0,198.99,4.34,31838.4,35022.240000000005,0.0
2011-01-27 07:00:00,B4104,1.188,0.0,0.0,198.99,1.188,31838.4,35022.240000000005,0.0
2011-01-27 08:00:00,B4104,0.662,0.0,1.18,198.99,-0.7779999999999999,31838.4,35022.240000000005,1.44
2011-01-27 09:00:00,B4104,0.662,0.0,2.34,198.99,-2.228,31838.4,35022.240000000005,2.89
2011-01-27 10:00:00,B4104,0.662,0.0,3.38,198.99,-3.5280000000000005,31838.4,35022.240000000005,4.19
2011-01-27 11:00:00,B4104,0.662,0.0,3.99,198.99,-4.268,31838.4,35022.240000000005,4.93
2011-01-27 12:00:00,B4104,4.34,0.0,4.58,198.99,-1.2400000000000002,31838.4,35022.240000000005,5.58
2011-01-27 13:00:00,B4104,1.187,0.0,4.58,198.99,-4.403,31838.4,35022.240000000005,5.59
2011-01-27 14:00:00,B4104,0.662,0.0,3.44,198.99,-3.7380000000000004,31838.4,35022.240000000005,4.4
2011-01-27 15:00:00,B4104,0.662,0.0,2.39,198.99,-2.5780000000000003,31838.4,35022.240000000005,3.24
2011-01-27 16:00:00,B4104,0.662,0.0,1.1,198.99,-1.008,31838.4,35022.240000000005,1.67
2011-01-27 17:00:00,B4104,1.187,0.0,0.0,198.99,1.187,31838.4,35022.240000000005,0.0
2011-01-27 18:00:00,B4104,4.34,0.0,0.0,198.99,4.34,31838.4,35022.240000000005,0.0
2011-01-27 19:00:00,B4104,5.391,0.0,0.0,198.99,5.391,31838.4,35022.240000000005,0.0
2011-01-27 20:00:00,B4104,1.187,0.0,0.0,198.99,1.187,31838.4,35022.240000000005,0.0
2011-01-27 21:00:00,B4104,1.183,0.0,0.0,198.99,1.183,31838.4,35022.240000000005,0.0
2011-01-27 22:00:00,B4104,1.182,0.0,0.0,198.99,1.182,31838.4,35022.240000000005,0.0
2011-01-27 23:00:00,B4104,0.657,0.0,0.0,198.99,0.657,31838.4,35022.240000000005,0.0
2011-01-28 00:00:00,B4104,3.057,2.4,0.0,198.99,3.057,31838.4,35022.240000000005,0.0
2011-01-28 01:00:00,B4104,3.057,2.4,0.0,198.99,3.057,31838.4,35022.240000000005,0.0
2011-01-28 02:00:00,B4104,3.057,2.4,0.0,198.99,3.057,31838.4,35022.240000000005,0.0
2011-01-28 03:00:00,B4104,3.057,2.4,0.0,198.99,3.057,31838.4,35022.240000000005,0.0
2011-01-28 04:00:00,B4104,3.057,2.4,0.0,198.99,3.057,31838.4,35022.240000000005,0.0
2011-01-28 05:00:00,B4104,1.183,0.0,0.0,198.99,1.183,31838.4,35022.240000000005,0.0
2011-01-28 06:00:00,B4104,4.34,0.0,0.0,198.99,4.34,31838.4,35022.240000000005,0.0
2011-01-28 07:00:00,B4104,1.188,0.0,0.0,198.99,1.188,31838.4,35022.240000000005,0.0
2011-01-28 08:00:00,B4104,0.662,0.0,0.98,198.99,-0.598,31838.4,35022.240000000005,1.26
2011-01-28 09:00:00,B4104,0.662,0.0,2.13,198.99,-2.028,31838.4,35022.240000000005,2.69
2011-01-28 10:00:00,B4104,0.662,0.0,2.69,198.99,-2.7680000000000002,31838.4,35022.240000000005,3.43
2011-01-28 11:00:00,B4104,0.662,0.0,3.08,198.99,-3.258,31838.4,35022.240000000005,3.92
2011-01-28 12:00:00,B4104,4.34,0.0,3.14,198.99,0.34999999999999964,31838.4,35022.240000000005,3.99
2011-01-28 13:00:00,B4104,1.187,0.0,2.77,198.99,-2.4130000000000003,31838.4,35022.240000000005,3.6
2011-01-28 14:00:00,B4104,0.662,0.0,2.35,198.99,-2.5380000000000003,31838.4,35022.240000000005,3.2
2011-01-28 15:00:00,B4104,0.662,0.0,2.05,198.99,-2.208,31838.4,35022.240000000005,2.87
2011-01-28 16:00:00,B4104,0.662,0.0,1.2,198.99,-1.1280000000000001,31838.4,35022.240000000005,1.79
2011-01-28 17:00:00,B4104,1.187,0.0,0.0,198.99,1.187,31838.4,35022.240000000005,0.0
2011-01-28 18:00:00,B4104,4.34,0.0,0.0,198.99,4.34,31838.4,35022.240000000005,0.0
2011-01-28 19:00:00,B4104,5.391,0.0,0.0,198.99,5.391,31838.4,35022.240000000005,0.0
2011-01-28 20:00:00,B4104,1.187,0.0,0.0,198.99,1.187,31838.4,35022.240000000005,0.0
2011-01-28 21:00:00,B4104,1.183,0.0,0.0,198.99,1.183,31838.4,35022.240000000005,0.0
2011-01-28 22:00:00,B4104,1.182,0.0,0.0,198.99,1.182,31838.4,35022.240000000005,0.0
2011-01-28 23:00:00,B4104,0.657,0.0,0.0,198.99,0.657,31838.4,35022.240000000005,0.0
2011-01-29 00:00:00,B4104,0.657,0.0,0.0,198.99,0.657,31838.4,35022.240000000005,0.0
2011-01-29 01:00:00,B4104,0.657,0.0,0.0,198.99,0.657,31838.4,35022.240000000005,0.0
2011-01-29 02:00:00,B4104,0.657,0.0,0.0,198.99,0.657,31838.4,35022.240000000005,0.0
2011-01-29 03:00:00,B4104,0.657,0.0,0.0,198.99,0.657,31838.4,35022.240000000005,0.0
2011-01-29 04:00:00,B4104,0.657,0.0,0.0,198.99,0.657,31838.4,35022.240000000005,0.0
2011-01-29 05:00:00,B4104,1.182,0.0,0.0,198.99,1.182,31838.4,35022.240000000005,0.0
2011-01-29 06:00:00,B4104,4.339,0.0,0.0,198.99,4.339,31838.4,35022.240000000005,0.0
2011-01-29 07:00:00,B4104,1.187,0.0,0.0,198.99,1.187,31838.4,35022.240000000005,0.0
2011-01-29 08:00:00,B4104,3.062,2.4,1.27,198.99,1.4519999999999997,31838.4,35022.240000000005,1.61
2011-01-29 09:00:00,B4104,3.062,2.4,2.26,198.99,0.20199999999999996,31838.4,35022.240000000005,2.86
2011-01-29 10:00:00,B4104,3.062,2.4,2.76,198.99,-0.4580000000000002,31838.4,35022.240000000005,3.52
2011-01-29 11:00:00,B4104,3.062,2.4,3.7,198.99,-1.568,31838.4,35022.240000000005,4.63
2011-01-29 12:00:00,B4104,6.74,2.4,4.13,198.99,1.6400000000000006,31838.4,35022.240000000005,5.1
2011-01-29 13:00:00,B4104,1.187,0.0,3.36,198.99,-3.0629999999999997,31838.4,35022.240000000005,4.25
2011-01-29 14:00:00,B4104,0.662,0.0,2.77,198.99,-2.998,31838.4,35022.240000000005,3.66
2011-01-29 15:00:00,B4104,0.662,0.0,2.33,198.99,-2.5380000000000003,31838.4,35022.240000000005,3.2
2011-01-29 16:00:00,B4104,0.662,0.0,1.14,198.99,-1.0979999999999999,31838.4,35022.240000000005,1.76
2011-01-29 17:00:00,B4104,1.187,0.0,0.0,198.99,1.187,31838.4,35022.240000000005,0.0
2011-01-29 18:00:00,B4104,4.34,0.0,0.0,198.99,4.34,31838.4,35022.240000000005,0.0
2011-01-29 19:00:00,B4104,5.391,0.0,0.0,198.99,5.391,31838.4,35022.240000000005,0.0
2011-01-29 20:00:00,B4104,1.187,0.0,0.0,198.99,1.187,31838.4,35022.240000000005,0.0
2011-01-29 21:00:00,B4104,1.183,0.0,0.0,198.99,1.183,31838.4,35022.240000000005,0.0
2011-01-29 22:00:00,B4104,1.182,0.0,0.0,198.99,1.182,31838.4,35022.240000000005,0.0
2011-01-29 23:00:00,B4104,0.657,0.0,0.0,198.99,0.657,31838.4,35022.240000000005,0.0
2011-01-30 00:00:00,B4104,0.657,0.0,0.0,198.99,0.657,31838.4,35022.240000000005,0.0
2011-01-30 01:00:00,B4104,0.657,0.0,0.0,198.99,0.657,31838.4,35022.240000000005,0.0
2011-01-30 02:00:00,B4104,0.657,0.0,0.0,198.99,0.657,31838.4,35022.240000000005,0.0
2011-01-30 03:00:00,B4104,0.657,0.0,0.0,198.99,0.657,31838.4,35022.240000000005,0.0
2011-01-30 04:00:00,B4104,0.657,0.0,0.0,198.99,0.657,31838.4,35022.240000000005,0.0
2011-01-30 05:00:00,B4104,1.182,0.0,0.0,198.99,1.182,31838.4,35022.240000000005,0.0
2011-01-30 06:00:00,B4104,4.339,0.0,0.0,198.99,4.339,31838.4,35022.240000000005,0.0
2011-01-30 07:00:00,B4104,1.187,0.0,0.0,198.99,1.187,31838.4,35022.240000000005,0.0
2011-01-30 08:00:00,B4104,3.062,2.4,1.01,198.99,1.7319999999999998,31838.4,35022.240000000005,1.33
2011-01-30 09:00:00,B4104,3.062,2.4,1.84,198.99,0.6319999999999997,31838.4,35022.240000000005,2.43
2011-01-30 10:00:00,B4104,3.062,2.4,2.22,198.99,0.11199999999999966,31838.4,35022.240000000005,2.95
2011-01-30 11:00:00,B4104,3.062,2.4,2.46,198.99,-0.19799999999999995,31838.4,35022.240000000005,3.26
2011-01-30 12:00:00,B4104,6.74,2.4,2.69,198.99,3.2300000000000004,31838.4,35022.240000000005,3.51
2011-01-30 13:00:00,B4104,1.187,0.0,2.67,198.99,-2.3229999999999995,31838.4,35022.240000000005,3.51
2011-01-30 14:00:00,B4104,0.662,0.0,2.44,198.99,-2.648,31838.4,35022.240000000005,3.31
2011-01-30 15:00:00,B4104,0.662,0.0,2.08,198.99,-2.278,31838.4,35022.240000000005,2.94
2011-01-30 16:00:00,B4104,0.662,0.0,1.13,198.99,-1.1280000000000001,31838.4,35022.240000000005,1.79
2011-01-30 17:00:00,B4104,1.187,0.0,0.0,198.99,1.187,31838.4,35022.240000000005,0.0
2011-01-30 18:00:00,B4104,4.34,0.0,0.0,198.99,4.34,31838.4,35022.240000000005,0.0
2011-01-30 19:00:00,B4104,5.391,0.0,0.0,198.99,5.391,31838.4,35022.240000000005,0.0
2011-01-30 20:00:00,B4104,1.187,0.0,0.0,198.99,1.187,31838.4,35022.240000000005,0.0
2011-01-30 21:00:00,B4104,1.183,0.0,0.0,198.99,1.183,31838.4,35022.240000000005,0.0
2011-01-30 22:00:00,B4104,1.183,0.0,0.0,198.99,1.183,31838.4,35022.240000000005,0.0
2011-01-30 23:00:00,B4104,0.657,0.0,0.0,198.99,0.657,31838.4,35022.240000000005,0.0
2011-01-31 00:00:00,B4104,3.057,2.4,0.0,198.99,3.057,31838.4,35022.240000000005,0.0
2011-01-31 01:00:00,B4104,3.057,2.4,0.0,198.99,3.057,31838.4,35022.240000000005,0.0
2011-01-31 02:00:00,B4104,3.057,2.4,0.0,198.99,3.057,31838.4,35022.240000000005,0.0
2011-01-31 03:00:00,B4104,3.057,2.4,0.0,198.99,3.057,31838.4,35022.240000000005,0.0
2011-01-31 04:00:00,B4104,3.057,2.4,0.0,198.99,3.057,31838.4,35022.240000000005,0.0
2011-01-31 05:00:00,B4104,1.183,0.0,0.0,198.99,1.183,31838.4,35022.240000000005,0.0
2011-01-31 06:00:00,B4104,4.34,0.0,0.0,198.99,4.34,31838.4,35022.240000000005,0.0
2011-01-31 07:00:00,B4104,1.188,0.0,0.0,198.99,1.188,31838.4,35022.240000000005,0.0
2011-01-31 08:00:00,B4104,0.662,0.0,0.92,198.99,-0.588,31838.4,35022.240000000005,1.25
2011-01-31 09:00:00,B4104,0.662,0.0,1.74,198.99,-1.6680000000000001,31838.4,35022.240000000005,2.33
2011-01-31 10:00:00,B4104,0.662,0.0,2.19,198.99,-2.278,31838.4,35022.240000000005,2.94
2011-01-31 11:00:00,B4104,0.662,0.0,2.43,198.99,-2.5780000000000003,31838.4,35022.240000000005,3.24
2011-01-31 12:00:00,B4104,4.34,0.0,2.6,198.99,0.9099999999999997,31838.4,35022.240000000005,3.43
2011-01-31 13:00:00,B4104,1.187,0.0,2.66,198.99,-2.333,31838.4,35022.240000000005,3.52
2011-01-31 14:00:00,B4104,0.662,0.0,2.54,198.99,-2.798,31838.4,35022.240000000005,3.46
2011-01-31 15:00:00,B4104,0.662,0.0,2.23,198.99,-2.5180000000000002,31838.4,35022.240000000005,3.18
2011-01-31 16:00:00,B4104,0.662,0.0,1.25,198.99,-1.2879999999999998,31838.4,35022.240000000005,1.95
2011-01-31 17:00:00,B4104,1.187,0.0,0.0,198.99,1.187,31838.4,35022.240000000005,0.0
2011-01-31 18:00:00,B4104,4.34,0.0,0.0,198.99,4.34,31838.4,35022.240000000005,0.0
2011-01-31 19:00:00,B4104,5.391,0.0,0.0,198.99,5.391,31838.4,35022.240000000005,0.0
2011-01-31 20:00:00,B4104,1.187,0.0,0.0,198.99,1.187,31838.4,35022.240000000005,0.0
2011-01-31 21:00:00,B4104,1.183,0.0,0.0,198.99,1.183,31838.4,35022.240000000005,0.0
2011-01-31 22:00:00,B4104,1.182,0.0,0.0,198.99,1.182,31838.4,35022.240000000005,0.0
2011-01-31 23:00:00,B4104,0.657,0.0,0.0,198.99,0.657,31838.4,35022.240000000005,0.0
2011-02-01 00:00:00,B4104,3.057,2.4,0.0,198.99,3.057,31838.4,35022.240000000005,0.0
2011-02-01 01:00:00,B4104,3.057,2.4,0.0,198.99,3.057,31838.4,35022.240000000005,0.0
2011-02-01 02:00:00,B4104,3.057,2.4,0.0,198.99,3.057,31838.4,35022.240000000005,0.0
2011-02-01 03:00:00,B4104,3.057,2.4,0.0,198.99,3.057,31838.4,35022.240000000005,0.0
2011-02-01 04:00:00,B4104,3.057,2.4,0.0,198.99,3.057,31838.4,35022.240000000005,0.0
2011-02-01 05:00:00,B4104,1.183,0.0,0.0,198.99,1.183,31838.4,35022.240000000005,0.0
2011-02-01 06:00:00,B4104,4.34,0.0,0.0,198.99,4.34,31838.4,35022.240000000005,0.0
2011-02-01 07:00:00,B4104,1.188,0.0,0.0,198.99,1.188,31838.4,35022.240000000005,0.0
2011-02-01 08:00:00,B4104,0.662,0.0,1.29,198.99,-0.9679999999999999,31838.4,35022.240000000005,1.63
2011-02-01 09:00:00,B4104,0.662,0.0,2.31,198.99,-2.2680000000000002,31838.4,35022.240000000005,2.93
2011-02-01 10:00:00,B4104,0.662,0.0,3.19,198.99,-3.3579999999999997,31838.4,35022.240000000005,4.02
2011-02-01 11:00:00,B4104,0.662,0.0,3.46,198.99,-3.708,31838.4,35022.240000000005,4.37
2011-02-01 12:00:00,B4104,4.34,0.0,3.03,198.99,0.43999999999999995,31838.4,35022.240000000005,3.9
2011-02-01 13:00:00,B4104,1.187,0.0,2.87,198.99,-2.5330000000000004,31838.4,35022.240000000005,3.72
2011-02-01 14:00:00,B4104,0.662,0.0,2.62,198.99,-2.868,31838.4,35022.240000000005,3.53
2011-02-01 15:00:00,B4104,0.662,0.0,2.14,198.99,-2.378,31838.4,35022.240000000005,3.04
2011-02-01 16:00:00,B4104,0.662,0.0,1.29,198.99,-1.3279999999999998,31838.4,35022.240000000005,1.99
2011-02-01 17:00:00,B4104,1.187,0.0,0.0,198.99,1.187,31838.4,35022.240000000005,0.0
2011-02-01 18:00:00,B4104,4.34,0.0,0.0,198.99,4.34,31838.4,35022.240000000005,0.0
2011-02-01 19:00:00,B4104,5.391,0.0,0.0,198.99,5.391,31838.4,35022.240000000005,0.0
2011-02-01 20:00:00,B4104,1.187,0.0,0.0,198.99,1.187,31838.4,35022.240000000005,0.0
2011-02-01 21:00:00,B4104,1.183,0.0,0.0,198.99,1.183,31838.4,35022.240000000005,0.0
2011-02-01 22:00:00,B4104,1.182,0.0,0.0,198.99,1.182,31838.4,35022.240000000005,0.0
2011-02-01 23:00:00,B4104,0.657,0.0,0.0,198.99,0.657,31838.4,35022.240000000005,0.0
2011-02-02 00:00:00,B4104,3.057,2.4,0.0,198.99,3.057,31838.4,35022.240000000005,0.0
2011-02-02 01:00:00,B4104,3.057,2.4,0.0,198.99,3.057,31838.4,35022.240000000005,0.0
2011-02-02 02:00:00,B4104,3.057,2.4,0.0,198.99,3.057,31838.4,35022.240000000005,0.0
2011-02-02 03:00:00,B4104,3.057,2.4,0.0,198.99,3.057,31838.4,35022.240000000005,0.0
2011-02-02 04:00:00,B4104,3.057,2.4,0.0,198.99,3.057,31838.4,35022.240000000005,0.0
2011-02-02 05:00:00,B4104,1.183,0.0,0.0,198.99,1.183,31838.4,35022.240000000005,0.0
2011-02-02 06:00:00,B4104,4.34,0.0,0.0,198.99,4.34,31838.4,35022.240000000005,0.0
2011-02-02 07:00:00,B4104,1.188,0.0,0.0,198.99,1.188,31838.4,35022.240000000005,0.0
2011-02-02 08:00:00,B4104,0.662,0.0,1.86,198.99,-1.548,31838.4,35022.240000000005,2.21
2011-02-02 09:00:00,B4104,0.662,0.0,3.27,198.99,-3.318,31838.4,35022.240000000005,3.98
2011-02-02 10:00:00,B4104,0.662,0.0,4.28,198.99,-4.538,31838.4,35022.240000000005,5.2
2011-02-02 11:00:00,B4104,0.662,0.0,5.25,198.99,-5.648,31838.4,35022.240000000005,6.31
2011-02-02 12:00:00,B4104,4.34,0.0,5.78,198.99,-2.55,31838.4,35022.240000000005,6.89
2011-02-02 13:00:00,B4104,1.187,0.0,5.84,198.99,-5.793,31838.4,35022.240000000005,6.98
2011-02-02 14:00:00,B4104,0.662,0.0,5.32,198.99,-5.798,31838.4,35022.240000000005,6.46
2011-02-02 15:00:00,B4104,0.662,0.0,3.87,198.99,-4.258,31838.4,35022.240000000005,4.92
2011-02-02 16:00:00,B4104,0.662,0.0,1.74,198.99,-1.7480000000000002,31838.4,35022.240000000005,2.41
2011-02-02 17:00:00,B4104,1.187,0.0,0.0,198.99,1.187,31838.4,35022.240000000005,0.0
2011-02-02 18:00:00,B4104,4.34,0.0,0.0,198.99,4.34,31838.4,35022.240000000005,0.0
2011-02-02 19:00:00,B4104,5.391,0.0,0.0,198.99,5.391,31838.4,35022.240000000005,0.0
2011-02-02 20:00:00,B4104,1.187,0.0,0.0,198.99,1.187,31838.4,35022.240000000005,0.0
2011-02-02 21:00:00,B4104,1.183,0.0,0.0,198.99,1.183,31838.4,35022.240000000005,0.0
2011-02-02 22:00:00,B4104,1.182,0.0,0.0,198.99,1.182,31838.4,35022.240000000005,0.0
2011-02-02 23:00:00,B4104,0.657,0.0,0.0,198.99,0.657,31838.4,35022.240000000005,0.0
2011-02-03 00:00:00,B4104,3.057,2.4,0.0,198.99,3.057,31838.4,35022.240000000005,0.0
2011-02-03 01:00:00,B4104,3.057,2.4,0.0,198.99,3.057,31838.4,35022.240000000005,0.0
2011-02-03 02:00:00,B4104,3.057,2.4,0.0,198.99,3.057,31838.4,35022.240000000005,0.0
2011-02-03 03:00:00,B4104,3.057,2.4,0.0,198.99,3.057,31838.4,35022.240000000005,0.0
2011-02-03 04:00:00,B4104,3.057,2.4,0.0,198.99,3.057,31838.4,35022.240000000005,0.0
2011-02-03 05:00:00,B4104,1.183,0.0,0.0,198.99,1.183,31838.4,35022.240000000005,0.0
2011-02-03 06:00:00,B4104,4.34,0.0,0.0,198.99,4.34,31838.4,35022.240000000005,0.0
2011-02-03 07:00:00,B4104,1.188,0.0,0.0,198.99,1.188,31838.4,35022.240000000005,0.0
2011-02-03 08:00:00,B4104,0.662,0.0,1.6,198.99,-1.178,31838.4,35022.240000000005,1.84
2011-02-03 09:00:00,B4104,0.662,0.0,2.95,198.99,-2.878,31838.4,35022.240000000005,3.54
2011-02-03 10:00:00,B4104,0.662,0.0,3.93,198.99,-4.168,31838.4,35022.240000000005,4.83
2011-02-03 11:00:00,B4104,0.662,0.0,3.39,198.99,-3.628,31838.4,35022.240000000005,4.29
2011-02-03 12:00:00,B4104,4.34,0.0,2.96,198.99,0.52,31838.4,35022.240000000005,3.82
2011-02-03 13:00:00,B4104,1.187,0.0,2.74,198.99,-2.4029999999999996,31838.4,35022.240000000005,3.59
2011-02-03 14:00:00,B4104,0.662,0.0,2.53,198.99,-2.778,31838.4,35022.240000000005,3.44
2011-02-03 15:00:00,B4104,0.662,0.0,2.28,198.99,-2.5580000000000003,31838.4,35022.240000000005,3.22
2011-02-03 16:00:00,B4104,0.662,0.0,1.39,198.99,-1.428,31838.4,35022.240000000005,2.09
2011-02-03 17:00:00,B4104,1.187,0.0,0.0,198.99,1.187,31838.4,35022.240000000005,0.0
2011-02-03 18:00:00,B4104,4.34,0.0,0.0,198.99,4.34,31838.4,35022.240000000005,0.0
2011-02-03 19:00:00,B4104,5.386,0.0,0.0,198.99,5.386,31838.4,35022.240000000005,0.0
2011-02-03 20:00:00,B4104,1.187,0.0,0.0,198.99,1.187,31838.4,35022.240000000005,0.0
2011-02-03 21:00:00,B4104,1.183,0.0,0.0,198.99,1.183,31838.4,35022.240000000005,0.0
2011-02-03 22:00:00,B4104,1.182,0.0,0.0,198.99,1.182,31838.4,35022.240000000005,0.0
2011-02-03 23:00:00,B4104,0.657,0.0,0.0,198.99,0.657,31838.4,35022.240000000005,0.0
2011-02-04 00:00:00,B4104,3.057,2.4,0.0,198.99,3.057,31838.4,35022.240000000005,0.0
2011-02-04 01:00:00,B4104,3.057,2.4,0.0,198.99,3.057,31838.4,35022.240000000005,0.0
2011-02-04 02:00:00,B4104,3.057,2.4,0.0,198.99,3.057,31838.4,35022.240000000005,0.0
2011-02-04 03:00:00,B4104,3.057,2.4,0.0,198.99,3.057,31838.4,35022.240000000005,0.0
2011-02-04 04:00:00,B4104,3.057,2.4,0.0,198.99,3.057,31838.4,35022.240000000005,0.0
2011-02-04 05:00:00,B4104,1.183,0.0,0.0,198.99,1.183,31838.4,35022.240000000005,0.0
2011-02-04 06:00:00,B4104,4.34,0.0,0.0,198.99,4.34,31838.4,35022.240000000005,0.0
2011-02-04 07:00:00,B4104,1.188,0.0,0.0,198.99,1.188,31838.4,35022.240000000005,0.0
2011-02-04 08:00:00,B4104,0.662,0.0,1.25,198.99,-0.9380000000000001,31838.4,35022.240000000005,1.6
2011-02-04 09:00:00,B4104,0.662,0.0,2.28,198.99,-2.2680000000000002,31838.4,35022.240000000005,2.93
2011-02-04 10:00:00,B4104,0.662,0.0,3.03,198.99,-3.198,31838.4,35022.240000000005,3.86
2011-02-04 11:00:00,B4104,0.662,0.0,3.7,198.99,-3.9779999999999998,31838.4,35022.240000000005,4.64
2011-02-04 12:00:00,B4104,4.34,0.0,4.18,198.99,-0.8300000000000001,31838.4,35022.240000000005,5.17
2011-02-04 13:00:00,B4104,1.187,0.0,4.49,198.99,-4.353,31838.4,35022.240000000005,5.54
2011-02-04 14:00:00,B4104,0.662,0.0,4.28,198.99,-4.728,31838.4,35022.240000000005,5.39
2011-02-04 15:00:00,B4104,0.662,0.0,3.6,198.99,-3.9779999999999998,31838.4,35022.240000000005,4.64
2011-02-04 16:00:00,B4104,0.662,0.0,2.14,198.99,-2.188,31838.4,35022.240000000005,2.85
2011-02-04 17:00:00,B4104,1.187,0.0,0.0,198.99,1.187,31838.4,35022.240000000005,0.0
2011-02-04 18:00:00,B4104,4.34,0.0,0.0,198.99,4.34,31838.4,35022.240000000005,0.0
2011-02-04 19:00:00,B4104,5.391,0.0,0.0,198.99,5.391,31838.4,35022.240000000005,0.0
2011-02-04 20:00:00,B4104,1.187,0.0,0.0,198.99,1.187,31838.4,35022.240000000005,0.0
2011-02-04 21:00:00,B4104,1.183,0.0,0.0,198.99,1.183,31838.4,35022.240000000005,0.0
2011-02-04 22:00:00,B4104,1.182,0.0,0.0,198.99,1.182,31838.4,35022.240000000005,0.0
2011-02-04 23:00:00,B4104,0.657,0.0,0.0,198.99,0.657,31838.4,35022.240000000005,0.0
2011-02-05 00:00:00,B4104,0.657,0.0,0.0,198.99,0.657,31838.4,35022.240000000005,0.0
2011-02-05 01:00:00,B4104,0.657,0.0,0.0,198.99,0.657,31838.4,35022.240000000005,0.0
2011-02-05 02:00:00,B4104,0.657,0.0,0.0,198.99,0.657,31838.4,35022.240000000005,0.0
2011-02-05 03:00:00,B4104,0.657,0.0,0.0,198.99,0.657,31838.4,35022.240000000005,0.0
2011-02-05 04:00:00,B4104,0.657,0.0,0.0,198.99,0.657,31838.4,35022.240000000005,0.0
2011-02-05 05:00:00,B4104,1.182,0.0,0.0,198.99,1.182,31838.4,35022.240000000005,0.0
2011-02-05 06:00:00,B4104,4.339,0.0,0.0,198.99,4.339,31838.4,35022.240000000005,0.0
2011-02-05 07:00:00,B4104,1.187,0.0,0.0,198.99,1.187,31838.4,35022.240000000005,0.0
2011-02-05 08:00:00,B4104,3.062,2.4,1.02,198.99,1.7219999999999998,31838.4,35022.240000000005,1.34
2011-02-05 09:00:00,B4104,3.062,2.4,1.72,198.99,0.7719999999999998,31838.4,35022.240000000005,2.29
2011-02-05 10:00:00,B4104,3.062,2.4,2.29,198.99,0.06199999999999983,31838.4,35022.240000000005,3.0
2011-02-05 11:00:00,B4104,3.062,2.4,2.63,198.99,-0.3580000000000001,31838.4,35022.240000000005,3.42
2011-02-05 12:00:00,B4104,6.74,2.4,2.94,198.99,2.97,31838.4,35022.240000000005,3.77
2011-02-05 13:00:00,B4104,1.187,0.0,2.98,198.99,-2.6529999999999996,31838.4,35022.240000000005,3.84
2011-02-05 14:00:00,B4104,0.662,0.0,2.62,198.99,-2.8280000000000003,31838.4,35022.240000000005,3.49
2011-02-05 15:00:00,B4104,0.662,0.0,2.39,198.99,-2.548,31838.4,35022.240000000005,3.21
2011-02-05 16:00:00,B4104,0.662,0.0,1.49,198.99,-1.3980000000000001,31838.4,35022.240000000005,2.06
2011-02-05 17:00:00,B4104,1.187,0.0,0.0,198.99,1.187,31838.4,35022.240000000005,0.0
2011-02-05 18:00:00,B4104,4.34,0.0,0.0,198.99,4.34,31838.4,35022.240000000005,0.0
2011-02-05 19:00:00,B4104,5.391,0.0,0.0,198.99,5.391,31838.4,35022.240000000005,0.0
2011-02-05 20:00:00,B4104,1.187,0.0,0.0,198.99,1.187,31838.4,35022.240000000005,0.0
2011-02-05 21:00:00,B4104,1.183,0.0,0.0,198.99,1.183,31838.4,35022.240000000005,0.0
2011-02-05 22:00:00,B4104,1.182,0.0,0.0,198.99,1.182,31838.4,35022.240000000005,0.0
2011-02-05 23:00:00,B4104,0.657,0.0,0.0,198.99,0.657,31838.4,35022.240000000005,0.0
2011-02-06 00:00:00,B4104,0.657,0.0,0.0,198.99,0.657,31838.4,35022.240000000005,0.0
2011-02-06 01:00:00,B4104,0.657,0.0,0.0,198.99,0.657,31838.4,35022.240000000005,0.0
2011-02-06 02:00:00,B4104,0.657,0.0,0.0,198.99,0.657,31838.4,35022.240000000005,0.0
2011-02-06 03:00:00,B4104,0.657,0.0,0.0,198.99,0.657,31838.4,35022.240000000005,0.0
2011-02-06 04:00:00,B4104,0.657,0.0,0.0,198.99,0.657,31838.4,35022.240000000005,0.0
2011-02-06 05:00:00,B4104,1.182,0.0,0.0,198.99,1.182,31838.4,35022.240000000005,0.0
2011-02-06 06:00:00,B4104,4.339,0.0,0.0,198.99,4.339,31838.4,35022.240000000005,0.0
2011-02-06 07:00:00,B4104,1.187,0.0,0.0,198.99,1.187,31838.4,35022.240000000005,0.0
2011-02-06 08:00:00,B4104,3.062,2.4,1.26,198.99,1.5119999999999998,31838.4,35022.240000000005,1.55
2011-02-06 09:00:00,B4104,3.062,2.4,2.71,198.99,-0.24800000000000022,31838.4,35022.240000000005,3.31
2011-02-06 10:00:00,B4104,3.062,2.4,3.9,198.99,-1.6380000000000003,31838.4,35022.240000000005,4.7
2011-02-06 11:00:00,B4104,3.062,2.4,5.15,198.99,-3.0880000000000005,31838.4,35022.240000000005,6.15
2011-02-06 12:00:00,B4104,6.74,2.4,6.05,198.99,-0.4299999999999997,31838.4,35022.240000000005,7.17
2011-02-06 13:00:00,B4104,1.187,0.0,5.19,198.99,-5.013,31838.4,35022.240000000005,6.2
2011-02-06 14:00:00,B4104,0.662,0.0,3.65,198.99,-3.7880000000000003,31838.4,35022.240000000005,4.45
2011-02-06 15:00:00,B4104,0.662,0.0,2.5,198.99,-2.338,31838.4,35022.240000000005,3.0
2011-02-06 16:00:00,B4104,0.662,0.0,0.0,198.99,0.662,31838.4,35022.240000000005,0.0
2011-02-06 17:00:00,B4104,1.187,0.0,0.0,198.99,1.187,31838.4,35022.240000000005,0.0
2011-02-06 18:00:00,B4104,4.34,0.0,0.0,198.99,4.34,31838.4,35022.240000000005,0.0
2011-02-06 19:00:00,B4104,5.386,0.0,0.0,198.99,5.386,31838.4,35022.240000000005,0.0
2011-02-06 20:00:00,B4104,1.187,0.0,0.0,198.99,1.187,31838.4,35022.240000000005,0.0
2011-02-06 21:00:00,B4104,1.183,0.0,0.0,198.99,1.183,31838.4,35022.240000000005,0.0
2011-02-06 22:00:00,B4104,1.183,0.0,0.0,198.99,1.183,31838.4,35022.240000000005,0.0
2011-02-06 23:00:00,B4104,0.657,0.0,0.0,198.99,0.657,31838.4,35022.240000000005,0.0
2011-02-07 00:00:00,B4104,3.057,2.4,0.0,198.99,3.057,31838.4,35022.240000000005,0.0
2011-02-07 01:00:00,B4104,3.057,2.4,0.0,198.99,3.057,31838.4,35022.240000000005,0.0
2011-02-07 02:00:00,B4104,3.057,2.4,0.0,198.99,3.057,31838.4,35022.240000000005,0.0
2011-02-07 03:00:00,B4104,3.057,2.4,0.0,198.99,3.057,31838.4,35022.240000000005,0.0
2011-02-07 04:00:00,B4104,3.057,2.4,0.0,198.99,3.057,31838.4,35022.240000000005,0.0
2011-02-07 05:00:00,B4104,1.183,0.0,0.0,198.99,1.183,31838.4,35022.240000000005,0.0
2011-02-07 06:00:00,B4104,4.34,0.0,0.0,198.99,4.34,31838.4,35022.240000000005,0.0
2011-02-07 07:00:00,B4104,1.188,0.0,0.0,198.99,1.188,31838.4,35022.240000000005,0.0
2011-02-07 08:00:00,B4104,0.662,0.0,1.7,198.99,-1.338,31838.4,35022.240000000005,2.0
2011-02-07 09:00:00,B4104,0.662,0.0,3.41,198.99,-3.4080000000000004,31838.4,35022.240000000005,4.07
2011-02-07 10:00:00,B4104,0.662,0.0,5.24,198.99,-5.508,31838.4,35022.240000000005,6.17
2011-02-07 11:00:00,B4104,0.662,0.0,5.83,198.99,-6.168,31838.4,35022.240000000005,6.83
2011-02-07 12:00:00,B4104,4.34,0.0,5.7,198.99,-2.38,31838.4,35022.240000000005,6.72
2011-02-07 13:00:00,B4104,1.187,0.0,5.13,198.99,-4.903,31838.4,35022.240000000005,6.09
2011-02-07 14:00:00,B4104,0.662,0.0,4.21,198.99,-4.488,31838.4,35022.240000000005,5.15
2011-02-07 15:00:00,B4104,0.662,0.0,3.39,198.99,-3.6879999999999997,31838.4,35022.240000000005,4.35
2011-02-07 16:00:00,B4104,0.662,0.0,1.89,198.99,-1.9380000000000002,31838.4,35022.240000000005,2.6
2011-02-07 17:00:00,B4104,1.187,0.0,0.0,198.99,1.187,31838.4,35022.240000000005,0.0
2011-02-07 18:00:00,B4104,4.34,0.0,0.0,198.99,4.34,31838.4,35022.240000000005,0.0
2011-02-07 19:00:00,B4104,5.386,0.0,0.0,198.99,5.386,31838.4,35022.240000000005,0.0
2011-02-07 20:00:00,B4104,1.187,0.0,0.0,198.99,1.187,31838.4,35022.240000000005,0.0
2011-02-07 21:00:00,B4104,1.183,0.0,0.0,198.99,1.183,31838.4,35022.240000000005,0.0
2011-02-07 22:00:00,B4104,1.182,0.0,0.0,198.99,1.182,31838.4,35022.240000000005,0.0
2011-02-07 23:00:00,B4104,0.657,0.0,0.0,198.99,0.657,31838.4,35022.240000000005,0.0
2011-02-08 00:00:00,B4104,3.057,2.4,0.0,198.99,3.057,31838.4,35022.240000000005,0.0
2011-02-08 01:00:00,B4104,3.057,2.4,0.0,198.99,3.057,31838.4,35022.240000000005,0.0
2011-02-08 02:00:00,B4104,3.057,2.4,0.0,198.99,3.057,31838.4,35022.240000000005,0.0
2011-02-08 03:00:00,B4104,3.057,2.4,0.0,198.99,3.057,31838.4,35022.240000000005,0.0
2011-02-08 04:00:00,B4104,3.057,2.4,0.0,198.99,3.057,31838.4,35022.240000000005,0.0
2011-02-08 05:00:00,B4104,1.183,0.0,0.0,198.99,1.183,31838.4,35022.240000000005,0.0
2011-02-08 06:00:00,B4104,4.34,0.0,0.0,198.99,4.34,31838.4,35022.240000000005,0.0
2011-02-08 07:00:00,B4104,1.188,0.0,0.0,198.99,1.188,31838.4,35022.240000000005,0.0
2011-02-08 08:00:00,B4104,0.662,0.0,1.9,198.99,-1.508,31838.4,35022.240000000005,2.17
2011-02-08 09:00:00,B4104,0.662,0.0,3.13,198.99,-3.0380000000000003,31838.4,35022.240000000005,3.7
2011-02-08 10:00:00,B4104,0.662,0.0,4.51,198.99,-4.668,31838.4,35022.240000000005,5.33
2011-02-08 11:00:00,B4104,0.662,0.0,5.36,198.99,-5.648,31838.4,35022.240000000005,6.31
2011-02-08 12:00:00,B4104,4.335,0.0,5.07,198.99,-1.6950000000000003,31838.4,35022.240000000005,6.03
2011-02-08 13:00:00,B4104,1.187,0.0,4.66,198.99,-4.443,31838.4,35022.240000000005,5.63
2011-02-08 14:00:00,B4104,0.662,0.0,3.91,198.99,-4.248,31838.4,35022.240000000005,4.91
2011-02-08 15:00:00,B4104,0.662,0.0,2.88,198.99,-3.188,31838.4,35022.240000000005,3.85
2011-02-08 16:00:00,B4104,0.662,0.0,1.65,198.99,-1.698,31838.4,35022.240000000005,2.36
2011-02-08 17:00:00,B4104,1.187,0.0,0.0,198.99,0.927,31838.4,35022.240000000005,0.26
2011-02-08 18:00:00,B4104,4.335,0.0,0.0,198.99,4.335,31838.4,35022.240000000005,0.0
2011-02-08 19:00:00,B4104,5.386,0.0,0.0,198.99,5.386,31838.4,35022.240000000005,0.0
2011-02-08 20:00:00,B4104,1.187,0.0,0.0,198.99,1.187,31838.4,35022.240000000005,0.0
2011-02-08 21:00:00,B4104,1.183,0.0,0.0,198.99,1.183,31838.4,35022.240000000005,0.0
2011-02-08 22:00:00,B4104,1.182,0.0,0.0,198.99,1.182,31838.4,35022.240000000005,0.0
2011-02-08 23:00:00,B4104,0.657,0.0,0.0,198.99,0.657,31838.4,35022.240000000005,0.0
2011-02-09 00:00:00,B4104,3.057,2.4,0.0,198.99,3.057,31838.4,35022.240000000005,0.0
2011-02-09 01:00:00,B4104,3.057,2.4,0.0,198.99,3.057,31838.4,35022.240000000005,0.0
2011-02-09 02:00:00,B4104,3.057,2.4,0.0,198.99,3.057,31838.4,35022.240000000005,0.0
2011-02-09 03:00:00,B4104,3.057,2.4,0.0,198.99,3.057,31838.4,35022.240000000005,0.0
2011-02-09 04:00:00,B4104,3.057,2.4,0.0,198.99,3.057,31838.4,35022.240000000005,0.0
2011-02-09 05:00:00,B4104,1.183,0.0,0.0,198.99,1.183,31838.4,35022.240000000005,0.0
2011-02-09 06:00:00,B4104,4.34,0.0,0.0,198.99,4.34,31838.4,35022.240000000005,0.0
2011-02-09 07:00:00,B4104,1.188,0.0,0.0,198.99,1.188,31838.4,35022.240000000005,0.0
2011-02-09 08:00:00,B4104,0.662,0.0,1.45,198.99,-1.048,31838.4,35022.240000000005,1.71
2011-02-09 09:00:00,B4104,0.662,0.0,2.73,198.99,-2.648,31838.4,35022.240000000005,3.31
2011-02-09 10:00:00,B4104,0.662,0.0,3.57,198.99,-3.6879999999999997,31838.4,35022.240000000005,4.35
2011-02-09 11:00:00,B4104,0.662,0.0,4.24,198.99,-4.398,31838.4,35022.240000000005,5.06
2011-02-09 12:00:00,B4104,4.335,0.0,4.46,198.99,-0.9050000000000002,31838.4,35022.240000000005,5.24
2011-02-09 13:00:00,B4104,1.187,0.0,3.74,198.99,-3.223,31838.4,35022.240000000005,4.41
2011-02-09 14:00:00,B4104,0.662,0.0,2.78,198.99,-2.648,31838.4,35022.240000000005,3.31
2011-02-09 15:00:00,B4104,0.662,0.0,1.87,198.99,-1.568,31838.4,35022.240000000005,2.23
2011-02-09 16:00:00,B4104,0.662,0.0,0.0,198.99,0.42200000000000004,31838.4,35022.240000000005,0.24
2011-02-09 17:00:00,B4104,1.187,0.0,0.0,198.99,1.187,31838.4,35022.240000000005,0.0
2011-02-09 18:00:00,B4104,4.335,0.0,0.0,198.99,4.335,31838.4,35022.240000000005,0.0
2011-02-09 19:00:00,B4104,5.386,0.0,0.0,198.99,5.386,31838.4,35022.240000000005,0.0
2011-02-09 20:00:00,B4104,1.187,0.0,0.0,198.99,1.187,31838.4,35022.240000000005,0.0
2011-02-09 21:00:00,B4104,1.183,0.0,0.0,198.99,1.183,31838.4,35022.240000000005,0.0
2011-02-09 22:00:00,B4104,1.182,0.0,0.0,198.99,1.182,31838.4,35022.240000000005,0.0
2011-02-09 23:00:00,B4104,0.657,0.0,0.0,198.99,0.657,31838.4,35022.240000000005,0.0
2011-02-10 00:00:00,B4104,3.057,2.4,0.0,198.99,3.057,31838.4,35022.240000000005,0.0
2011-02-10 01:00:00,B4104,3.057,2.4,0.0,198.99,3.057,31838.4,35022.240000000005,0.0
2011-02-10 02:00:00,B4104,3.057,2.4,0.0,198.99,3.057,31838.4,35022.240000000005,0.0
2011-02-10 03:00:00,B4104,3.057,2.4,0.0,198.99,3.057,31838.4,35022.240000000005,0.0
2011-02-10 04:00:00,B4104,3.057,2.4,0.0,198.99,3.057,31838.4,35022.240000000005,0.0
2011-02-10 05:00:00,B4104,1.183,0.0,0.0,198.99,1.183,31838.4,35022.240000000005,0.0
2011-02-10 06:00:00,B4104,4.336,0.0,0.0,198.99,4.336,31838.4,35022.240000000005,0.0
2011-02-10 07:00:00,B4104,1.188,0.0,0.0,198.99,1.188,31838.4,35022.240000000005,0.0
2011-02-10 08:00:00,B4104,0.662,0.0,0.0,198.99,0.612,31838.4,35022.240000000005,0.05
2011-02-10 09:00:00,B4104,0.662,0.0,2.39,198.99,-2.068,31838.4,35022.240000000005,2.73
2011-02-10 10:00:00,B4104,0.662,0.0,3.47,198.99,-3.3979999999999997,31838.4,35022.240000000005,4.06
2011-02-10 11:00:00,B4104,0.662,0.0,4.32,198.99,-4.378,31838.4,35022.240000000005,5.04
2011-02-10 12:00:00,B4104,4.335,0.0,4.03,198.99,-0.3650000000000002,31838.4,35022.240000000005,4.7
2011-02-10 13:00:00,B4104,1.187,0.0,3.43,198.99,-2.8329999999999993,31838.4,35022.240000000005,4.02
2011-02-10 14:00:00,B4104,0.662,0.0,2.66,198.99,-2.458,31838.4,35022.240000000005,3.12
2011-02-10 15:00:00,B4104,0.662,0.0,1.98,198.99,-1.7280000000000002,31838.4,35022.240000000005,2.39
2011-02-10 16:00:00,B4104,0.662,0.0,1.2,198.99,-0.828,31838.4,35022.240000000005,1.49
2011-02-10 17:00:00,B4104,1.187,0.0,0.0,198.99,1.187,31838.4,35022.240000000005,0.0
2011-02-10 18:00:00,B4104,4.335,0.0,0.0,198.99,4.335,31838.4,35022.240000000005,0.0
2011-02-10 19:00:00,B4104,5.386,0.0,0.0,198.99,5.386,31838.4,35022.240000000005,0.0
2011-02-10 20:00:00,B4104,1.187,0.0,0.0,198.99,1.187,31838.4,35022.240000000005,0.0
2011-02-10 21:00:00,B4104,1.183,0.0,0.0,198.99,1.183,31838.4,35022.240000000005,0.0
2011-02-10 22:00:00,B4104,1.182,0.0,0.0,198.99,1.182,31838.4,35022.240000000005,0.0
2011-02-10 23:00:00,B4104,0.657,0.0,0.0,198.99,0.657,31838.4,35022.240000000005,0.0
2011-02-11 00:00:00,B4104,3.057,2.4,0.0,198.99,3.057,31838.4,35022.240000000005,0.0
2011-02-11 01:00:00,B4104,3.057,2.4,0.0,198.99,3.057,31838.4,35022.240000000005,0.0
2011-02-11 02:00:00,B4104,3.057,2.4,0.0,198.99,3.057,31838.4,35022.240000000005,0.0
2011-02-11 03:00:00,B4104,3.057,2.4,0.0,198.99,3.057,31838.4,35022.240000000005,0.0
2011-02-11 04:00:00,B4104,3.057,2.4,0.0,198.99,3.057,31838.4,35022.240000000005,0.0
2011-02-11 05:00:00,B4104,1.183,0.0,0.0,198.99,1.183,31838.4,35022.240000000005,0.0
2011-02-11 06:00:00,B4104,4.336,0.0,0.0,198.99,4.336,31838.4,35022.240000000005,0.0
2011-02-11 07:00:00,B4104,1.188,0.0,0.0,198.99,1.188,31838.4,35022.240000000005,0.0
2011-02-11 08:00:00,B4104,0.662,0.0,1.41,198.99,-0.9580000000000001,31838.4,35022.240000000005,1.62
2011-02-11 09:00:00,B4104,0.662,0.0,2.45,198.99,-2.298,31838.4,35022.240000000005,2.96
2011-02-11 10:00:00,B4104,0.662,0.0,2.96,198.99,-3.008,31838.4,35022.240000000005,3.67
2011-02-11 11:00:00,B4104,0.662,0.0,3.42,198.99,-3.5680000000000005,31838.4,35022.240000000005,4.23
2011-02-11 12:00:00,B4104,4.335,0.0,3.71,198.99,-0.21499999999999986,31838.4,35022.240000000005,4.55
2011-02-11 13:00:00,B4104,1.187,0.0,3.84,198.99,-3.503,31838.4,35022.240000000005,4.69
2011-02-11 14:00:00,B4104,0.662,0.0,3.88,198.99,-4.128,31838.4,35022.240000000005,4.79
2011-02-11 15:00:00,B4104,0.662,0.0,3.05,198.99,-3.228,31838.4,35022.240000000005,3.89
2011-02-11 16:00:00,B4104,0.662,0.0,1.66,198.99,-1.678,31838.4,35022.240000000005,2.34
2011-02-11 17:00:00,B4104,1.187,0.0,0.0,198.99,0.897,31838.4,35022.240000000005,0.29
2011-02-11 18:00:00,B4104,4.335,0.0,0.0,198.99,4.335,31838.4,35022.240000000005,0.0
2011-02-11 19:00:00,B4104,5.386,0.0,0.0,198.99,5.386,31838.4,35022.240000000005,0.0
2011-02-11 20:00:00,B4104,1.187,0.0,0.0,198.99,1.187,31838.4,35022.240000000005,0.0
2011-02-11 21:00:00,B4104,1.183,0.0,0.0,198.99,1.183,31838.4,35022.240000000005,0.0
2011-02-11 22:00:00,B4104,1.182,0.0,0.0,198.99,1.182,31838.4,35022.240000000005,0.0
2011-02-11 23:00:00,B4104,0.657,0.0,0.0,198.99,0.657,31838.4,35022.240000000005,0.0
2011-02-12 00:00:00,B4104,0.657,0.0,0.0,198.99,0.657,31838.4,35022.240000000005,0.0
2011-02-12 01:00:00,B4104,0.657,0.0,0.0,198.99,0.657,31838.4,35022.240000000005,0.0
2011-02-12 02:00:00,B4104,0.657,0.0,0.0,198.99,0.657,31838.4,35022.240000000005,0.0
2011-02-12 03:00:00,B4104,0.657,0.0,0.0,198.99,0.657,31838.4,35022.240000000005,0.0
2011-02-12 04:00:00,B4104,0.657,0.0,0.0,198.99,0.657,31838.4,35022.240000000005,0.0
2011-02-12 05:00:00,B4104,1.182,0.0,0.0,198.99,1.182,31838.4,35022.240000000005,0.0
2011-02-12 06:00:00,B4104,4.335,0.0,0.0,198.99,4.335,31838.4,35022.240000000005,0.0
2011-02-12 07:00:00,B4104,1.187,0.0,0.0,198.99,1.187,31838.4,35022.240000000005,0.0
2011-02-12 08:00:00,B4104,3.062,2.4,0.0,198.99,3.062,31838.4,35022.240000000005,0.0
2011-02-12 09:00:00,B4104,3.062,2.4,1.77,198.99,1.2919999999999998,31838.4,35022.240000000005,1.77
2011-02-12 10:00:00,B4104,3.062,2.4,1.8,198.99,1.2619999999999998,31838.4,35022.240000000005,1.8
2011-02-12 11:00:00,B4104,3.062,2.4,1.7,198.99,1.3619999999999999,31838.4,35022.240000000005,1.7
2011-02-12 12:00:00,B4104,6.735,2.4,2.15,198.99,4.585000000000001,31838.4,35022.240000000005,2.15
2011-02-12 13:00:00,B4104,1.187,0.0,2.31,198.99,-1.4629999999999999,31838.4,35022.240000000005,2.65
2011-02-12 14:00:00,B4104,0.662,0.0,1.6,198.99,-1.178,31838.4,35022.240000000005,1.84
2011-02-12 15:00:00,B4104,0.662,0.0,0.0,198.99,0.512,31838.4,35022.240000000005,0.15
2011-02-12 16:00:00,B4104,0.662,0.0,0.0,198.99,0.662,31838.4,35022.240000000005,0.0
2011-02-12 17:00:00,B4104,1.187,0.0,0.0,198.99,1.187,31838.4,35022.240000000005,0.0
2011-02-12 18:00:00,B4104,4.336,0.0,0.0,198.99,4.336,31838.4,35022.240000000005,0.0
2011-02-12 19:00:00,B4104,5.386,0.0,0.0,198.99,5.386,31838.4,35022.240000000005,0.0
2011-02-12 20:00:00,B4104,1.187,0.0,0.0,198.99,1.187,31838.4,35022.240000000005,0.0
2011-02-12 21:00:00,B4104,1.183,0.0,0.0,198.99,1.183,31838.4,35022.240000000005,0.0
2011-02-12 22:00:00,B4104,1.182,0.0,0.0,198.99,1.182,31838.4,35022.240000000005,0.0
2011-02-12 23:00:00,B4104,0.657,0.0,0.0,198.99,0.657,31838.4,35022.240000000005,0.0
2011-02-13 00:00:00,B4104,0.657,0.0,0.0,198.99,0.657,31838.4,35022.240000000005,0.0
2011-02-13 01:00:00,B4104,0.657,0.0,0.0,198.99,0.657,31838.4,35022.240000000005,0.0
2011-02-13 02:00:00,B4104,0.657,0.0,0.0,198.99,0.657,31838.4,35022.240000000005,0.0
2011-02-13 03:00:00,B4104,0.657,0.0,0.0,198.99,0.657,31838.4,35022.240000000005,0.0
2011-02-13 04:00:00,B4104,0.657,0.0,0.0,198.99,0.657,31838.4,35022.240000000005,0.0
2011-02-13 05:00:00,B4104,1.182,0.0,0.0,198.99,1.182,31838.4,35022.240000000005,0.0
2011-02-13 06:00:00,B4104,4.335,0.0,0.0,198.99,4.335,31838.4,35022.240000000005,0.0
2011-02-13 07:00:00,B4104,1.187,0.0,0.0,198.99,1.187,31838.4,35022.240000000005,0.0
2011-02-13 08:00:00,B4104,3.062,2.4,0.0,198.99,3.062,31838.4,35022.240000000005,0.0
2011-02-13 09:00:00,B4104,3.062,2.4,0.0,198.99,3.062,31838.4,35022.240000000005,0.0
2011-02-13 10:00:00,B4104,3.062,2.4,1.42,198.99,1.642,31838.4,35022.240000000005,1.42
2011-02-13 11:00:00,B4104,3.062,2.4,1.91,198.99,1.152,31838.4,35022.240000000005,1.91
2011-02-13 12:00:00,B4104,6.735,2.4,2.19,198.99,4.4750000000000005,31838.4,35022.240000000005,2.26
2011-02-13 13:00:00,B4104,1.187,0.0,2.42,198.99,-1.4029999999999998,31838.4,35022.240000000005,2.59
2011-02-13 14:00:00,B4104,0.662,0.0,2.23,198.99,-1.7080000000000002,31838.4,35022.240000000005,2.37
2011-02-13 15:00:00,B4104,0.662,0.0,1.49,198.99,-0.828,31838.4,35022.240000000005,1.49
2011-02-13 16:00:00,B4104,0.662,0.0,0.0,198.99,0.662,31838.4,35022.240000000005,0.0
2011-02-13 17:00:00,B4104,1.187,0.0,0.0,198.99,1.187,31838.4,35022.240000000005,0.0
2011-02-13 18:00:00,B4104,4.335,0.0,0.0,198.99,4.335,31838.4,35022.240000000005,0.0
2011-02-13 19:00:00,B4104,5.386,0.0,0.0,198.99,5.386,31838.4,35022.240000000005,0.0
2011-02-13 20:00:00,B4104,1.187,0.0,0.0,198.99,1.187,31838.4,35022.240000000005,0.0
2011-02-13 21:00:00,B4104,1.183,0.0,0.0,198.99,1.183,31838.4,35022.240000000005,0.0
2011-02-13 22:00:00,B4104,1.183,0.0,0.0,198.99,1.183,31838.4,35022.240000000005,0.0
2011-02-13 23:00:00,B4104,0.657,0.0,0.0,198.99,0.657,31838.4,35022.240000000005,0.0
2011-02-14 00:00:00,B4104,3.057,2.4,0.0,198.99,3.057,31838.4,35022.240000000005,0.0
2011-02-14 01:00:00,B4104,3.057,2.4,0.0,198.99,3.057,31838.4,35022.240000000005,0.0
2011-02-14 02:00:00,B4104,3.057,2.4,0.0,198.99,3.057,31838.4,35022.240000000005,0.0
2011-02-14 03:00:00,B4104,3.057,2.4,0.0,198.99,3.057,31838.4,35022.240000000005,0.0
2011-02-14 04:00:00,B4104,3.057,2.4,0.0,198.99,3.057,31838.4,35022.240000000005,0.0
2011-02-14 05:00:00,B4104,1.183,0.0,0.0,198.99,1.183,31838.4,35022.240000000005,0.0
2011-02-14 06:00:00,B4104,4.336,0.0,0.0,198.99,4.336,31838.4,35022.240000000005,0.0
2011-02-14 07:00:00,B4104,1.188,0.0,0.0,198.99,1.188,31838.4,35022.240000000005,0.0
2011-02-14 08:00:00,B4104,0.662,0.0,1.18,198.99,-0.7779999999999999,31838.4,35022.240000000005,1.44
2011-02-14 09:00:00,B4104,0.662,0.0,2.36,198.99,-2.228,31838.4,35022.240000000005,2.89
2011-02-14 10:00:00,B4104,0.662,0.0,3.35,198.99,-3.388,31838.4,35022.240000000005,4.05
2011-02-14 11:00:00,B4104,0.662,0.0,3.21,198.99,-3.2680000000000002,31838.4,35022.240000000005,3.93
2011-02-14 12:00:00,B4104,4.34,0.0,3.51,198.99,0.05999999999999961,31838.4,35022.240000000005,4.28
2011-02-14 13:00:00,B4104,1.187,0.0,4.17,198.99,-3.8629999999999995,31838.4,35022.240000000005,5.05
2011-02-14 14:00:00,B4104,0.662,0.0,3.82,198.99,-4.108,31838.4,35022.240000000005,4.77
2011-02-14 15:00:00,B4104,0.662,0.0,2.81,198.99,-3.028,31838.4,35022.240000000005,3.69
2011-02-14 16:00:00,B4104,0.662,0.0,1.91,198.99,-1.9980000000000002,31838.4,35022.240000000005,2.66
2011-02-14 17:00:00,B4104,1.187,0.0,0.0,198.99,0.877,31838.4,35022.240000000005,0.31
2011-02-14 18:00:00,B4104,4.34,0.0,0.0,198.99,4.34,31838.4,35022.240000000005,0.0
2011-02-14 19:00:00,B4104,5.391,0.0,0.0,198.99,5.391,31838.4,35022.240000000005,0.0
2011-02-14 20:00:00,B4104,1.187,0.0,0.0,198.99,1.187,31838.4,35022.240000000005,0.0
2011-02-14 21:00:00,B4104,1.183,0.0,0.0,198.99,1.183,31838.4,35022.240000000005,0.0
2011-02-14 22:00:00,B4104,1.182,0.0,0.0,198.99,1.182,31838.4,35022.240000000005,0.0
2011-02-14 23:00:00,B4104,0.657,0.0,0.0,198.99,0.657,31838.4,35022.240000000005,0.0
2011-02-15 00:00:00,B4104,3.057,2.4,0.0,198.99,3.057,31838.4,35022.240000000005,0.0
2011-02-15 01:00:00,B4104,3.057,2.4,0.0,198.99,3.057,31838.4,35022.240000000005,0.0
2011-02-15 02:00:00,B4104,3.057,2.4,0.0,198.99,3.057,31838.4,35022.240000000005,0.0
2011-02-15 03:00:00,B4104,3.057,2.4,0.0,198.99,3.057,31838.4,35022.240000000005,0.0
2011-02-15 04:00:00,B4104,3.057,2.4,0.0,198.99,3.057,31838.4,35022.240000000005,0.0
2011-02-15 05:00:00,B4104,1.183,0.0,0.0,198.99,1.183,31838.4,35022.240000000005,0.0
2011-02-15 06:00:00,B4104,4.34,0.0,0.0,198.99,4.34,31838.4,35022.240000000005,0.0
2011-02-15 07:00:00,B4104,1.188,0.0,0.0,198.99,1.188,31838.4,35022.240000000005,0.0
2011-02-15 08:00:00,B4104,0.662,0.0,1.36,198.99,-1.0179999999999998,31838.4,35022.240000000005,1.68
2011-02-15 09:00:00,B4104,0.662,0.0,2.67,198.99,-2.618,31838.4,35022.240000000005,3.28
2011-02-15 10:00:00,B4104,0.662,0.0,3.21,198.99,-3.278,31838.4,35022.240000000005,3.94
2011-02-15 11:00:00,B4104,0.662,0.0,3.36,198.99,-3.4779999999999998,31838.4,35022.240000000005,4.14
2011-02-15 12:00:00,B4104,4.34,0.0,3.42,198.99,0.1200000000000001,31838.4,35022.240000000005,4.22
2011-02-15 13:00:00,B4104,1.187,0.0,3.18,198.99,-2.7830000000000004,31838.4,35022.240000000005,3.97
2011-02-15 14:00:00,B4104,0.662,0.0,2.85,198.99,-3.0380000000000003,31838.4,35022.240000000005,3.7
2011-02-15 15:00:00,B4104,0.662,0.0,2.3,198.99,-2.528,31838.4,35022.240000000005,3.19
2011-02-15 16:00:00,B4104,0.662,0.0,1.61,198.99,-1.7280000000000002,31838.4,35022.240000000005,2.39
2011-02-15 17:00:00,B4104,1.187,0.0,0.04,198.99,0.8170000000000001,31838.4,35022.240000000005,0.37
2011-02-15 18:00:00,B4104,4.34,0.0,0.0,198.99,4.34,31838.4,35022.240000000005,0.0
2011-02-15 19:00:00,B4104,5.391,0.0,0.0,198.99,5.391,31838.4,35022.240000000005,0.0
2011-02-15 20:00:00,B4104,1.187,0.0,0.0,198.99,1.187,31838.4,35022.240000000005,0.0
2011-02-15 21:00:00,B4104,1.183,0.0,0.0,198.99,1.183,31838.4,35022.240000000005,0.0
2011-02-15 22:00:00,B4104,1.182,0.0,0.0,198.99,1.182,31838.4,35022.240000000005,0.0
2011-02-15 23:00:00,B4104,0.657,0.0,0.0,198.99,0.657,31838.4,35022.240000000005,0.0
2011-02-16 00:00:00,B4104,3.057,2.4,0.0,198.99,3.057,31838.4,35022.240000000005,0.0
2011-02-16 01:00:00,B4104,3.057,2.4,0.0,198.99,3.057,31838.4,35022.240000000005,0.0
2011-02-16 02:00:00,B4104,3.057,2.4,0.0,198.99,3.057,31838.4,35022.240000000005,0.0
2011-02-16 03:00:00,B4104,3.057,2.4,0.0,198.99,3.057,31838.4,35022.240000000005,0.0
2011-02-16 04:00:00,B4104,3.057,2.4,0.0,198.99,3.057,31838.4,35022.240000000005,0.0
2011-02-16 05:00:00,B4104,1.183,0.0,0.0,198.99,1.183,31838.4,35022.240000000005,0.0
2011-02-16 06:00:00,B4104,4.34,0.0,0.0,198.99,4.34,31838.4,35022.240000000005,0.0
2011-02-16 07:00:00,B4104,1.188,0.0,0.0,198.99,1.188,31838.4,35022.240000000005,0.0
2011-02-16 08:00:00,B4104,0.662,0.0,1.13,198.99,-0.7979999999999999,31838.4,35022.240000000005,1.46
2011-02-16 09:00:00,B4104,0.662,0.0,1.81,198.99,-1.7080000000000002,31838.4,35022.240000000005,2.37
2011-02-16 10:00:00,B4104,0.662,0.0,2.26,198.99,-2.298,31838.4,35022.240000000005,2.96
2011-02-16 11:00:00,B4104,0.662,0.0,2.77,198.99,-2.848,31838.4,35022.240000000005,3.51
2011-02-16 12:00:00,B4104,4.34,0.0,3.21,198.99,0.3599999999999999,31838.4,35022.240000000005,3.98
2011-02-16 13:00:00,B4104,1.187,0.0,3.26,198.99,-2.8529999999999998,31838.4,35022.240000000005,4.04
2011-02-16 14:00:00,B4104,0.662,0.0,2.91,198.99,-3.098,31838.4,35022.240000000005,3.76
2011-02-16 15:00:00,B4104,0.662,0.0,2.33,198.99,-2.5580000000000003,31838.4,35022.240000000005,3.22
2011-02-16 16:00:00,B4104,0.662,0.0,1.59,198.99,-1.698,31838.4,35022.240000000005,2.36
2011-02-16 17:00:00,B4104,1.187,0.0,0.51,198.99,0.3370000000000001,31838.4,35022.240000000005,0.85
2011-02-16 18:00:00,B4104,4.34,0.0,0.0,198.99,4.34,31838.4,35022.240000000005,0.0
2011-02-16 19:00:00,B4104,5.391,0.0,0.0,198.99,5.391,31838.4,35022.240000000005,0.0
2011-02-16 20:00:00,B4104,1.187,0.0,0.0,198.99,1.187,31838.4,35022.240000000005,0.0
2011-02-16 21:00:00,B4104,1.183,0.0,0.0,198.99,1.183,31838.4,35022.240000000005,0.0
2011-02-16 22:00:00,B4104,1.182,0.0,0.0,198.99,1.182,31838.4,35022.240000000005,0.0
2011-02-16 23:00:00,B4104,0.657,0.0,0.0,198.99,0.657,31838.4,35022.240000000005,0.0
2011-02-17 00:00:00,B4104,3.057,2.4,0.0,198.99,3.057,31838.4,35022.240000000005,0.0
2011-02-17 01:00:00,B4104,3.057,2.4,0.0,198.99,3.057,31838.4,35022.240000000005,0.0
2011-02-17 02:00:00,B4104,3.057,2.4,0.0,198.99,3.057,31838.4,35022.240000000005,0.0
2011-02-17 03:00:00,B4104,3.057,2.4,0.0,198.99,3.057,31838.4,35022.240000000005,0.0
2011-02-17 04:00:00,B4104,3.057,2.4,0.0,198.99,3.057,31838.4,35022.240000000005,0.0
2011-02-17 05:00:00,B4104,1.183,0.0,0.0,198.99,1.183,31838.4,35022.240000000005,0.0
2011-02-17 06:00:00,B4104,4.34,0.0,0.0,198.99,4.34,31838.4,35022.240000000005,0.0
2011-02-17 07:00:00,B4104,1.188,0.0,0.0,198.99,1.188,31838.4,35022.240000000005,0.0
2011-02-17 08:00:00,B4104,0.662,0.0,1.83,198.99,-1.448,31838.4,35022.240000000005,2.11
2011-02-17 09:00:00,B4104,0.662,0.0,3.71,198.99,-3.6479999999999997,31838.4,35022.240000000005,4.31
2011-02-17 10:00:00,B4104,0.662,0.0,5.49,198.99,-5.688,31838.4,35022.240000000005,6.35
2011-02-17 11:00:00,B4104,0.662,0.0,5.73,198.99,-5.948,31838.4,35022.240000000005,6.61
2011-02-17 12:00:00,B4104,4.34,0.0,5.49,198.99,-1.9900000000000002,31838.4,35022.240000000005,6.33
2011-02-17 13:00:00,B4104,1.187,0.0,5.22,198.99,-4.872999999999999,31838.4,35022.240000000005,6.06
2011-02-17 14:00:00,B4104,0.662,0.0,3.73,198.99,-3.7279999999999998,31838.4,35022.240000000005,4.39
2011-02-17 15:00:00,B4104,0.662,0.0,2.11,198.99,-1.448,31838.4,35022.240000000005,2.11
2011-02-17 16:00:00,B4104,0.662,0.0,0.0,198.99,0.662,31838.4,35022.240000000005,0.0
2011-02-17 17:00:00,B4104,1.187,0.0,0.0,198.99,1.187,31838.4,35022.240000000005,0.0
2011-02-17 18:00:00,B4104,4.34,0.0,0.0,198.99,4.34,31838.4,35022.240000000005,0.0
2011-02-17 19:00:00,B4104,5.391,0.0,0.0,198.99,5.391,31838.4,35022.240000000005,0.0
2011-02-17 20:00:00,B4104,1.187,0.0,0.0,198.99,1.187,31838.4,35022.240000000005,0.0
2011-02-17 21:00:00,B4104,1.183,0.0,0.0,198.99,1.183,31838.4,35022.240000000005,0.0
2011-02-17 22:00:00,B4104,1.182,0.0,0.0,198.99,1.182,31838.4,35022.240000000005,0.0
2011-02-17 23:00:00,B4104,0.657,0.0,0.0,198.99,0.657,31838.4,35022.240000000005,0.0
2011-02-18 00:00:00,B4104,3.057,2.4,0.0,198.99,3.057,31838.4,35022.240000000005,0.0
2011-02-18 01:00:00,B4104,3.057,2.4,0.0,198.99,3.057,31838.4,35022.240000000005,0.0
2011-02-18 02:00:00,B4104,3.057,2.4,0.0,198.99,3.057,31838.4,35022.240000000005,0.0
2011-02-18 03:00:00,B4104,3.057,2.4,0.0,198.99,3.057,31838.4,35022.240000000005,0.0
2011-02-18 04:00:00,B4104,3.057,2.4,0.0,198.99,3.057,31838.4,35022.240000000005,0.0
2011-02-18 05:00:00,B4104,1.183,0.0,0.0,198.99,1.183,31838.4,35022.240000000005,0.0
2011-02-18 06:00:00,B4104,4.34,0.0,0.0,198.99,4.34,31838.4,35022.240000000005,0.0
2011-02-18 07:00:00,B4104,1.188,0.0,0.0,198.99,1.188,31838.4,35022.240000000005,0.0
2011-02-18 08:00:00,B4104,0.662,0.0,1.74,198.99,-1.428,31838.4,35022.240000000005,2.09
2011-02-18 09:00:00,B4104,0.662,0.0,2.82,198.99,-2.798,31838.4,35022.240000000005,3.46
2011-02-18 10:00:00,B4104,0.662,0.0,3.09,198.99,-3.188,31838.4,35022.240000000005,3.85
2011-02-18 11:00:00,B4104,0.662,0.0,3.55,198.99,-3.6879999999999997,31838.4,35022.240000000005,4.35
2011-02-18 12:00:00,B4104,4.34,0.0,4.2,198.99,-0.71,31838.4,35022.240000000005,5.05
2011-02-18 13:00:00,B4104,1.187,0.0,4.32,198.99,-4.013,31838.4,35022.240000000005,5.2
2011-02-18 14:00:00,B4104,0.662,0.0,3.95,198.99,-4.238,31838.4,35022.240000000005,4.9
2011-02-18 15:00:00,B4104,0.662,0.0,3.18,198.99,-3.498,31838.4,35022.240000000005,4.16
2011-02-18 16:00:00,B4104,0.662,0.0,2.01,198.99,-2.158,31838.4,35022.240000000005,2.82
2011-02-18 17:00:00,B4104,1.187,0.0,0.0,198.99,0.857,31838.4,35022.240000000005,0.33
2011-02-18 18:00:00,B4104,4.34,0.0,0.0,198.99,4.34,31838.4,35022.240000000005,0.0
2011-02-18 19:00:00,B4104,5.391,0.0,0.0,198.99,5.391,31838.4,35022.240000000005,0.0
2011-02-18 20:00:00,B4104,1.187,0.0,0.0,198.99,1.187,31838.4,35022.240000000005,0.0
2011-02-18 21:00:00,B4104,1.183,0.0,0.0,198.99,1.183,31838.4,35022.240000000005,0.0
2011-02-18 22:00:00,B4104,1.182,0.0,0.0,198.99,1.182,31838.4,35022.240000000005,0.0
2011-02-18 23:00:00,B4104,0.657,0.0,0.0,198.99,0.657,31838.4,35022.240000000005,0.0
2011-02-19 00:00:00,B4104,0.657,0.0,0.0,198.99,0.657,31838.4,35022.240000000005,0.0
2011-02-19 01:00:00,B4104,0.657,0.0,0.0,198.99,0.657,31838.4,35022.240000000005,0.0
2011-02-19 02:00:00,B4104,0.657,0.0,0.0,198.99,0.657,31838.4,35022.240000000005,0.0
2011-02-19 03:00:00,B4104,0.657,0.0,0.0,198.99,0.657,31838.4,35022.240000000005,0.0
2011-02-19 04:00:00,B4104,0.657,0.0,0.0,198.99,0.657,31838.4,35022.240000000005,0.0
2011-02-19 05:00:00,B4104,1.182,0.0,0.0,198.99,1.182,31838.4,35022.240000000005,0.0
2011-02-19 06:00:00,B4104,4.339,0.0,0.0,198.99,4.339,31838.4,35022.240000000005,0.0
2011-02-19 07:00:00,B4104,1.187,0.0,0.0,198.99,1.187,31838.4,35022.240000000005,0.0
2011-02-19 08:00:00,B4104,3.062,2.4,1.17,198.99,1.5619999999999998,31838.4,35022.240000000005,1.5
2011-02-19 09:00:00,B4104,3.062,2.4,1.84,198.99,0.6619999999999999,31838.4,35022.240000000005,2.4
2011-02-19 10:00:00,B4104,3.062,2.4,2.35,198.99,0.03200000000000003,31838.4,35022.240000000005,3.03
2011-02-19 11:00:00,B4104,3.062,2.4,3.04,198.99,-0.698,31838.4,35022.240000000005,3.76
2011-02-19 12:00:00,B4104,6.74,2.4,3.57,198.99,2.4300000000000006,31838.4,35022.240000000005,4.31
2011-02-19 13:00:00,B4104,1.187,0.0,3.63,198.99,-3.213,31838.4,35022.240000000005,4.4
2011-02-19 14:00:00,B4104,0.662,0.0,3.22,198.99,-3.388,31838.4,35022.240000000005,4.05
2011-02-19 15:00:00,B4104,0.662,0.0,2.52,198.99,-2.728,31838.4,35022.240000000005,3.39
2011-02-19 16:00:00,B4104,0.662,0.0,1.66,198.99,-1.778,31838.4,35022.240000000005,2.44
2011-02-19 17:00:00,B4104,1.187,0.0,0.5,198.99,0.3570000000000001,31838.4,35022.240000000005,0.83
2011-02-19 18:00:00,B4104,4.34,0.0,0.0,198.99,4.34,31838.4,35022.240000000005,0.0
2011-02-19 19:00:00,B4104,5.391,0.0,0.0,198.99,5.391,31838.4,35022.240000000005,0.0
2011-02-19 20:00:00,B4104,1.187,0.0,0.0,198.99,1.187,31838.4,35022.240000000005,0.0
2011-02-19 21:00:00,B4104,1.183,0.0,0.0,198.99,1.183,31838.4,35022.240000000005,0.0
2011-02-19 22:00:00,B4104,1.182,0.0,0.0,198.99,1.182,31838.4,35022.240000000005,0.0
2011-02-19 23:00:00,B4104,0.657,0.0,0.0,198.99,0.657,31838.4,35022.240000000005,0.0
2011-02-20 00:00:00,B4104,0.657,0.0,0.0,198.99,0.657,31838.4,35022.240000000005,0.0
2011-02-20 01:00:00,B4104,0.657,0.0,0.0,198.99,0.657,31838.4,35022.240000000005,0.0
2011-02-20 02:00:00,B4104,0.657,0.0,0.0,198.99,0.657,31838.4,35022.240000000005,0.0
2011-02-20 03:00:00,B4104,0.657,0.0,0.0,198.99,0.657,31838.4,35022.240000000005,0.0
2011-02-20 04:00:00,B4104,0.657,0.0,0.0,198.99,0.657,31838.4,35022.240000000005,0.0
2011-02-20 05:00:00,B4104,1.182,0.0,0.0,198.99,1.182,31838.4,35022.240000000005,0.0
2011-02-20 06:00:00,B4104,4.339,0.0,0.0,198.99,4.339,31838.4,35022.240000000005,0.0
2011-02-20 07:00:00,B4104,1.187,0.0,0.0,198.99,1.187,31838.4,35022.240000000005,0.0
2011-02-20 08:00:00,B4104,3.062,2.4,1.19,198.99,1.5419999999999998,31838.4,35022.240000000005,1.52
2011-02-20 09:00:00,B4104,3.062,2.4,1.86,198.99,0.6519999999999997,31838.4,35022.240000000005,2.41
2011-02-20 10:00:00,B4104,3.062,2.4,2.4,198.99,-0.018000000000000238,31838.4,35022.240000000005,3.08
2011-02-20 11:00:00,B4104,3.062,2.4,3.17,198.99,-0.8380000000000001,31838.4,35022.240000000005,3.9
2011-02-20 12:00:00,B4104,6.74,2.4,3.69,198.99,2.3100000000000005,31838.4,35022.240000000005,4.43
2011-02-20 13:00:00,B4104,1.187,0.0,3.72,198.99,-3.293,31838.4,35022.240000000005,4.48
2011-02-20 14:00:00,B4104,0.662,0.0,3.33,198.99,-3.4880000000000004,31838.4,35022.240000000005,4.15
2011-02-20 15:00:00,B4104,0.662,0.0,2.58,198.99,-2.778,31838.4,35022.240000000005,3.44
2011-02-20 16:00:00,B4104,0.662,0.0,1.7,198.99,-1.8080000000000003,31838.4,35022.240000000005,2.47
2011-02-20 17:00:00,B4104,1.187,0.0,0.52,198.99,0.32700000000000007,31838.4,35022.240000000005,0.86
2011-02-20 18:00:00,B4104,4.34,0.0,0.0,198.99,4.34,31838.4,35022.240000000005,0.0
2011-02-20 19:00:00,B4104,5.391,0.0,0.0,198.99,5.391,31838.4,35022.240000000005,0.0
2011-02-20 20:00:00,B4104,1.187,0.0,0.0,198.99,1.187,31838.4,35022.240000000005,0.0
2011-02-20 21:00:00,B4104,1.183,0.0,0.0,198.99,1.183,31838.4,35022.240000000005,0.0
2011-02-20 22:00:00,B4104,1.183,0.0,0.0,198.99,1.183,31838.4,35022.240000000005,0.0
2011-02-20 23:00:00,B4104,0.657,0.0,0.0,198.99,0.657,31838.4,35022.240000000005,0.0
2011-02-21 00:00:00,B4104,3.057,2.4,0.0,198.99,3.057,31838.4,35022.240000000005,0.0
2011-02-21 01:00:00,B4104,3.057,2.4,0.0,198.99,3.057,31838.4,35022.240000000005,0.0
2011-02-21 02:00:00,B4104,3.057,2.4,0.0,198.99,3.057,31838.4,35022.240000000005,0.0
2011-02-21 03:00:00,B4104,3.057,2.4,0.0,198.99,3.057,31838.4,35022.240000000005,0.0
2011-02-21 04:00:00,B4104,3.057,2.4,0.0,198.99,3.057,31838.4,35022.240000000005,0.0
2011-02-21 05:00:00,B4104,1.183,0.0,0.0,198.99,1.183,31838.4,35022.240000000005,0.0
2011-02-21 06:00:00,B4104,4.34,0.0,0.0,198.99,4.34,31838.4,35022.240000000005,0.0
2011-02-21 07:00:00,B4104,1.188,0.0,0.0,198.99,1.188,31838.4,35022.240000000005,0.0
2011-02-21 08:00:00,B4104,0.662,0.0,1.19,198.99,-0.838,31838.4,35022.240000000005,1.5
2011-02-21 09:00:00,B4104,0.662,0.0,1.98,198.99,-1.8679999999999999,31838.4,35022.240000000005,2.53
2011-02-21 10:00:00,B4104,0.662,0.0,2.71,198.99,-2.728,31838.4,35022.240000000005,3.39
2011-02-21 11:00:00,B4104,0.662,0.0,3.5,198.99,-3.5680000000000005,31838.4,35022.240000000005,4.23
2011-02-21 12:00:00,B4104,4.34,0.0,4.02,198.99,-0.4400000000000004,31838.4,35022.240000000005,4.78
2011-02-21 13:00:00,B4104,1.187,0.0,4.06,198.99,-3.643,31838.4,35022.240000000005,4.83
2011-02-21 14:00:00,B4104,0.662,0.0,3.55,198.99,-3.718,31838.4,35022.240000000005,4.38
2011-02-21 15:00:00,B4104,0.662,0.0,2.7,198.99,-2.888,31838.4,35022.240000000005,3.55
2011-02-21 16:00:00,B4104,0.662,0.0,1.72,198.99,-1.798,31838.4,35022.240000000005,2.46
2011-02-21 17:00:00,B4104,1.187,0.0,0.0,198.99,0.867,31838.4,35022.240000000005,0.32
2011-02-21 18:00:00,B4104,4.34,0.0,0.0,198.99,4.34,31838.4,35022.240000000005,0.0
2011-02-21 19:00:00,B4104,5.391,0.0,0.0,198.99,5.391,31838.4,35022.240000000005,0.0
2011-02-21 20:00:00,B4104,1.187,0.0,0.0,198.99,1.187,31838.4,35022.240000000005,0.0
2011-02-21 21:00:00,B4104,1.183,0.0,0.0,198.99,1.183,31838.4,35022.240000000005,0.0
2011-02-21 22:00:00,B4104,1.182,0.0,0.0,198.99,1.182,31838.4,35022.240000000005,0.0
2011-02-21 23:00:00,B4104,0.657,0.0,0.0,198.99,0.657,31838.4,35022.240000000005,0.0
2011-02-22 00:00:00,B4104,3.057,2.4,0.0,198.99,3.057,31838.4,35022.240000000005,0.0
2011-02-22 01:00:00,B4104,3.057,2.4,0.0,198.99,3.057,31838.4,35022.240000000005,0.0
2011-02-22 02:00:00,B4104,3.057,2.4,0.0,198.99,3.057,31838.4,35022.240000000005,0.0
2011-02-22 03:00:00,B4104,3.057,2.4,0.0,198.99,3.057,31838.4,35022.240000000005,0.0
2011-02-22 04:00:00,B4104,3.057,2.4,0.0,198.99,3.057,31838.4,35022.240000000005,0.0
2011-02-22 05:00:00,B4104,1.183,0.0,0.0,198.99,1.183,31838.4,35022.240000000005,0.0
2011-02-22 06:00:00,B4104,4.34,0.0,0.0,198.99,4.34,31838.4,35022.240000000005,0.0
2011-02-22 07:00:00,B4104,1.188,0.0,0.0,198.99,1.188,31838.4,35022.240000000005,0.0
2011-02-22 08:00:00,B4104,0.662,0.0,1.19,198.99,-0.838,31838.4,35022.240000000005,1.5
2011-02-22 09:00:00,B4104,0.662,0.0,1.89,198.99,-1.778,31838.4,35022.240000000005,2.44
2011-02-22 10:00:00,B4104,0.662,0.0,2.55,198.99,-2.548,31838.4,35022.240000000005,3.21
2011-02-22 11:00:00,B4104,0.662,0.0,3.45,198.99,-3.498,31838.4,35022.240000000005,4.16
2011-02-22 12:00:00,B4104,4.335,0.0,4.0,198.99,-0.40500000000000025,31838.4,35022.240000000005,4.74
2011-02-22 13:00:00,B4104,1.187,0.0,3.98,198.99,-3.543,31838.4,35022.240000000005,4.73
2011-02-22 14:00:00,B4104,0.662,0.0,3.52,198.99,-3.6580000000000004,31838.4,35022.240000000005,4.32
2011-02-22 15:00:00,B4104,0.662,0.0,2.77,198.99,-2.958,31838.4,35022.240000000005,3.62
2011-02-22 16:00:00,B4104,0.662,0.0,1.79,198.99,-1.8980000000000001,31838.4,35022.240000000005,2.56
2011-02-22 17:00:00,B4104,1.187,0.0,0.53,198.99,0.31700000000000006,31838.4,35022.240000000005,0.87
2011-02-22 18:00:00,B4104,4.34,0.0,0.0,198.99,4.34,31838.4,35022.240000000005,0.0
2011-02-22 19:00:00,B4104,5.391,0.0,0.0,198.99,5.391,31838.4,35022.240000000005,0.0
2011-02-22 20:00:00,B4104,1.187,0.0,0.0,198.99,1.187,31838.4,35022.240000000005,0.0
2011-02-22 21:00:00,B4104,1.183,0.0,0.0,198.99,1.183,31838.4,35022.240000000005,0.0
2011-02-22 22:00:00,B4104,1.182,0.0,0.0,198.99,1.182,31838.4,35022.240000000005,0.0
2011-02-22 23:00:00,B4104,0.657,0.0,0.0,198.99,0.657,31838.4,35022.240000000005,0.0
2011-02-23 00:00:00,B4104,3.057,2.4,0.0,198.99,3.057,31838.4,35022.240000000005,0.0
2011-02-23 01:00:00,B4104,3.057,2.4,0.0,198.99,3.057,31838.4,35022.240000000005,0.0
2011-02-23 02:00:00,B4104,3.057,2.4,0.0,198.99,3.057,31838.4,35022.240000000005,0.0
2011-02-23 03:00:00,B4104,3.057,2.4,0.0,198.99,3.057,31838.4,35022.240000000005,0.0
2011-02-23 04:00:00,B4104,3.057,2.4,0.0,198.99,3.057,31838.4,35022.240000000005,0.0
2011-02-23 05:00:00,B4104,1.183,0.0,0.0,198.99,1.183,31838.4,35022.240000000005,0.0
2011-02-23 06:00:00,B4104,4.34,0.0,0.0,198.99,4.34,31838.4,35022.240000000005,0.0
2011-02-23 07:00:00,B4104,1.188,0.0,0.0,198.99,1.188,31838.4,35022.240000000005,0.0
2011-02-23 08:00:00,B4104,0.662,0.0,2.03,198.99,-1.718,31838.4,35022.240000000005,2.38
2011-02-23 09:00:00,B4104,0.662,0.0,3.48,198.99,-3.4880000000000004,31838.4,35022.240000000005,4.15
2011-02-23 10:00:00,B4104,0.662,0.0,5.42,198.99,-5.678,31838.4,35022.240000000005,6.34
2011-02-23 11:00:00,B4104,0.662,0.0,7.42,198.99,-7.898000000000001,31838.4,35022.240000000005,8.56
2011-02-23 12:00:00,B4104,4.34,0.0,8.13,198.99,-5.0,31838.4,35022.240000000005,9.34
2011-02-23 13:00:00,B4104,1.187,0.0,7.39,198.99,-7.352999999999999,31838.4,35022.240000000005,8.54
2011-02-23 14:00:00,B4104,0.662,0.0,6.35,198.99,-6.838,31838.4,35022.240000000005,7.5
2011-02-23 15:00:00,B4104,0.662,0.0,4.88,198.99,-5.2780000000000005,31838.4,35022.240000000005,5.94
2011-02-23 16:00:00,B4104,0.662,0.0,2.91,198.99,-3.0580000000000003,31838.4,35022.240000000005,3.72
2011-02-23 17:00:00,B4104,1.187,0.0,0.0,198.99,0.897,31838.4,35022.240000000005,0.29
2011-02-23 18:00:00,B4104,4.34,0.0,0.0,198.99,4.34,31838.4,35022.240000000005,0.0
2011-02-23 19:00:00,B4104,5.391,0.0,0.0,198.99,5.391,31838.4,35022.240000000005,0.0
2011-02-23 20:00:00,B4104,1.187,0.0,0.0,198.99,1.187,31838.4,35022.240000000005,0.0
2011-02-23 21:00:00,B4104,1.183,0.0,0.0,198.99,1.183,31838.4,35022.240000000005,0.0
2011-02-23 22:00:00,B4104,1.182,0.0,0.0,198.99,1.182,31838.4,35022.240000000005,0.0
2011-02-23 23:00:00,B4104,0.657,0.0,0.0,198.99,0.657,31838.4,35022.240000000005,0.0
2011-02-24 00:00:00,B4104,3.057,2.4,0.0,198.99,3.057,31838.4,35022.240000000005,0.0
2011-02-24 01:00:00,B4104,3.057,2.4,0.0,198.99,3.057,31838.4,35022.240000000005,0.0
2011-02-24 02:00:00,B4104,3.057,2.4,0.0,198.99,3.057,31838.4,35022.240000000005,0.0
2011-02-24 03:00:00,B4104,3.057,2.4,0.0,198.99,3.057,31838.4,35022.240000000005,0.0
2011-02-24 04:00:00,B4104,3.057,2.4,0.0,198.99,3.057,31838.4,35022.240000000005,0.0
2011-02-24 05:00:00,B4104,1.183,0.0,0.0,198.99,1.183,31838.4,35022.240000000005,0.0
2011-02-24 06:00:00,B4104,4.34,0.0,0.0,198.99,4.34,31838.4,35022.240000000005,0.0
2011-02-24 07:00:00,B4104,1.188,0.0,0.0,198.99,1.188,31838.4,35022.240000000005,0.0
2011-02-24 08:00:00,B4104,0.662,0.0,1.9,198.99,-1.5380000000000003,31838.4,35022.240000000005,2.2
2011-02-24 09:00:00,B4104,0.662,0.0,2.94,198.99,-2.748,31838.4,35022.240000000005,3.41
2011-02-24 10:00:00,B4104,0.662,0.0,3.29,198.99,-3.168,31838.4,35022.240000000005,3.83
2011-02-24 11:00:00,B4104,0.662,0.0,3.55,198.99,-3.498,31838.4,35022.240000000005,4.16
2011-02-24 12:00:00,B4104,4.34,0.0,4.18,198.99,-0.5300000000000002,31838.4,35022.240000000005,4.87
2011-02-24 13:00:00,B4104,1.187,0.0,4.41,198.99,-3.973,31838.4,35022.240000000005,5.16
2011-02-24 14:00:00,B4104,0.662,0.0,3.64,198.99,-3.708,31838.4,35022.240000000005,4.37
2011-02-24 15:00:00,B4104,0.662,0.0,2.95,198.99,-3.0380000000000003,31838.4,35022.240000000005,3.7
2011-02-24 16:00:00,B4104,0.662,0.0,1.83,198.99,-1.8080000000000003,31838.4,35022.240000000005,2.47
2011-02-24 17:00:00,B4104,1.187,0.0,0.0,198.99,0.937,31838.4,35022.240000000005,0.25
2011-02-24 18:00:00,B4104,4.34,0.0,0.0,198.99,4.34,31838.4,35022.240000000005,0.0
2011-02-24 19:00:00,B4104,5.391,0.0,0.0,198.99,5.391,31838.4,35022.240000000005,0.0
2011-02-24 20:00:00,B4104,1.187,0.0,0.0,198.99,1.187,31838.4,35022.240000000005,0.0
2011-02-24 21:00:00,B4104,1.183,0.0,0.0,198.99,1.183,31838.4,35022.240000000005,0.0
2011-02-24 22:00:00,B4104,1.182,0.0,0.0,198.99,1.182,31838.4,35022.240000000005,0.0
2011-02-24 23:00:00,B4104,0.657,0.0,0.0,198.99,0.657,31838.4,35022.240000000005,0.0
2011-02-25 00:00:00,B4104,3.057,2.4,0.0,198.99,3.057,31838.4,35022.240000000005,0.0
2011-02-25 01:00:00,B4104,3.057,2.4,0.0,198.99,3.057,31838.4,35022.240000000005,0.0
2011-02-25 02:00:00,B4104,3.057,2.4,0.0,198.99,3.057,31838.4,35022.240000000005,0.0
2011-02-25 03:00:00,B4104,3.057,2.4,0.0,198.99,3.057,31838.4,35022.240000000005,0.0
2011-02-25 04:00:00,B4104,3.057,2.4,0.0,198.99,3.057,31838.4,35022.240000000005,0.0
2011-02-25 05:00:00,B4104,1.183,0.0,0.0,198.99,1.183,31838.4,35022.240000000005,0.0
2011-02-25 06:00:00,B4104,4.34,0.0,0.0,198.99,4.34,31838.4,35022.240000000005,0.0
2011-02-25 07:00:00,B4104,1.188,0.0,0.0,198.99,1.188,31838.4,35022.240000000005,0.0
2011-02-25 08:00:00,B4104,0.662,0.0,1.65,198.99,-1.298,31838.4,35022.240000000005,1.96
2011-02-25 09:00:00,B4104,0.662,0.0,2.98,198.99,-2.918,31838.4,35022.240000000005,3.58
2011-02-25 10:00:00,B4104,0.662,0.0,4.45,198.99,-4.548,31838.4,35022.240000000005,5.21
2011-02-25 11:00:00,B4104,0.662,0.0,5.1,198.99,-5.248,31838.4,35022.240000000005,5.91
2011-02-25 12:00:00,B4104,4.34,0.0,5.69,198.99,-2.2199999999999998,31838.4,35022.240000000005,6.56
2011-02-25 13:00:00,B4104,1.187,0.0,6.24,198.99,-6.0329999999999995,31838.4,35022.240000000005,7.22
2011-02-25 14:00:00,B4104,0.662,0.0,5.77,198.99,-6.148,31838.4,35022.240000000005,6.81
2011-02-25 15:00:00,B4104,0.662,0.0,4.14,198.99,-4.408,31838.4,35022.240000000005,5.07
2011-02-25 16:00:00,B4104,0.662,0.0,2.62,198.99,-2.748,31838.4,35022.240000000005,3.41
2011-02-25 17:00:00,B4104,1.187,0.0,0.64,198.99,0.2270000000000001,31838.4,35022.240000000005,0.96
2011-02-25 18:00:00,B4104,4.34,0.0,0.0,198.99,4.34,31838.4,35022.240000000005,0.0
2011-02-25 19:00:00,B4104,5.391,0.0,0.0,198.99,5.391,31838.4,35022.240000000005,0.0
2011-02-25 20:00:00,B4104,1.187,0.0,0.0,198.99,1.187,31838.4,35022.240000000005,0.0
2011-02-25 21:00:00,B4104,1.183,0.0,0.0,198.99,1.183,31838.4,35022.240000000005,0.0
2011-02-25 22:00:00,B4104,1.182,0.0,0.0,198.99,1.182,31838.4,35022.240000000005,0.0
2011-02-25 23:00:00,B4104,0.657,0.0,0.0,198.99,0.657,31838.4,35022.240000000005,0.0
2011-02-26 00:00:00,B4104,0.657,0.0,0.0,198.99,0.657,31838.4,35022.240000000005,0.0
2011-02-26 01:00:00,B4104,0.657,0.0,0.0,198.99,0.657,31838.4,35022.240000000005,0.0
2011-02-26 02:00:00,B4104,0.657,0.0,0.0,198.99,0.657,31838.4,35022.240000000005,0.0
2011-02-26 03:00:00,B4104,0.657,0.0,0.0,198.99,0.657,31838.4,35022.240000000005,0.0
2011-02-26 04:00:00,B4104,0.657,0.0,0.0,198.99,0.657,31838.4,35022.240000000005,0.0
2011-02-26 05:00:00,B4104,1.182,0.0,0.0,198.99,1.182,31838.4,35022.240000000005,0.0
2011-02-26 06:00:00,B4104,4.339,0.0,0.0,198.99,4.339,31838.4,35022.240000000005,0.0
2011-02-26 07:00:00,B4104,1.187,0.0,0.0,198.99,1.187,31838.4,35022.240000000005,0.0
2011-02-26 08:00:00,B4104,3.062,2.4,2.46,198.99,0.33199999999999985,31838.4,35022.240000000005,2.73
2011-02-26 09:00:00,B4104,3.062,2.4,3.54,198.99,-0.988,31838.4,35022.240000000005,4.05
2011-02-26 10:00:00,B4104,3.062,2.4,3.05,198.99,-0.3080000000000003,31838.4,35022.240000000005,3.37
2011-02-26 11:00:00,B4104,3.062,2.4,3.51,198.99,-0.8080000000000003,31838.4,35022.240000000005,3.87
2011-02-26 12:00:00,B4104,6.74,2.4,5.74,198.99,0.16000000000000014,31838.4,35022.240000000005,6.58
2011-02-26 13:00:00,B4104,1.187,0.0,6.47,198.99,-6.293,31838.4,35022.240000000005,7.48
2011-02-26 14:00:00,B4104,0.662,0.0,5.09,198.99,-5.378,31838.4,35022.240000000005,6.04
2011-02-26 15:00:00,B4104,0.662,0.0,3.86,198.99,-4.098,31838.4,35022.240000000005,4.76
2011-02-26 16:00:00,B4104,0.662,0.0,2.45,198.99,-2.548,31838.4,35022.240000000005,3.21
2011-02-26 17:00:00,B4104,1.187,0.0,0.0,198.99,0.877,31838.4,35022.240000000005,0.31
2011-02-26 18:00:00,B4104,4.34,0.0,0.0,198.99,4.34,31838.4,35022.240000000005,0.0
2011-02-26 19:00:00,B4104,5.391,0.0,0.0,198.99,5.391,31838.4,35022.240000000005,0.0
2011-02-26 20:00:00,B4104,1.187,0.0,0.0,198.99,1.187,31838.4,35022.240000000005,0.0
2011-02-26 21:00:00,B4104,1.183,0.0,0.0,198.99,1.183,31838.4,35022.240000000005,0.0
2011-02-26 22:00:00,B4104,1.182,0.0,0.0,198.99,1.182,31838.4,35022.240000000005,0.0
2011-02-26 23:00:00,B4104,0.657,0.0,0.0,198.99,0.657,31838.4,35022.240000000005,0.0
2011-02-27 00:00:00,B4104,0.657,0.0,0.0,198.99,0.657,31838.4,35022.240000000005,0.0
2011-02-27 01:00:00,B4104,0.657,0.0,0.0,198.99,0.657,31838.4,35022.240000000005,0.0
2011-02-27 02:00:00,B4104,0.657,0.0,0.0,198.99,0.657,31838.4,35022.240000000005,0.0
2011-02-27 03:00:00,B4104,0.657,0.0,0.0,198.99,0.657,31838.4,35022.240000000005,0.0
2011-02-27 04:00:00,B4104,0.657,0.0,0.0,198.99,0.657,31838.4,35022.240000000005,0.0
2011-02-27 05:00:00,B4104,1.182,0.0,0.0,198.99,1.182,31838.4,35022.240000000005,0.0
2011-02-27 06:00:00,B4104,4.339,0.0,0.0,198.99,4.339,31838.4,35022.240000000005,0.0
2011-02-27 07:00:00,B4104,1.187,0.0,0.0,198.99,1.187,31838.4,35022.240000000005,0.0
2011-02-27 08:00:00,B4104,3.062,2.4,2.28,198.99,0.4119999999999999,31838.4,35022.240000000005,2.65
2011-02-27 09:00:00,B4104,3.062,2.4,3.62,198.99,-1.2280000000000002,31838.4,35022.240000000005,4.29
2011-02-27 10:00:00,B4104,3.062,2.4,4.87,198.99,-2.648,31838.4,35022.240000000005,5.71
2011-02-27 11:00:00,B4104,3.062,2.4,5.81,198.99,-3.648,31838.4,35022.240000000005,6.71
2011-02-27 12:00:00,B4104,6.74,2.4,5.98,198.99,-0.1299999999999999,31838.4,35022.240000000005,6.87
2011-02-27 13:00:00,B4104,1.187,0.0,5.41,198.99,-5.063,31838.4,35022.240000000005,6.25
2011-02-27 14:00:00,B4104,0.662,0.0,4.96,198.99,-5.208,31838.4,35022.240000000005,5.87
2011-02-27 15:00:00,B4104,0.662,0.0,4.01,198.99,-4.298,31838.4,35022.240000000005,4.96
2011-02-27 16:00:00,B4104,0.662,0.0,2.33,198.99,-2.448,31838.4,35022.240000000005,3.11
2011-02-27 17:00:00,B4104,1.187,0.0,0.67,198.99,0.17700000000000005,31838.4,35022.240000000005,1.01
2011-02-27 18:00:00,B4104,4.34,0.0,0.0,198.99,4.34,31838.4,35022.240000000005,0.0
2011-02-27 19:00:00,B4104,5.391,0.0,0.0,198.99,5.391,31838.4,35022.240000000005,0.0
2011-02-27 20:00:00,B4104,1.187,0.0,0.0,198.99,1.187,31838.4,35022.240000000005,0.0
2011-02-27 21:00:00,B4104,1.183,0.0,0.0,198.99,1.183,31838.4,35022.240000000005,0.0
2011-02-27 22:00:00,B4104,1.183,0.0,0.0,198.99,1.183,31838.4,35022.240000000005,0.0
2011-02-27 23:00:00,B4104,0.657,0.0,0.0,198.99,0.657,31838.4,35022.240000000005,0.0
2011-02-28 00:00:00,B4104,3.057,2.4,0.0,198.99,3.057,31838.4,35022.240000000005,0.0
2011-02-28 01:00:00,B4104,3.057,2.4,0.0,198.99,3.057,31838.4,35022.240000000005,0.0
2011-02-28 02:00:00,B4104,3.057,2.4,0.0,198.99,3.057,31838.4,35022.240000000005,0.0
2011-02-28 03:00:00,B4104,3.057,2.4,0.0,198.99,3.057,31838.4,35022.240000000005,0.0
2011-02-28 04:00:00,B4104,3.057,2.4,0.0,198.99,3.057,31838.4,35022.240000000005,0.0
2011-02-28 05:00:00,B4104,1.183,0.0,0.0,198.99,1.183,31838.4,35022.240000000005,0.0
2011-02-28 06:00:00,B4104,4.34,0.0,0.0,198.99,4.34,31838.4,35022.240000000005,0.0
2011-02-28 07:00:00,B4104,1.188,0.0,0.0,198.99,1.188,31838.4,35022.240000000005,0.0
2011-02-28 08:00:00,B4104,0.662,0.0,1.67,198.99,-1.3479999999999999,31838.4,35022.240000000005,2.01
2011-02-28 09:00:00,B4104,0.662,0.0,2.51,198.99,-2.408,31838.4,35022.240000000005,3.07
2011-02-28 10:00:00,B4104,0.662,0.0,4.2,198.99,-4.2780000000000005,31838.4,35022.240000000005,4.94
2011-02-28 11:00:00,B4104,0.662,0.0,5.53,198.99,-5.708,31838.4,35022.240000000005,6.37
2011-02-28 12:00:00,B4104,4.34,0.0,5.88,198.99,-2.3900000000000006,31838.4,35022.240000000005,6.73
2011-02-28 13:00:00,B4104,1.187,0.0,5.75,198.99,-5.433,31838.4,35022.240000000005,6.62
2011-02-28 14:00:00,B4104,0.662,0.0,5.17,198.99,-5.438,31838.4,35022.240000000005,6.1
2011-02-28 15:00:00,B4104,0.662,0.0,4.01,198.99,-4.268,31838.4,35022.240000000005,4.93
2011-02-28 16:00:00,B4104,0.662,0.0,2.55,198.99,-2.618,31838.4,35022.240000000005,3.28
2011-02-28 17:00:00,B4104,1.187,0.0,0.0,198.99,0.897,31838.4,35022.240000000005,0.29
2011-02-28 18:00:00,B4104,4.34,0.0,0.0,198.99,4.34,31838.4,35022.240000000005,0.0
2011-02-28 19:00:00,B4104,5.391,0.0,0.0,198.99,5.391,31838.4,35022.240000000005,0.0
2011-02-28 20:00:00,B4104,1.187,0.0,0.0,198.99,1.187,31838.4,35022.240000000005,0.0
2011-02-28 21:00:00,B4104,1.183,0.0,0.0,198.99,1.183,31838.4,35022.240000000005,0.0
2011-02-28 22:00:00,B4104,1.182,0.0,0.0,198.99,1.182,31838.4,35022.240000000005,0.0
2011-02-28 23:00:00,B4104,0.657,0.0,0.0,198.99,0.657,31838.4,35022.240000000005,0.0
2011-03-01 00:00:00,B4104,3.057,2.4,0.0,198.99,3.057,31838.4,35022.240000000005,0.0
2011-03-01 01:00:00,B4104,3.057,2.4,0.0,198.99,3.057,31838.4,35022.240000000005,0.0
2011-03-01 02:00:00,B4104,3.057,2.4,0.0,198.99,3.057,31838.4,35022.240000000005,0.0
2011-03-01 03:00:00,B4104,3.057,2.4,0.0,198.99,3.057,31838.4,35022.240000000005,0.0
2011-03-01 04:00:00,B4104,3.057,2.4,0.0,198.99,3.057,31838.4,35022.240000000005,0.0
2011-03-01 05:00:00,B4104,1.183,0.0,0.0,198.99,1.183,31838.4,35022.240000000005,0.0
2011-03-01 06:00:00,B4104,4.34,0.0,0.0,198.99,4.34,31838.4,35022.240000000005,0.0
2011-03-01 07:00:00,B4104,1.188,0.0,0.0,198.99,1.188,31838.4,35022.240000000005,0.0
2011-03-01 08:00:00,B4104,0.662,0.0,1.39,198.99,-1.0579999999999998,31838.4,35022.240000000005,1.72
2011-03-01 09:00:00,B4104,0.662,0.0,2.17,198.99,-2.048,31838.4,35022.240000000005,2.71
2011-03-01 10:00:00,B4104,0.662,0.0,3.43,198.99,-3.4080000000000004,31838.4,35022.240000000005,4.07
2011-03-01 11:00:00,B4104,0.662,0.0,4.48,198.99,-4.508,31838.4,35022.240000000005,5.17
2011-03-01 12:00:00,B4104,4.34,0.0,5.1,198.99,-1.4699999999999998,31838.4,35022.240000000005,5.81
2011-03-01 13:00:00,B4104,1.187,0.0,5.11,198.99,-4.662999999999999,31838.4,35022.240000000005,5.85
2011-03-01 14:00:00,B4104,0.662,0.0,4.72,198.99,-4.898,31838.4,35022.240000000005,5.56
2011-03-01 15:00:00,B4104,0.662,0.0,3.75,198.99,-3.9880000000000004,31838.4,35022.240000000005,4.65
2011-03-01 16:00:00,B4104,0.662,0.0,2.25,198.99,-2.398,31838.4,35022.240000000005,3.06
2011-03-01 17:00:00,B4104,1.187,0.0,0.63,198.99,0.18700000000000006,31838.4,35022.240000000005,1.0
2011-03-01 18:00:00,B4104,4.34,0.0,0.0,198.99,4.34,31838.4,35022.240000000005,0.0
2011-03-01 19:00:00,B4104,5.391,0.0,0.0,198.99,5.391,31838.4,35022.240000000005,0.0
2011-03-01 20:00:00,B4104,1.187,0.0,0.0,198.99,1.187,31838.4,35022.240000000005,0.0
2011-03-01 21:00:00,B4104,1.183,0.0,0.0,198.99,1.183,31838.4,35022.240000000005,0.0
2011-03-01 22:00:00,B4104,1.182,0.0,0.0,198.99,1.182,31838.4,35022.240000000005,0.0
2011-03-01 23:00:00,B4104,0.657,0.0,0.0,198.99,0.657,31838.4,35022.240000000005,0.0
2011-03-02 00:00:00,B4104,3.057,2.4,0.0,198.99,3.057,31838.4,35022.240000000005,0.0
2011-03-02 01:00:00,B4104,3.057,2.4,0.0,198.99,3.057,31838.4,35022.240000000005,0.0
2011-03-02 02:00:00,B4104,3.057,2.4,0.0,198.99,3.057,31838.4,35022.240000000005,0.0
2011-03-02 03:00:00,B4104,3.057,2.4,0.0,198.99,3.057,31838.4,35022.240000000005,0.0
2011-03-02 04:00:00,B4104,3.057,2.4,0.0,198.99,3.057,31838.4,35022.240000000005,0.0
2011-03-02 05:00:00,B4104,1.183,0.0,0.0,198.99,1.183,31838.4,35022.240000000005,0.0
2011-03-02 06:00:00,B4104,4.34,0.0,0.0,198.99,4.34,31838.4,35022.240000000005,0.0
2011-03-02 07:00:00,B4104,1.188,0.0,0.0,198.99,1.188,31838.4,35022.240000000005,0.0
2011-03-02 08:00:00,B4104,0.662,0.0,1.45,198.99,-1.1280000000000001,31838.4,35022.240000000005,1.79
2011-03-02 09:00:00,B4104,0.662,0.0,2.32,198.99,-2.198,31838.4,35022.240000000005,2.86
2011-03-02 10:00:00,B4104,0.662,0.0,3.64,198.99,-3.628,31838.4,35022.240000000005,4.29
2011-03-02 11:00:00,B4104,0.662,0.0,4.68,198.99,-4.698,31838.4,35022.240000000005,5.36
2011-03-02 12:00:00,B4104,4.34,0.0,5.25,198.99,-1.6100000000000003,31838.4,35022.240000000005,5.95
2011-03-02 13:00:00,B4104,1.187,0.0,5.32,198.99,-4.872999999999999,31838.4,35022.240000000005,6.06
2011-03-02 14:00:00,B4104,0.662,0.0,5.02,198.99,-5.228,31838.4,35022.240000000005,5.89
2011-03-02 15:00:00,B4104,0.662,0.0,4.5,198.99,-4.808,31838.4,35022.240000000005,5.47
2011-03-02 16:00:00,B4104,0.662,0.0,2.84,198.99,-3.048,31838.4,35022.240000000005,3.71
2011-03-02 17:00:00,B4104,1.187,0.0,0.66,198.99,0.17700000000000005,31838.4,35022.240000000005,1.01
2011-03-02 18:00:00,B4104,4.34,0.0,0.0,198.99,4.34,31838.4,35022.240000000005,0.0
2011-03-02 19:00:00,B4104,5.391,0.0,0.0,198.99,5.391,31838.4,35022.240000000005,0.0
2011-03-02 20:00:00,B4104,1.187,0.0,0.0,198.99,1.187,31838.4,35022.240000000005,0.0
2011-03-02 21:00:00,B4104,1.183,0.0,0.0,198.99,1.183,31838.4,35022.240000000005,0.0
2011-03-02 22:00:00,B4104,1.182,0.0,0.0,198.99,1.182,31838.4,35022.240000000005,0.0
2011-03-02 23:00:00,B4104,0.657,0.0,0.0,198.99,0.657,31838.4,35022.240000000005,0.0
2011-03-03 00:00:00,B4104,3.057,2.4,0.0,198.99,3.057,31838.4,35022.240000000005,0.0
2011-03-03 01:00:00,B4104,3.057,2.4,0.0,198.99,3.057,31838.4,35022.240000000005,0.0
2011-03-03 02:00:00,B4104,3.057,2.4,0.0,198.99,3.057,31838.4,35022.240000000005,0.0
2011-03-03 03:00:00,B4104,3.057,2.4,0.0,198.99,3.057,31838.4,35022.240000000005,0.0
2011-03-03 04:00:00,B4104,3.057,2.4,0.0,198.99,3.057,31838.4,35022.240000000005,0.0
2011-03-03 05:00:00,B4104,1.183,0.0,0.0,198.99,1.183,31838.4,35022.240000000005,0.0
2011-03-03 06:00:00,B4104,4.34,0.0,0.0,198.99,4.34,31838.4,35022.240000000005,0.0
2011-03-03 07:00:00,B4104,1.188,0.0,0.0,198.99,1.188,31838.4,35022.240000000005,0.0
2011-03-03 08:00:00,B4104,0.662,0.0,1.46,198.99,-1.1280000000000001,31838.4,35022.240000000005,1.79
2011-03-03 09:00:00,B4104,0.662,0.0,2.35,198.99,-2.228,31838.4,35022.240000000005,2.89
2011-03-03 10:00:00,B4104,0.662,0.0,3.74,198.99,-3.718,31838.4,35022.240000000005,4.38
2011-03-03 11:00:00,B4104,0.662,0.0,4.86,198.99,-4.878,31838.4,35022.240000000005,5.54
2011-03-03 12:00:00,B4104,4.34,0.0,5.47,198.99,-1.83,31838.4,35022.240000000005,6.17
2011-03-03 13:00:00,B4104,1.187,0.0,5.44,198.99,-4.983,31838.4,35022.240000000005,6.17
2011-03-03 14:00:00,B4104,0.662,0.0,4.84,198.99,-4.978,31838.4,35022.240000000005,5.64
2011-03-03 15:00:00,B4104,0.662,0.0,3.77,198.99,-3.9480000000000004,31838.4,35022.240000000005,4.61
2011-03-03 16:00:00,B4104,0.662,0.0,2.38,198.99,-2.478,31838.4,35022.240000000005,3.14
2011-03-03 17:00:00,B4104,1.187,0.0,0.75,198.99,0.09699999999999998,31838.4,35022.240000000005,1.09
2011-03-03 18:00:00,B4104,4.34,0.0,0.0,198.99,4.34,31838.4,35022.240000000005,0.0
2011-03-03 19:00:00,B4104,5.391,0.0,0.0,198.99,5.391,31838.4,35022.240000000005,0.0
2011-03-03 20:00:00,B4104,1.187,0.0,0.0,198.99,1.187,31838.4,35022.240000000005,0.0
2011-03-03 21:00:00,B4104,1.183,0.0,0.0,198.99,1.183,31838.4,35022.240000000005,0.0
2011-03-03 22:00:00,B4104,1.182,0.0,0.0,198.99,1.182,31838.4,35022.240000000005,0.0
2011-03-03 23:00:00,B4104,0.657,0.0,0.0,198.99,0.657,31838.4,35022.240000000005,0.0
2011-03-04 00:00:00,B4104,3.057,2.4,0.0,198.99,3.057,31838.4,35022.240000000005,0.0
2011-03-04 01:00:00,B4104,3.057,2.4,0.0,198.99,3.057,31838.4,35022.240000000005,0.0
2011-03-04 02:00:00,B4104,3.057,2.4,0.0,198.99,3.057,31838.4,35022.240000000005,0.0
2011-03-04 03:00:00,B4104,3.057,2.4,0.0,198.99,3.057,31838.4,35022.240000000005,0.0
2011-03-04 04:00:00,B4104,3.057,2.4,0.0,198.99,3.057,31838.4,35022.240000000005,0.0
2011-03-04 05:00:00,B4104,1.183,0.0,0.0,198.99,1.183,31838.4,35022.240000000005,0.0
2011-03-04 06:00:00,B4104,4.34,0.0,0.0,198.99,4.34,31838.4,35022.240000000005,0.0
2011-03-04 07:00:00,B4104,1.188,0.0,0.0,198.99,1.188,31838.4,35022.240000000005,0.0
2011-03-04 08:00:00,B4104,0.662,0.0,1.49,198.99,-1.158,31838.4,35022.240000000005,1.82
2011-03-04 09:00:00,B4104,0.662,0.0,2.59,198.99,-2.478,31838.4,35022.240000000005,3.14
2011-03-04 10:00:00,B4104,0.662,0.0,4.19,198.99,-4.198,31838.4,35022.240000000005,4.86
2011-03-04 11:00:00,B4104,0.662,0.0,5.24,198.99,-5.288,31838.4,35022.240000000005,5.95
2011-03-04 12:00:00,B4104,4.34,0.0,6.17,198.99,-2.62,31838.4,35022.240000000005,6.96
2011-03-04 13:00:00,B4104,1.187,0.0,6.49,198.99,-6.183,31838.4,35022.240000000005,7.37
2011-03-04 14:00:00,B4104,0.662,0.0,5.39,198.99,-5.608,31838.4,35022.240000000005,6.27
2011-03-04 15:00:00,B4104,0.662,0.0,4.14,198.99,-4.348,31838.4,35022.240000000005,5.01
2011-03-04 16:00:00,B4104,0.662,0.0,2.76,198.99,-2.938,31838.4,35022.240000000005,3.6
2011-03-04 17:00:00,B4104,1.187,0.0,0.71,198.99,0.10699999999999998,31838.4,35022.240000000005,1.08
2011-03-04 18:00:00,B4104,4.34,0.0,0.0,198.99,4.34,31838.4,35022.240000000005,0.0
2011-03-04 19:00:00,B4104,5.391,0.0,0.0,198.99,5.391,31838.4,35022.240000000005,0.0
2011-03-04 20:00:00,B4104,1.187,0.0,0.0,198.99,1.187,31838.4,35022.240000000005,0.0
2011-03-04 21:00:00,B4104,1.183,0.0,0.0,198.99,1.183,31838.4,35022.240000000005,0.0
2011-03-04 22:00:00,B4104,1.182,0.0,0.0,198.99,1.182,31838.4,35022.240000000005,0.0
2011-03-04 23:00:00,B4104,0.657,0.0,0.0,198.99,0.657,31838.4,35022.240000000005,0.0
2011-03-05 00:00:00,B4104,0.657,0.0,0.0,198.99,0.657,31838.4,35022.240000000005,0.0
2011-03-05 01:00:00,B4104,0.657,0.0,0.0,198.99,0.657,31838.4,35022.240000000005,0.0
2011-03-05 02:00:00,B4104,0.657,0.0,0.0,198.99,0.657,31838.4,35022.240000000005,0.0
2011-03-05 03:00:00,B4104,0.657,0.0,0.0,198.99,0.657,31838.4,35022.240000000005,0.0
2011-03-05 04:00:00,B4104,0.657,0.0,0.0,198.99,0.657,31838.4,35022.240000000005,0.0
2011-03-05 05:00:00,B4104,1.182,0.0,0.0,198.99,1.182,31838.4,35022.240000000005,0.0
2011-03-05 06:00:00,B4104,4.339,0.0,0.0,198.99,4.339,31838.4,35022.240000000005,0.0
2011-03-05 07:00:00,B4104,1.187,0.0,0.0,198.99,1.187,31838.4,35022.240000000005,0.0
2011-03-05 08:00:00,B4104,3.062,2.4,2.55,198.99,0.10199999999999987,31838.4,35022.240000000005,2.96
2011-03-05 09:00:00,B4104,3.062,2.4,4.59,198.99,-2.228,31838.4,35022.240000000005,5.29
2011-03-05 10:00:00,B4104,3.062,2.4,5.83,198.99,-3.5980000000000003,31838.4,35022.240000000005,6.66
2011-03-05 11:00:00,B4104,3.062,2.4,6.79,198.99,-4.628,31838.4,35022.240000000005,7.69
2011-03-05 12:00:00,B4104,6.74,2.4,7.23,198.99,-1.4399999999999995,31838.4,35022.240000000005,8.18
2011-03-05 13:00:00,B4104,1.187,0.0,6.5,198.99,-6.223,31838.4,35022.240000000005,7.41
2011-03-05 14:00:00,B4104,0.662,0.0,5.86,198.99,-6.138,31838.4,35022.240000000005,6.8
2011-03-05 15:00:00,B4104,0.662,0.0,4.75,198.99,-5.038,31838.4,35022.240000000005,5.7
2011-03-05 16:00:00,B4104,0.662,0.0,2.97,198.99,-3.118,31838.4,35022.240000000005,3.78
2011-03-05 17:00:00,B4104,1.187,0.0,0.73,198.99,0.11699999999999999,31838.4,35022.240000000005,1.07
2011-03-05 18:00:00,B4104,4.34,0.0,0.0,198.99,4.34,31838.4,35022.240000000005,0.0
2011-03-05 19:00:00,B4104,5.391,0.0,0.0,198.99,5.391,31838.4,35022.240000000005,0.0
2011-03-05 20:00:00,B4104,1.187,0.0,0.0,198.99,1.187,31838.4,35022.240000000005,0.0
2011-03-05 21:00:00,B4104,1.183,0.0,0.0,198.99,1.183,31838.4,35022.240000000005,0.0
2011-03-05 22:00:00,B4104,1.182,0.0,0.0,198.99,1.182,31838.4,35022.240000000005,0.0
2011-03-05 23:00:00,B4104,0.657,0.0,0.0,198.99,0.657,31838.4,35022.240000000005,0.0
2011-03-06 00:00:00,B4104,0.657,0.0,0.0,198.99,0.657,31838.4,35022.240000000005,0.0
2011-03-06 01:00:00,B4104,0.657,0.0,0.0,198.99,0.657,31838.4,35022.240000000005,0.0
2011-03-06 02:00:00,B4104,0.657,0.0,0.0,198.99,0.657,31838.4,35022.240000000005,0.0
2011-03-06 03:00:00,B4104,0.657,0.0,0.0,198.99,0.657,31838.4,35022.240000000005,0.0
2011-03-06 04:00:00,B4104,0.657,0.0,0.0,198.99,0.657,31838.4,35022.240000000005,0.0
2011-03-06 05:00:00,B4104,1.182,0.0,0.0,198.99,1.182,31838.4,35022.240000000005,0.0
2011-03-06 06:00:00,B4104,4.339,0.0,0.0,198.99,4.339,31838.4,35022.240000000005,0.0
2011-03-06 07:00:00,B4104,1.187,0.0,0.0,198.99,1.187,31838.4,35022.240000000005,0.0
2011-03-06 08:00:00,B4104,3.062,2.4,2.72,198.99,-0.038000000000000256,31838.4,35022.240000000005,3.1
2011-03-06 09:00:00,B4104,3.062,2.4,4.4,198.99,-1.988,31838.4,35022.240000000005,5.05
2011-03-06 10:00:00,B4104,3.062,2.4,5.91,198.99,-3.6680000000000006,31838.4,35022.240000000005,6.73
2011-03-06 11:00:00,B4104,3.062,2.4,6.05,198.99,-3.778,31838.4,35022.240000000005,6.84
2011-03-06 12:00:00,B4104,6.74,2.4,5.77,198.99,0.2599999999999998,31838.4,35022.240000000005,6.48
2011-03-06 13:00:00,B4104,1.187,0.0,6.04,198.99,-5.653,31838.4,35022.240000000005,6.84
2011-03-06 14:00:00,B4104,0.662,0.0,5.62,198.99,-5.838,31838.4,35022.240000000005,6.5
2011-03-06 15:00:00,B4104,0.662,0.0,4.15,198.99,-4.328,31838.4,35022.240000000005,4.99
2011-03-06 16:00:00,B4104,0.662,0.0,2.75,198.99,-2.838,31838.4,35022.240000000005,3.5
2011-03-06 17:00:00,B4104,1.187,0.0,0.84,198.99,0.027000000000000135,31838.4,35022.240000000005,1.16
2011-03-06 18:00:00,B4104,4.34,0.0,0.0,198.99,4.34,31838.4,35022.240000000005,0.0
2011-03-06 19:00:00,B4104,5.391,0.0,0.0,198.99,5.391,31838.4,35022.240000000005,0.0
2011-03-06 20:00:00,B4104,1.187,0.0,0.0,198.99,1.187,31838.4,35022.240000000005,0.0
2011-03-06 21:00:00,B4104,1.183,0.0,0.0,198.99,1.183,31838.4,35022.240000000005,0.0
2011-03-06 22:00:00,B4104,1.183,0.0,0.0,198.99,1.183,31838.4,35022.240000000005,0.0
2011-03-06 23:00:00,B4104,0.657,0.0,0.0,198.99,0.657,31838.4,35022.240000000005,0.0
2011-03-07 00:00:00,B4104,3.057,2.4,0.0,198.99,3.057,31838.4,35022.240000000005,0.0
2011-03-07 01:00:00,B4104,3.057,2.4,0.0,198.99,3.057,31838.4,35022.240000000005,0.0
2011-03-07 02:00:00,B4104,3.057,2.4,0.0,198.99,3.057,31838.4,35022.240000000005,0.0
2011-03-07 03:00:00,B4104,3.057,2.4,0.0,198.99,3.057,31838.4,35022.240000000005,0.0
2011-03-07 04:00:00,B4104,3.057,2.4,0.0,198.99,3.057,31838.4,35022.240000000005,0.0
2011-03-07 05:00:00,B4104,1.183,0.0,0.0,198.99,1.183,31838.4,35022.240000000005,0.0
2011-03-07 06:00:00,B4104,4.34,0.0,0.0,198.99,4.34,31838.4,35022.240000000005,0.0
2011-03-07 07:00:00,B4104,1.188,0.0,0.0,198.99,1.188,31838.4,35022.240000000005,0.0
2011-03-07 08:00:00,B4104,0.662,0.0,2.33,198.99,-2.0580000000000003,31838.4,35022.240000000005,2.72
2011-03-07 09:00:00,B4104,0.662,0.0,3.2,198.99,-3.068,31838.4,35022.240000000005,3.73
2011-03-07 10:00:00,B4104,0.662,0.0,4.55,198.99,-4.5280000000000005,31838.4,35022.240000000005,5.19
2011-03-07 11:00:00,B4104,0.662,0.0,5.83,198.99,-5.898,31838.4,35022.240000000005,6.56
2011-03-07 12:00:00,B4104,4.34,0.0,6.56,198.99,-3.01,31838.4,35022.240000000005,7.35
2011-03-07 13:00:00,B4104,1.187,0.0,7.16,198.99,-6.903,31838.4,35022.240000000005,8.09
2011-03-07 14:00:00,B4104,0.662,0.0,6.51,198.99,-6.858,31838.4,35022.240000000005,7.52
2011-03-07 15:00:00,B4104,0.662,0.0,5.01,198.99,-5.2780000000000005,31838.4,35022.240000000005,5.94
2011-03-07 16:00:00,B4104,0.662,0.0,2.87,198.99,-2.7880000000000003,31838.4,35022.240000000005,3.45
2011-03-07 17:00:00,B4104,1.187,0.0,0.0,198.99,1.187,31838.4,35022.240000000005,0.0
2011-03-07 18:00:00,B4104,4.34,0.0,0.0,198.99,4.34,31838.4,35022.240000000005,0.0
2011-03-07 19:00:00,B4104,5.391,0.0,0.0,198.99,5.391,31838.4,35022.240000000005,0.0
2011-03-07 20:00:00,B4104,1.187,0.0,0.0,198.99,1.187,31838.4,35022.240000000005,0.0
2011-03-07 21:00:00,B4104,1.183,0.0,0.0,198.99,1.183,31838.4,35022.240000000005,0.0
2011-03-07 22:00:00,B4104,1.182,0.0,0.0,198.99,1.182,31838.4,35022.240000000005,0.0
2011-03-07 23:00:00,B4104,0.657,0.0,0.0,198.99,0.657,31838.4,35022.240000000005,0.0
2011-03-08 00:00:00,B4104,3.057,2.4,0.0,198.99,3.057,31838.4,35022.240000000005,0.0
2011-03-08 01:00:00,B4104,3.057,2.4,0.0,198.99,3.057,31838.4,35022.240000000005,0.0
2011-03-08 02:00:00,B4104,3.057,2.4,0.0,198.99,3.057,31838.4,35022.240000000005,0.0
2011-03-08 03:00:00,B4104,3.057,2.4,0.0,198.99,3.057,31838.4,35022.240000000005,0.0
2011-03-08 04:00:00,B4104,3.057,2.4,0.0,198.99,3.057,31838.4,35022.240000000005,0.0
2011-03-08 05:00:00,B4104,1.183,0.0,0.0,198.99,1.183,31838.4,35022.240000000005,0.0
2011-03-08 06:00:00,B4104,4.34,0.0,0.0,198.99,4.34,31838.4,35022.240000000005,0.0
2011-03-08 07:00:00,B4104,1.188,0.0,0.0,198.99,1.188,31838.4,35022.240000000005,0.0
2011-03-08 08:00:00,B4104,0.662,0.0,2.93,198.99,-2.668,31838.4,35022.240000000005,3.33
2011-03-08 09:00:00,B4104,0.662,0.0,5.06,198.99,-5.088,31838.4,35022.240000000005,5.75
2011-03-08 10:00:00,B4104,0.662,0.0,6.04,198.99,-6.178,31838.4,35022.240000000005,6.84
2011-03-08 11:00:00,B4104,0.662,0.0,6.37,198.99,-6.538,31838.4,35022.240000000005,7.2
2011-03-08 12:00:00,B4104,4.34,0.0,6.76,198.99,-3.29,31838.4,35022.240000000005,7.63
2011-03-08 13:00:00,B4104,1.187,0.0,7.04,198.99,-6.803,31838.4,35022.240000000005,7.99
2011-03-08 14:00:00,B4104,0.662,0.0,6.05,198.99,-6.3180000000000005,31838.4,35022.240000000005,6.98
2011-03-08 15:00:00,B4104,0.662,0.0,4.49,198.99,-4.658,31838.4,35022.240000000005,5.32
2011-03-08 16:00:00,B4104,0.662,0.0,2.92,198.99,-2.908,31838.4,35022.240000000005,3.57
2011-03-08 17:00:00,B4104,1.187,0.0,0.0,198.99,0.9470000000000001,31838.4,35022.240000000005,0.24
2011-03-08 18:00:00,B4104,4.34,0.0,0.0,198.99,4.34,31838.4,35022.240000000005,0.0
2011-03-08 19:00:00,B4104,5.391,0.0,0.0,198.99,5.391,31838.4,35022.240000000005,0.0
2011-03-08 20:00:00,B4104,1.187,0.0,0.0,198.99,1.187,31838.4,35022.240000000005,0.0
2011-03-08 21:00:00,B4104,1.183,0.0,0.0,198.99,1.183,31838.4,35022.240000000005,0.0
2011-03-08 22:00:00,B4104,1.182,0.0,0.0,198.99,1.182,31838.4,35022.240000000005,0.0
2011-03-08 23:00:00,B4104,0.657,0.0,0.0,198.99,0.657,31838.4,35022.240000000005,0.0
2011-03-09 00:00:00,B4104,3.057,2.4,0.0,198.99,3.057,31838.4,35022.240000000005,0.0
2011-03-09 01:00:00,B4104,3.057,2.4,0.0,198.99,3.057,31838.4,35022.240000000005,0.0
2011-03-09 02:00:00,B4104,3.057,2.4,0.0,198.99,3.057,31838.4,35022.240000000005,0.0
2011-03-09 03:00:00,B4104,3.057,2.4,0.0,198.99,3.057,31838.4,35022.240000000005,0.0
2011-03-09 04:00:00,B4104,3.057,2.4,0.0,198.99,3.057,31838.4,35022.240000000005,0.0
2011-03-09 05:00:00,B4104,1.183,0.0,0.0,198.99,1.183,31838.4,35022.240000000005,0.0
2011-03-09 06:00:00,B4104,4.34,0.0,0.0,198.99,4.34,31838.4,35022.240000000005,0.0
2011-03-09 07:00:00,B4104,1.188,0.0,0.0,198.99,1.188,31838.4,35022.240000000005,0.0
2011-03-09 08:00:00,B4104,0.662,0.0,1.71,198.99,-1.3780000000000001,31838.4,35022.240000000005,2.04
2011-03-09 09:00:00,B4104,0.662,0.0,3.25,198.99,-3.108,31838.4,35022.240000000005,3.77
2011-03-09 10:00:00,B4104,0.662,0.0,4.77,198.99,-4.718,31838.4,35022.240000000005,5.38
2011-03-09 11:00:00,B4104,0.662,0.0,5.92,198.99,-5.918,31838.4,35022.240000000005,6.58
2011-03-09 12:00:00,B4104,4.34,0.0,6.35,198.99,-2.6799999999999997,31838.4,35022.240000000005,7.02
2011-03-09 13:00:00,B4104,1.187,0.0,6.21,198.99,-5.733,31838.4,35022.240000000005,6.92
2011-03-09 14:00:00,B4104,0.662,0.0,5.69,198.99,-5.838,31838.4,35022.240000000005,6.5
2011-03-09 15:00:00,B4104,0.662,0.0,4.43,198.99,-4.588,31838.4,35022.240000000005,5.25
2011-03-09 16:00:00,B4104,0.662,0.0,2.74,198.99,-2.778,31838.4,35022.240000000005,3.44
2011-03-09 17:00:00,B4104,1.187,0.0,0.81,198.99,0.07699999999999996,31838.4,35022.240000000005,1.11
2011-03-09 18:00:00,B4104,4.34,0.0,0.0,198.99,4.34,31838.4,35022.240000000005,0.0
2011-03-09 19:00:00,B4104,5.391,0.0,0.0,198.99,5.391,31838.4,35022.240000000005,0.0
2011-03-09 20:00:00,B4104,1.187,0.0,0.0,198.99,1.187,31838.4,35022.240000000005,0.0
2011-03-09 21:00:00,B4104,1.183,0.0,0.0,198.99,1.183,31838.4,35022.240000000005,0.0
2011-03-09 22:00:00,B4104,1.182,0.0,0.0,198.99,1.182,31838.4,35022.240000000005,0.0
2011-03-09 23:00:00,B4104,0.657,0.0,0.0,198.99,0.657,31838.4,35022.240000000005,0.0
2011-03-10 00:00:00,B4104,3.057,2.4,0.0,198.99,3.057,31838.4,35022.240000000005,0.0
2011-03-10 01:00:00,B4104,3.057,2.4,0.0,198.99,3.057,31838.4,35022.240000000005,0.0
2011-03-10 02:00:00,B4104,3.057,2.4,0.0,198.99,3.057,31838.4,35022.240000000005,0.0
2011-03-10 03:00:00,B4104,3.057,2.4,0.0,198.99,3.057,31838.4,35022.240000000005,0.0
2011-03-10 04:00:00,B4104,3.057,2.4,0.0,198.99,3.057,31838.4,35022.240000000005,0.0
2011-03-10 05:00:00,B4104,1.183,0.0,0.0,198.99,1.183,31838.4,35022.240000000005,0.0
2011-03-10 06:00:00,B4104,4.34,0.0,0.0,198.99,4.34,31838.4,35022.240000000005,0.0
2011-03-10 07:00:00,B4104,1.188,0.0,0.0,198.99,1.188,31838.4,35022.240000000005,0.0
2011-03-10 08:00:00,B4104,0.662,0.0,2.81,198.99,-2.588,31838.4,35022.240000000005,3.25
2011-03-10 09:00:00,B4104,0.662,0.0,4.12,198.99,-4.058,31838.4,35022.240000000005,4.72
2011-03-10 10:00:00,B4104,0.662,0.0,5.74,198.99,-5.808,31838.4,35022.240000000005,6.47
2011-03-10 11:00:00,B4104,0.662,0.0,7.06,198.99,-7.218,31838.4,35022.240000000005,7.88
2011-03-10 12:00:00,B4104,4.335,0.0,7.19,198.99,-3.6450000000000005,31838.4,35022.240000000005,7.98
2011-03-10 13:00:00,B4104,1.187,0.0,6.78,198.99,-6.383,31838.4,35022.240000000005,7.57
2011-03-10 14:00:00,B4104,0.662,0.0,6.26,198.99,-6.478,31838.4,35022.240000000005,7.14
2011-03-10 15:00:00,B4104,0.662,0.0,4.94,198.99,-5.168,31838.4,35022.240000000005,5.83
2011-03-10 16:00:00,B4104,0.662,0.0,3.12,198.99,-3.228,31838.4,35022.240000000005,3.89
2011-03-10 17:00:00,B4104,1.187,0.0,0.93,198.99,-0.07299999999999995,31838.4,35022.240000000005,1.26
2011-03-10 18:00:00,B4104,4.335,0.0,0.0,198.99,4.335,31838.4,35022.240000000005,0.0
2011-03-10 19:00:00,B4104,5.386,0.0,0.0,198.99,5.386,31838.4,35022.240000000005,0.0
2011-03-10 20:00:00,B4104,1.187,0.0,0.0,198.99,1.187,31838.4,35022.240000000005,0.0
2011-03-10 21:00:00,B4104,1.183,0.0,0.0,198.99,1.183,31838.4,35022.240000000005,0.0
2011-03-10 22:00:00,B4104,1.182,0.0,0.0,198.99,1.182,31838.4,35022.240000000005,0.0
2011-03-10 23:00:00,B4104,0.657,0.0,0.0,198.99,0.657,31838.4,35022.240000000005,0.0
2011-03-11 00:00:00,B4104,3.057,2.4,0.0,198.99,3.057,31838.4,35022.240000000005,0.0
2011-03-11 01:00:00,B4104,3.057,2.4,0.0,198.99,3.057,31838.4,35022.240000000005,0.0
2011-03-11 02:00:00,B4104,3.057,2.4,0.0,198.99,3.057,31838.4,35022.240000000005,0.0
2011-03-11 03:00:00,B4104,3.057,2.4,0.0,198.99,3.057,31838.4,35022.240000000005,0.0
2011-03-11 04:00:00,B4104,3.057,2.4,0.0,198.99,3.057,31838.4,35022.240000000005,0.0
2011-03-11 05:00:00,B4104,1.183,0.0,0.0,198.99,1.183,31838.4,35022.240000000005,0.0
2011-03-11 06:00:00,B4104,4.34,0.0,0.0,198.99,4.34,31838.4,35022.240000000005,0.0
2011-03-11 07:00:00,B4104,1.188,0.0,0.0,198.99,1.188,31838.4,35022.240000000005,0.0
2011-03-11 08:00:00,B4104,0.662,0.0,2.42,198.99,-2.048,31838.4,35022.240000000005,2.71
2011-03-11 09:00:00,B4104,0.662,0.0,4.16,198.99,-4.0680000000000005,31838.4,35022.240000000005,4.73
2011-03-11 10:00:00,B4104,0.662,0.0,6.21,198.99,-6.338,31838.4,35022.240000000005,7.0
2011-03-11 11:00:00,B4104,0.662,0.0,6.38,198.99,-6.488,31838.4,35022.240000000005,7.15
2011-03-11 12:00:00,B4104,4.34,0.0,6.23,198.99,-2.6100000000000003,31838.4,35022.240000000005,6.95
2011-03-11 13:00:00,B4104,1.187,0.0,6.15,198.99,-5.723,31838.4,35022.240000000005,6.91
2011-03-11 14:00:00,B4104,0.662,0.0,4.98,198.99,-5.048,31838.4,35022.240000000005,5.71
2011-03-11 15:00:00,B4104,0.662,0.0,3.98,198.99,-4.0280000000000005,31838.4,35022.240000000005,4.69
2011-03-11 16:00:00,B4104,0.662,0.0,2.74,198.99,-2.628,31838.4,35022.240000000005,3.29
2011-03-11 17:00:00,B4104,1.187,0.0,0.0,198.99,0.9770000000000001,31838.4,35022.240000000005,0.21
2011-03-11 18:00:00,B4104,4.34,0.0,0.0,198.99,4.34,31838.4,35022.240000000005,0.0
2011-03-11 19:00:00,B4104,5.391,0.0,0.0,198.99,5.391,31838.4,35022.240000000005,0.0
2011-03-11 20:00:00,B4104,1.187,0.0,0.0,198.99,1.187,31838.4,35022.240000000005,0.0
2011-03-11 21:00:00,B4104,1.183,0.0,0.0,198.99,1.183,31838.4,35022.240000000005,0.0
2011-03-11 22:00:00,B4104,1.182,0.0,0.0,198.99,1.182,31838.4,35022.240000000005,0.0
2011-03-11 23:00:00,B4104,0.657,0.0,0.0,198.99,0.657,31838.4,35022.240000000005,0.0
2011-03-12 00:00:00,B4104,0.657,0.0,0.0,198.99,0.657,31838.4,35022.240000000005,0.0
2011-03-12 01:00:00,B4104,0.657,0.0,0.0,198.99,0.657,31838.4,35022.240000000005,0.0
2011-03-12 02:00:00,B4104,0.657,0.0,0.0,198.99,0.657,31838.4,35022.240000000005,0.0
2011-03-12 03:00:00,B4104,0.657,0.0,0.0,198.99,0.657,31838.4,35022.240000000005,0.0
2011-03-12 04:00:00,B4104,0.657,0.0,0.0,198.99,0.657,31838.4,35022.240000000005,0.0
2011-03-12 05:00:00,B4104,1.182,0.0,0.0,198.99,1.182,31838.4,35022.240000000005,0.0
2011-03-12 06:00:00,B4104,4.339,0.0,0.0,198.99,4.339,31838.4,35022.240000000005,0.0
2011-03-12 07:00:00,B4104,1.187,0.0,0.0,198.99,1.187,31838.4,35022.240000000005,0.0
2011-03-12 08:00:00,B4104,3.062,2.4,2.18,198.99,0.5619999999999998,31838.4,35022.240000000005,2.5
2011-03-12 09:00:00,B4104,3.062,2.4,4.15,198.99,-1.6480000000000001,31838.4,35022.240000000005,4.71
2011-03-12 10:00:00,B4104,3.062,2.4,6.25,198.99,-3.938,31838.4,35022.240000000005,7.0
2011-03-12 11:00:00,B4104,3.062,2.4,7.28,198.99,-5.038,31838.4,35022.240000000005,8.1
2011-03-12 12:00:00,B4104,6.74,2.4,7.55,198.99,-1.6400000000000006,31838.4,35022.240000000005,8.38
2011-03-12 13:00:00,B4104,1.187,0.0,7.21,198.99,-6.863,31838.4,35022.240000000005,8.05
2011-03-12 14:00:00,B4104,0.662,0.0,6.03,198.99,-6.188,31838.4,35022.240000000005,6.85
2011-03-12 15:00:00,B4104,0.662,0.0,4.61,198.99,-4.738,31838.4,35022.240000000005,5.4
2011-03-12 16:00:00,B4104,0.662,0.0,3.16,198.99,-3.248,31838.4,35022.240000000005,3.91
2011-03-12 17:00:00,B4104,1.187,0.0,0.95,198.99,-0.123,31838.4,35022.240000000005,1.31
2011-03-12 18:00:00,B4104,4.34,0.0,0.0,198.99,4.34,31838.4,35022.240000000005,0.0
2011-03-12 19:00:00,B4104,5.391,0.0,0.0,198.99,5.391,31838.4,35022.240000000005,0.0
2011-03-12 20:00:00,B4104,1.187,0.0,0.0,198.99,1.187,31838.4,35022.240000000005,0.0
2011-03-12 21:00:00,B4104,1.183,0.0,0.0,198.99,1.183,31838.4,35022.240000000005,0.0
2011-03-12 22:00:00,B4104,1.182,0.0,0.0,198.99,1.182,31838.4,35022.240000000005,0.0
2011-03-12 23:00:00,B4104,0.657,0.0,0.0,198.99,0.657,31838.4,35022.240000000005,0.0
2011-03-13 00:00:00,B4104,0.657,0.0,0.0,198.99,0.657,31838.4,35022.240000000005,0.0
2011-03-13 01:00:00,B4104,0.657,0.0,0.0,198.99,0.657,31838.4,35022.240000000005,0.0
2011-03-13 02:00:00,B4104,0.657,0.0,0.0,198.99,0.657,31838.4,35022.240000000005,0.0
2011-03-13 03:00:00,B4104,0.657,0.0,0.0,198.99,0.657,31838.4,35022.240000000005,0.0
2011-03-13 04:00:00,B4104,0.657,0.0,0.0,198.99,0.657,31838.4,35022.240000000005,0.0
2011-03-13 05:00:00,B4104,1.182,0.0,0.0,198.99,1.182,31838.4,35022.240000000005,0.0
2011-03-13 06:00:00,B4104,4.339,0.0,0.0,198.99,4.339,31838.4,35022.240000000005,0.0
2011-03-13 07:00:00,B4104,1.187,0.0,0.0,198.99,1.187,31838.4,35022.240000000005,0.0
2011-03-13 08:00:00,B4104,3.062,2.4,2.4,198.99,0.3819999999999997,31838.4,35022.240000000005,2.68
2011-03-13 09:00:00,B4104,3.062,2.4,4.3,198.99,-1.7980000000000005,31838.4,35022.240000000005,4.86
2011-03-13 10:00:00,B4104,3.062,2.4,5.21,198.99,-2.8080000000000003,31838.4,35022.240000000005,5.87
2011-03-13 11:00:00,B4104,3.062,2.4,6.25,198.99,-3.948,31838.4,35022.240000000005,7.01
2011-03-13 12:00:00,B4104,6.74,2.4,7.18,198.99,-1.299999999999999,31838.4,35022.240000000005,8.04
2011-03-13 13:00:00,B4104,1.187,0.0,7.36,198.99,-7.092999999999999,31838.4,35022.240000000005,8.28
2011-03-13 14:00:00,B4104,0.662,0.0,7.09,198.99,-7.428,31838.4,35022.240000000005,8.09
2011-03-13 15:00:00,B4104,0.662,0.0,5.66,198.99,-5.968,31838.4,35022.240000000005,6.63
2011-03-13 16:00:00,B4104,0.662,0.0,3.68,198.99,-3.808,31838.4,35022.240000000005,4.47
2011-03-13 17:00:00,B4104,1.187,0.0,1.2,198.99,-0.373,31838.4,35022.240000000005,1.56
2011-03-13 18:00:00,B4104,4.34,0.0,0.0,198.99,4.34,31838.4,35022.240000000005,0.0
2011-03-13 19:00:00,B4104,5.391,0.0,0.0,198.99,5.391,31838.4,35022.240000000005,0.0
2011-03-13 20:00:00,B4104,1.187,0.0,0.0,198.99,1.187,31838.4,35022.240000000005,0.0
2011-03-13 21:00:00,B4104,1.183,0.0,0.0,198.99,1.183,31838.4,35022.240000000005,0.0
2011-03-13 22:00:00,B4104,1.183,0.0,0.0,198.99,1.183,31838.4,35022.240000000005,0.0
2011-03-13 23:00:00,B4104,0.657,0.0,0.0,198.99,0.657,31838.4,35022.240000000005,0.0
2011-03-14 00:00:00,B4104,3.057,2.4,0.0,198.99,3.057,31838.4,35022.240000000005,0.0
2011-03-14 01:00:00,B4104,3.057,2.4,0.0,198.99,3.057,31838.4,35022.240000000005,0.0
2011-03-14 02:00:00,B4104,3.057,2.4,0.0,198.99,3.057,31838.4,35022.240000000005,0.0
2011-03-14 03:00:00,B4104,3.057,2.4,0.0,198.99,3.057,31838.4,35022.240000000005,0.0
2011-03-14 04:00:00,B4104,3.057,2.4,0.0,198.99,3.057,31838.4,35022.240000000005,0.0
2011-03-14 05:00:00,B4104,1.183,0.0,0.0,198.99,1.183,31838.4,35022.240000000005,0.0
2011-03-14 06:00:00,B4104,4.34,0.0,0.0,198.99,4.34,31838.4,35022.240000000005,0.0
2011-03-14 07:00:00,B4104,1.188,0.0,1.44,198.99,-0.252,31838.4,35022.240000000005,1.44
2011-03-14 08:00:00,B4104,0.662,0.0,2.98,198.99,-2.688,31838.4,35022.240000000005,3.35
2011-03-14 09:00:00,B4104,0.662,0.0,4.83,198.99,-4.7780000000000005,31838.4,35022.240000000005,5.44
2011-03-14 10:00:00,B4104,0.662,0.0,6.31,198.99,-6.428,31838.4,35022.240000000005,7.09
2011-03-14 11:00:00,B4104,0.662,0.0,7.07,198.99,-7.2780000000000005,31838.4,35022.240000000005,7.94
2011-03-14 12:00:00,B4104,4.34,0.0,8.1,198.99,-4.74,31838.4,35022.240000000005,9.08
2011-03-14 13:00:00,B4104,1.187,0.0,7.71,198.99,-7.502999999999999,31838.4,35022.240000000005,8.69
2011-03-14 14:00:00,B4104,0.662,0.0,6.1,198.99,-6.328,31838.4,35022.240000000005,6.99
2011-03-14 15:00:00,B4104,0.662,0.0,4.79,198.99,-4.938,31838.4,35022.240000000005,5.6
2011-03-14 16:00:00,B4104,0.662,0.0,2.86,198.99,-2.728,31838.4,35022.240000000005,3.39
2011-03-14 17:00:00,B4104,1.187,0.0,0.0,198.99,1.107,31838.4,35022.240000000005,0.08
2011-03-14 18:00:00,B4104,4.34,0.0,0.0,198.99,4.34,31838.4,35022.240000000005,0.0
2011-03-14 19:00:00,B4104,5.391,0.0,0.0,198.99,5.391,31838.4,35022.240000000005,0.0
2011-03-14 20:00:00,B4104,1.187,0.0,0.0,198.99,1.187,31838.4,35022.240000000005,0.0
2011-03-14 21:00:00,B4104,1.183,0.0,0.0,198.99,1.183,31838.4,35022.240000000005,0.0
2011-03-14 22:00:00,B4104,1.182,0.0,0.0,198.99,1.182,31838.4,35022.240000000005,0.0
2011-03-14 23:00:00,B4104,0.657,0.0,0.0,198.99,0.657,31838.4,35022.240000000005,0.0
2011-03-15 00:00:00,B4104,3.057,2.4,0.0,198.99,3.057,31838.4,35022.240000000005,0.0
2011-03-15 01:00:00,B4104,3.057,2.4,0.0,198.99,3.057,31838.4,35022.240000000005,0.0
2011-03-15 02:00:00,B4104,3.057,2.4,0.0,198.99,3.057,31838.4,35022.240000000005,0.0
2011-03-15 03:00:00,B4104,3.057,2.4,0.0,198.99,3.057,31838.4,35022.240000000005,0.0
2011-03-15 04:00:00,B4104,3.057,2.4,0.0,198.99,3.057,31838.4,35022.240000000005,0.0
2011-03-15 05:00:00,B4104,1.183,0.0,0.0,198.99,1.183,31838.4,35022.240000000005,0.0
2011-03-15 06:00:00,B4104,4.34,0.0,0.0,198.99,4.34,31838.4,35022.240000000005,0.0
2011-03-15 07:00:00,B4104,1.188,0.0,1.38,198.99,-0.29200000000000004,31838.4,35022.240000000005,1.48
2011-03-15 08:00:00,B4104,0.662,0.0,3.07,198.99,-2.838,31838.4,35022.240000000005,3.5
2011-03-15 09:00:00,B4104,0.662,0.0,4.94,198.99,-4.878,31838.4,35022.240000000005,5.54
2011-03-15 10:00:00,B4104,0.662,0.0,6.26,198.99,-6.308,31838.4,35022.240000000005,6.97
2011-03-15 11:00:00,B4104,0.662,0.0,7.14,198.99,-7.198,31838.4,35022.240000000005,7.86
2011-03-15 12:00:00,B4104,4.34,0.0,7.84,198.99,-4.23,31838.4,35022.240000000005,8.57
2011-03-15 13:00:00,B4104,1.187,0.0,7.4,198.99,-6.973,31838.4,35022.240000000005,8.16
2011-03-15 14:00:00,B4104,0.662,0.0,6.41,198.99,-6.538,31838.4,35022.240000000005,7.2
2011-03-15 15:00:00,B4104,0.662,0.0,5.22,198.99,-5.378,31838.4,35022.240000000005,6.04
2011-03-15 16:00:00,B4104,0.662,0.0,3.71,198.99,-3.848,31838.4,35022.240000000005,4.51
2011-03-15 17:00:00,B4104,1.187,0.0,1.14,198.99,-0.33299999999999996,31838.4,35022.240000000005,1.52
2011-03-15 18:00:00,B4104,4.34,0.0,0.0,198.99,4.34,31838.4,35022.240000000005,0.0
2011-03-15 19:00:00,B4104,5.391,0.0,0.0,198.99,5.391,31838.4,35022.240000000005,0.0
2011-03-15 20:00:00,B4104,1.187,0.0,0.0,198.99,1.187,31838.4,35022.240000000005,0.0
2011-03-15 21:00:00,B4104,1.183,0.0,0.0,198.99,1.183,31838.4,35022.240000000005,0.0
2011-03-15 22:00:00,B4104,1.182,0.0,0.0,198.99,1.182,31838.4,35022.240000000005,0.0
2011-03-15 23:00:00,B4104,0.657,0.0,0.0,198.99,0.657,31838.4,35022.240000000005,0.0
2011-03-16 00:00:00,B4104,3.057,2.4,0.0,198.99,3.057,31838.4,35022.240000000005,0.0
2011-03-16 01:00:00,B4104,3.057,2.4,0.0,198.99,3.057,31838.4,35022.240000000005,0.0
2011-03-16 02:00:00,B4104,3.057,2.4,0.0,198.99,3.057,31838.4,35022.240000000005,0.0
2011-03-16 03:00:00,B4104,3.057,2.4,0.0,198.99,3.057,31838.4,35022.240000000005,0.0
2011-03-16 04:00:00,B4104,3.057,2.4,0.0,198.99,3.057,31838.4,35022.240000000005,0.0
2011-03-16 05:00:00,B4104,1.183,0.0,0.0,198.99,1.183,31838.4,35022.240000000005,0.0
2011-03-16 06:00:00,B4104,4.34,0.0,0.0,198.99,4.34,31838.4,35022.240000000005,0.0
2011-03-16 07:00:00,B4104,1.188,0.0,0.87,198.99,0.19799999999999995,31838.4,35022.240000000005,0.99
2011-03-16 08:00:00,B4104,0.662,0.0,2.38,198.99,-2.068,31838.4,35022.240000000005,2.73
2011-03-16 09:00:00,B4104,0.662,0.0,4.47,198.99,-4.3180000000000005,31838.4,35022.240000000005,4.98
2011-03-16 10:00:00,B4104,0.662,0.0,6.62,198.99,-6.628,31838.4,35022.240000000005,7.29
2011-03-16 11:00:00,B4104,0.662,0.0,7.98,198.99,-8.068,31838.4,35022.240000000005,8.73
2011-03-16 12:00:00,B4104,4.34,0.0,7.98,198.99,-4.359999999999999,31838.4,35022.240000000005,8.7
2011-03-16 13:00:00,B4104,1.187,0.0,7.49,198.99,-7.033,31838.4,35022.240000000005,8.22
2011-03-16 14:00:00,B4104,0.662,0.0,7.08,198.99,-7.298,31838.4,35022.240000000005,7.96
2011-03-16 15:00:00,B4104,0.662,0.0,5.36,198.99,-5.558,31838.4,35022.240000000005,6.22
2011-03-16 16:00:00,B4104,0.662,0.0,3.07,198.99,-3.008,31838.4,35022.240000000005,3.67
2011-03-16 17:00:00,B4104,1.187,0.0,0.0,198.99,0.9670000000000001,31838.4,35022.240000000005,0.22
2011-03-16 18:00:00,B4104,4.34,0.0,0.0,198.99,4.34,31838.4,35022.240000000005,0.0
2011-03-16 19:00:00,B4104,5.391,0.0,0.0,198.99,5.391,31838.4,35022.240000000005,0.0
2011-03-16 20:00:00,B4104,1.187,0.0,0.0,198.99,1.187,31838.4,35022.240000000005,0.0
2011-03-16 21:00:00,B4104,1.183,0.0,0.0,198.99,1.183,31838.4,35022.240000000005,0.0
2011-03-16 22:00:00,B4104,1.182,0.0,0.0,198.99,1.182,31838.4,35022.240000000005,0.0
2011-03-16 23:00:00,B4104,0.657,0.0,0.0,198.99,0.657,31838.4,35022.240000000005,0.0
2011-03-17 00:00:00,B4104,3.057,2.4,0.0,198.99,3.057,31838.4,35022.240000000005,0.0
2011-03-17 01:00:00,B4104,3.057,2.4,0.0,198.99,3.057,31838.4,35022.240000000005,0.0
2011-03-17 02:00:00,B4104,3.057,2.4,0.0,198.99,3.057,31838.4,35022.240000000005,0.0
2011-03-17 03:00:00,B4104,3.057,2.4,0.0,198.99,3.057,31838.4,35022.240000000005,0.0
2011-03-17 04:00:00,B4104,3.057,2.4,0.0,198.99,3.057,31838.4,35022.240000000005,0.0
2011-03-17 05:00:00,B4104,1.183,0.0,0.0,198.99,1.183,31838.4,35022.240000000005,0.0
2011-03-17 06:00:00,B4104,4.34,0.0,0.0,198.99,4.34,31838.4,35022.240000000005,0.0
2011-03-17 07:00:00,B4104,1.188,0.0,1.37,198.99,-0.29200000000000004,31838.4,35022.240000000005,1.48
2011-03-17 08:00:00,B4104,0.662,0.0,3.18,198.99,-2.948,31838.4,35022.240000000005,3.61
2011-03-17 09:00:00,B4104,0.662,0.0,4.99,198.99,-4.878,31838.4,35022.240000000005,5.54
2011-03-17 10:00:00,B4104,0.662,0.0,6.65,198.99,-6.628,31838.4,35022.240000000005,7.29
2011-03-17 11:00:00,B4104,0.662,0.0,8.2,198.99,-8.308,31838.4,35022.240000000005,8.97
2011-03-17 12:00:00,B4104,4.34,0.0,8.76,198.99,-5.220000000000001,31838.4,35022.240000000005,9.56
2011-03-17 13:00:00,B4104,1.187,0.0,8.51,198.99,-8.143,31838.4,35022.240000000005,9.33
2011-03-17 14:00:00,B4104,0.662,0.0,7.64,198.99,-7.858,31838.4,35022.240000000005,8.52
2011-03-17 15:00:00,B4104,0.662,0.0,5.9,198.99,-6.078,31838.4,35022.240000000005,6.74
2011-03-17 16:00:00,B4104,0.662,0.0,3.96,198.99,-4.098,31838.4,35022.240000000005,4.76
2011-03-17 17:00:00,B4104,1.187,0.0,1.27,198.99,-0.4929999999999999,31838.4,35022.240000000005,1.68
2011-03-17 18:00:00,B4104,4.34,0.0,0.0,198.99,4.34,31838.4,35022.240000000005,0.0
2011-03-17 19:00:00,B4104,5.391,0.0,0.0,198.99,5.391,31838.4,35022.240000000005,0.0
2011-03-17 20:00:00,B4104,1.187,0.0,0.0,198.99,1.187,31838.4,35022.240000000005,0.0
2011-03-17 21:00:00,B4104,1.183,0.0,0.0,198.99,1.183,31838.4,35022.240000000005,0.0
2011-03-17 22:00:00,B4104,1.182,0.0,0.0,198.99,1.182,31838.4,35022.240000000005,0.0
2011-03-17 23:00:00,B4104,0.657,0.0,0.0,198.99,0.657,31838.4,35022.240000000005,0.0
2011-03-18 00:00:00,B4104,3.057,2.4,0.0,198.99,3.057,31838.4,35022.240000000005,0.0
2011-03-18 01:00:00,B4104,3.057,2.4,0.0,198.99,3.057,31838.4,35022.240000000005,0.0
2011-03-18 02:00:00,B4104,3.057,2.4,0.0,198.99,3.057,31838.4,35022.240000000005,0.0
2011-03-18 03:00:00,B4104,3.057,2.4,0.0,198.99,3.057,31838.4,35022.240000000005,0.0
2011-03-18 04:00:00,B4104,3.057,2.4,0.0,198.99,3.057,31838.4,35022.240000000005,0.0
2011-03-18 05:00:00,B4104,1.183,0.0,0.0,198.99,1.183,31838.4,35022.240000000005,0.0
2011-03-18 06:00:00,B4104,4.34,0.0,0.0,198.99,4.34,31838.4,35022.240000000005,0.0
2011-03-18 07:00:00,B4104,1.188,0.0,1.01,198.99,0.05800000000000005,31838.4,35022.240000000005,1.13
2011-03-18 08:00:00,B4104,0.662,0.0,2.82,198.99,-2.528,31838.4,35022.240000000005,3.19
2011-03-18 09:00:00,B4104,0.662,0.0,4.86,198.99,-4.698,31838.4,35022.240000000005,5.36
2011-03-18 10:00:00,B4104,0.662,0.0,6.52,198.99,-6.428,31838.4,35022.240000000005,7.09
2011-03-18 11:00:00,B4104,0.662,0.0,7.64,198.99,-7.588,31838.4,35022.240000000005,8.25
2011-03-18 12:00:00,B4104,4.34,0.0,8.19,198.99,-4.48,31838.4,35022.240000000005,8.82
2011-03-18 13:00:00,B4104,1.187,0.0,8.07,198.99,-7.553,31838.4,35022.240000000005,8.74
2011-03-18 14:00:00,B4104,0.662,0.0,7.24,198.99,-7.3180000000000005,31838.4,35022.240000000005,7.98
2011-03-18 15:00:00,B4104,0.662,0.0,5.85,198.99,-5.978,31838.4,35022.240000000005,6.64
2011-03-18 16:00:00,B4104,0.662,0.0,3.97,198.99,-4.0680000000000005,31838.4,35022.240000000005,4.73
2011-03-18 17:00:00,B4104,1.187,0.0,1.22,198.99,-0.41300000000000003,31838.4,35022.240000000005,1.6
2011-03-18 18:00:00,B4104,4.34,0.0,0.0,198.99,4.34,31838.4,35022.240000000005,0.0
2011-03-18 19:00:00,B4104,5.391,0.0,0.0,198.99,5.391,31838.4,35022.240000000005,0.0
2011-03-18 20:00:00,B4104,1.187,0.0,0.0,198.99,1.187,31838.4,35022.240000000005,0.0
2011-03-18 21:00:00,B4104,1.183,0.0,0.0,198.99,1.183,31838.4,35022.240000000005,0.0
2011-03-18 22:00:00,B4104,1.182,0.0,0.0,198.99,1.182,31838.4,35022.240000000005,0.0
2011-03-18 23:00:00,B4104,0.657,0.0,0.0,198.99,0.657,31838.4,35022.240000000005,0.0
2011-03-19 00:00:00,B4104,0.657,0.0,0.0,198.99,0.657,31838.4,35022.240000000005,0.0
2011-03-19 01:00:00,B4104,0.657,0.0,0.0,198.99,0.657,31838.4,35022.240000000005,0.0
2011-03-19 02:00:00,B4104,0.657,0.0,0.0,198.99,0.657,31838.4,35022.240000000005,0.0
2011-03-19 03:00:00,B4104,0.657,0.0,0.0,198.99,0.657,31838.4,35022.240000000005,0.0
2011-03-19 04:00:00,B4104,0.657,0.0,0.0,198.99,0.657,31838.4,35022.240000000005,0.0
2011-03-19 05:00:00,B4104,1.182,0.0,0.0,198.99,1.182,31838.4,35022.240000000005,0.0
2011-03-19 06:00:00,B4104,4.339,0.0,0.0,198.99,4.339,31838.4,35022.240000000005,0.0
2011-03-19 07:00:00,B4104,1.187,0.0,1.24,198.99,-0.19299999999999984,31838.4,35022.240000000005,1.38
2011-03-19 08:00:00,B4104,3.062,2.4,3.04,198.99,-0.3580000000000001,31838.4,35022.240000000005,3.42
2011-03-19 09:00:00,B4104,3.062,2.4,5.06,198.99,-2.488,31838.4,35022.240000000005,5.55
2011-03-19 10:00:00,B4104,3.062,2.4,6.72,198.99,-4.228,31838.4,35022.240000000005,7.29
2011-03-19 11:00:00,B4104,3.062,2.4,7.85,198.99,-5.408000000000001,31838.4,35022.240000000005,8.47
2011-03-19 12:00:00,B4104,6.735,2.4,8.38,198.99,-2.2749999999999995,31838.4,35022.240000000005,9.01
2011-03-19 13:00:00,B4104,1.187,0.0,8.24,198.99,-7.723,31838.4,35022.240000000005,8.91
2011-03-19 14:00:00,B4104,0.662,0.0,7.41,198.99,-7.488,31838.4,35022.240000000005,8.15
2011-03-19 15:00:00,B4104,0.662,0.0,5.99,198.99,-6.118,31838.4,35022.240000000005,6.78
2011-03-19 16:00:00,B4104,0.662,0.0,4.06,198.99,-4.158,31838.4,35022.240000000005,4.82
2011-03-19 17:00:00,B4104,1.187,0.0,1.28,198.99,-0.47299999999999986,31838.4,35022.240000000005,1.66
2011-03-19 18:00:00,B4104,4.336,0.0,0.0,198.99,4.336,31838.4,35022.240000000005,0.0
2011-03-19 19:00:00,B4104,5.386,0.0,0.0,198.99,5.386,31838.4,35022.240000000005,0.0
2011-03-19 20:00:00,B4104,1.187,0.0,0.0,198.99,1.187,31838.4,35022.240000000005,0.0
2011-03-19 21:00:00,B4104,1.183,0.0,0.0,198.99,1.183,31838.4,35022.240000000005,0.0
2011-03-19 22:00:00,B4104,1.182,0.0,0.0,198.99,1.182,31838.4,35022.240000000005,0.0
2011-03-19 23:00:00,B4104,0.657,0.0,0.0,198.99,0.657,31838.4,35022.240000000005,0.0
2011-03-20 00:00:00,B4104,0.657,0.0,0.0,198.99,0.657,31838.4,35022.240000000005,0.0
2011-03-20 01:00:00,B4104,0.657,0.0,0.0,198.99,0.657,31838.4,35022.240000000005,0.0
2011-03-20 02:00:00,B4104,0.657,0.0,0.0,198.99,0.657,31838.4,35022.240000000005,0.0
2011-03-20 03:00:00,B4104,0.657,0.0,0.0,198.99,0.657,31838.4,35022.240000000005,0.0
2011-03-20 04:00:00,B4104,0.657,0.0,0.0,198.99,0.657,31838.4,35022.240000000005,0.0
2011-03-20 05:00:00,B4104,1.182,0.0,0.0,198.99,1.182,31838.4,35022.240000000005,0.0
2011-03-20 06:00:00,B4104,4.339,0.0,0.0,198.99,4.339,31838.4,35022.240000000005,0.0
2011-03-20 07:00:00,B4104,1.187,0.0,0.94,198.99,0.11699999999999999,31838.4,35022.240000000005,1.07
2011-03-20 08:00:00,B4104,3.062,2.4,3.03,198.99,-0.3380000000000001,31838.4,35022.240000000005,3.4
2011-03-20 09:00:00,B4104,3.062,2.4,5.24,198.99,-2.6680000000000006,31838.4,35022.240000000005,5.73
2011-03-20 10:00:00,B4104,3.062,2.4,6.88,198.99,-4.378,31838.4,35022.240000000005,7.44
2011-03-20 11:00:00,B4104,3.062,2.4,8.0,198.99,-5.538,31838.4,35022.240000000005,8.6
2011-03-20 12:00:00,B4104,6.735,2.4,8.51,198.99,-2.3950000000000005,31838.4,35022.240000000005,9.13
2011-03-20 13:00:00,B4104,1.183,0.0,8.37,198.99,-7.8469999999999995,31838.4,35022.240000000005,9.03
2011-03-20 14:00:00,B4104,0.657,0.0,7.51,198.99,-7.583,31838.4,35022.240000000005,8.24
2011-03-20 15:00:00,B4104,0.657,0.0,6.1,198.99,-6.223,31838.4,35022.240000000005,6.88
2011-03-20 16:00:00,B4104,0.657,0.0,4.16,198.99,-4.243,31838.4,35022.240000000005,4.9
2011-03-20 17:00:00,B4104,1.183,0.0,1.31,198.99,-0.4969999999999999,31838.4,35022.240000000005,1.68
2011-03-20 18:00:00,B4104,4.335,0.0,0.0,198.99,4.335,31838.4,35022.240000000005,0.0
2011-03-20 19:00:00,B4104,5.386,0.0,0.0,198.99,5.386,31838.4,35022.240000000005,0.0
2011-03-20 20:00:00,B4104,1.187,0.0,0.0,198.99,1.187,31838.4,35022.240000000005,0.0
2011-03-20 21:00:00,B4104,1.183,0.0,0.0,198.99,1.183,31838.4,35022.240000000005,0.0
2011-03-20 22:00:00,B4104,1.183,0.0,0.0,198.99,1.183,31838.4,35022.240000000005,0.0
2011-03-20 23:00:00,B4104,0.657,0.0,0.0,198.99,0.657,31838.4,35022.240000000005,0.0
2011-03-21 00:00:00,B4104,3.057,2.4,0.0,198.99,3.057,31838.4,35022.240000000005,0.0
2011-03-21 01:00:00,B4104,3.057,2.4,0.0,198.99,3.057,31838.4,35022.240000000005,0.0
2011-03-21 02:00:00,B4104,3.057,2.4,0.0,198.99,3.057,31838.4,35022.240000000005,0.0
2011-03-21 03:00:00,B4104,3.057,2.4,0.0,198.99,3.057,31838.4,35022.240000000005,0.0
2011-03-21 04:00:00,B4104,3.057,2.4,0.0,198.99,3.057,31838.4,35022.240000000005,0.0
2011-03-21 05:00:00,B4104,1.183,0.0,0.0,198.99,1.183,31838.4,35022.240000000005,0.0
2011-03-21 06:00:00,B4104,4.34,0.0,0.0,198.99,4.34,31838.4,35022.240000000005,0.0
2011-03-21 07:00:00,B4104,1.188,0.0,0.97,198.99,0.08799999999999986,31838.4,35022.240000000005,1.1
2011-03-21 08:00:00,B4104,0.662,0.0,3.14,198.99,-2.8280000000000003,31838.4,35022.240000000005,3.49
2011-03-21 09:00:00,B4104,0.662,0.0,5.34,198.99,-5.158,31838.4,35022.240000000005,5.82
2011-03-21 10:00:00,B4104,0.662,0.0,7.0,198.99,-6.888,31838.4,35022.240000000005,7.55
2011-03-21 11:00:00,B4104,0.662,0.0,8.17,198.99,-8.117999999999999,31838.4,35022.240000000005,8.78
2011-03-21 12:00:00,B4104,4.335,0.0,8.7,198.99,-4.995,31838.4,35022.240000000005,9.33
2011-03-21 13:00:00,B4104,1.183,0.0,8.51,198.99,-7.987,31838.4,35022.240000000005,9.17
2011-03-21 14:00:00,B4104,0.657,0.0,7.64,198.99,-7.702999999999999,31838.4,35022.240000000005,8.36
2011-03-21 15:00:00,B4104,0.657,0.0,6.2,198.99,-6.313,31838.4,35022.240000000005,6.97
2011-03-21 16:00:00,B4104,0.657,0.0,4.26,198.99,-4.353,31838.4,35022.240000000005,5.01
2011-03-21 17:00:00,B4104,1.183,0.0,1.97,198.99,-1.357,31838.4,35022.240000000005,2.54
2011-03-21 18:00:00,B4104,4.335,0.0,0.0,198.99,4.335,31838.4,35022.240000000005,0.0
2011-03-21 19:00:00,B4104,5.386,0.0,0.0,198.99,5.386,31838.4,35022.240000000005,0.0
2011-03-21 20:00:00,B4104,1.187,0.0,0.0,198.99,1.187,31838.4,35022.240000000005,0.0
2011-03-21 21:00:00,B4104,1.183,0.0,0.0,198.99,1.183,31838.4,35022.240000000005,0.0
2011-03-21 22:00:00,B4104,1.182,0.0,0.0,198.99,1.182,31838.4,35022.240000000005,0.0
2011-03-21 23:00:00,B4104,0.657,0.0,0.0,198.99,0.657,31838.4,35022.240000000005,0.0
2011-03-22 00:00:00,B4104,3.057,2.4,0.0,198.99,3.057,31838.4,35022.240000000005,0.0
2011-03-22 01:00:00,B4104,3.057,2.4,0.0,198.99,3.057,31838.4,35022.240000000005,0.0
2011-03-22 02:00:00,B4104,3.057,2.4,0.0,198.99,3.057,31838.4,35022.240000000005,0.0
2011-03-22 03:00:00,B4104,3.057,2.4,0.0,198.99,3.057,31838.4,35022.240000000005,0.0
2011-03-22 04:00:00,B4104,3.057,2.4,0.0,198.99,3.057,31838.4,35022.240000000005,0.0
2011-03-22 05:00:00,B4104,1.183,0.0,0.0,198.99,1.183,31838.4,35022.240000000005,0.0
2011-03-22 06:00:00,B4104,4.34,0.0,0.0,198.99,4.34,31838.4,35022.240000000005,0.0
2011-03-22 07:00:00,B4104,1.188,0.0,1.13,198.99,-0.07200000000000006,31838.4,35022.240000000005,1.26
2011-03-22 08:00:00,B4104,0.662,0.0,3.54,198.99,-3.2680000000000002,31838.4,35022.240000000005,3.93
2011-03-22 09:00:00,B4104,0.662,0.0,5.79,198.99,-5.658,31838.4,35022.240000000005,6.32
2011-03-22 10:00:00,B4104,0.662,0.0,7.41,198.99,-7.338,31838.4,35022.240000000005,8.0
2011-03-22 11:00:00,B4104,0.662,0.0,8.53,198.99,-8.517999999999999,31838.4,35022.240000000005,9.18
2011-03-22 12:00:00,B4104,4.335,0.0,8.71,198.99,-5.055000000000001,31838.4,35022.240000000005,9.39
2011-03-22 13:00:00,B4104,1.183,0.0,8.24,198.99,-7.777000000000001,31838.4,35022.240000000005,8.96
2011-03-22 14:00:00,B4104,0.662,0.0,7.11,198.99,-7.228,31838.4,35022.240000000005,7.89
2011-03-22 15:00:00,B4104,0.662,0.0,5.26,198.99,-5.348,31838.4,35022.240000000005,6.01
2011-03-22 16:00:00,B4104,0.662,0.0,3.57,198.99,-3.558,31838.4,35022.240000000005,4.22
2011-03-22 17:00:00,B4104,1.187,0.0,1.73,198.99,-1.0330000000000001,31838.4,35022.240000000005,2.22
2011-03-22 18:00:00,B4104,4.335,0.0,0.0,198.99,4.335,31838.4,35022.240000000005,0.0
2011-03-22 19:00:00,B4104,5.386,0.0,0.0,198.99,5.386,31838.4,35022.240000000005,0.0
2011-03-22 20:00:00,B4104,1.187,0.0,0.0,198.99,1.187,31838.4,35022.240000000005,0.0
2011-03-22 21:00:00,B4104,1.183,0.0,0.0,198.99,1.183,31838.4,35022.240000000005,0.0
2011-03-22 22:00:00,B4104,1.182,0.0,0.0,198.99,1.182,31838.4,35022.240000000005,0.0
2011-03-22 23:00:00,B4104,0.657,0.0,0.0,198.99,0.657,31838.4,35022.240000000005,0.0
2011-03-23 00:00:00,B4104,3.057,2.4,0.0,198.99,3.057,31838.4,35022.240000000005,0.0
2011-03-23 01:00:00,B4104,3.057,2.4,0.0,198.99,3.057,31838.4,35022.240000000005,0.0
2011-03-23 02:00:00,B4104,3.057,2.4,0.0,198.99,3.057,31838.4,35022.240000000005,0.0
2011-03-23 03:00:00,B4104,3.057,2.4,0.0,198.99,3.057,31838.4,35022.240000000005,0.0
2011-03-23 04:00:00,B4104,3.057,2.4,0.0,198.99,3.057,31838.4,35022.240000000005,0.0
2011-03-23 05:00:00,B4104,1.183,0.0,0.0,198.99,1.183,31838.4,35022.240000000005,0.0
2011-03-23 06:00:00,B4104,4.34,0.0,0.0,198.99,4.34,31838.4,35022.240000000005,0.0
2011-03-23 07:00:00,B4104,1.188,0.0,1.04,198.99,0.018000000000000016,31838.4,35022.240000000005,1.17
2011-03-23 08:00:00,B4104,0.662,0.0,3.58,198.99,-3.2680000000000002,31838.4,35022.240000000005,3.93
2011-03-23 09:00:00,B4104,0.662,0.0,5.94,198.99,-5.758,31838.4,35022.240000000005,6.42
2011-03-23 10:00:00,B4104,0.662,0.0,7.61,198.99,-7.508,31838.4,35022.240000000005,8.17
2011-03-23 11:00:00,B4104,0.662,0.0,8.79,198.99,-8.738,31838.4,35022.240000000005,9.4
2011-03-23 12:00:00,B4104,4.335,0.0,9.23,198.99,-5.5249999999999995,31838.4,35022.240000000005,9.86
2011-03-23 13:00:00,B4104,1.187,0.0,9.05,198.99,-8.523000000000001,31838.4,35022.240000000005,9.71
2011-03-23 14:00:00,B4104,0.662,0.0,8.08,198.99,-8.148,31838.4,35022.240000000005,8.81
2011-03-23 15:00:00,B4104,0.662,0.0,6.45,198.99,-6.548,31838.4,35022.240000000005,7.21
2011-03-23 16:00:00,B4104,0.662,0.0,4.37,198.99,-4.438,31838.4,35022.240000000005,5.1
2011-03-23 17:00:00,B4104,1.187,0.0,2.03,198.99,-1.3829999999999998,31838.4,35022.240000000005,2.57
2011-03-23 18:00:00,B4104,4.335,0.0,0.0,198.99,4.335,31838.4,35022.240000000005,0.0
2011-03-23 19:00:00,B4104,5.386,0.0,0.0,198.99,5.386,31838.4,35022.240000000005,0.0
2011-03-23 20:00:00,B4104,1.187,0.0,0.0,198.99,1.187,31838.4,35022.240000000005,0.0
2011-03-23 21:00:00,B4104,1.183,0.0,0.0,198.99,1.183,31838.4,35022.240000000005,0.0
2011-03-23 22:00:00,B4104,1.182,0.0,0.0,198.99,1.182,31838.4,35022.240000000005,0.0
2011-03-23 23:00:00,B4104,0.657,0.0,0.0,198.99,0.657,31838.4,35022.240000000005,0.0
2011-03-24 00:00:00,B4104,3.057,2.4,0.0,198.99,3.057,31838.4,35022.240000000005,0.0
2011-03-24 01:00:00,B4104,3.057,2.4,0.0,198.99,3.057,31838.4,35022.240000000005,0.0
2011-03-24 02:00:00,B4104,3.057,2.4,0.0,198.99,3.057,31838.4,35022.240000000005,0.0
2011-03-24 03:00:00,B4104,3.057,2.4,0.0,198.99,3.057,31838.4,35022.240000000005,0.0
2011-03-24 04:00:00,B4104,3.057,2.4,0.0,198.99,3.057,31838.4,35022.240000000005,0.0
2011-03-24 05:00:00,B4104,1.183,0.0,0.0,198.99,1.183,31838.4,35022.240000000005,0.0
2011-03-24 06:00:00,B4104,4.34,0.0,0.0,198.99,4.34,31838.4,35022.240000000005,0.0
2011-03-24 07:00:00,B4104,1.188,0.0,1.13,198.99,-0.07200000000000006,31838.4,35022.240000000005,1.26
2011-03-24 08:00:00,B4104,0.662,0.0,3.76,198.99,-3.468,31838.4,35022.240000000005,4.13
2011-03-24 09:00:00,B4104,0.662,0.0,5.98,198.99,-5.828,31838.4,35022.240000000005,6.49
2011-03-24 10:00:00,B4104,0.662,0.0,7.5,198.99,-7.4479999999999995,31838.4,35022.240000000005,8.11
2011-03-24 11:00:00,B4104,0.662,0.0,8.0,198.99,-8.008,31838.4,35022.240000000005,8.67
2011-03-24 12:00:00,B4104,4.335,0.0,8.43,198.99,-4.835,31838.4,35022.240000000005,9.17
2011-03-24 13:00:00,B4104,1.187,0.0,8.44,198.99,-8.123000000000001,31838.4,35022.240000000005,9.31
2011-03-24 14:00:00,B4104,0.662,0.0,7.85,198.99,-8.197999999999999,31838.4,35022.240000000005,8.86
2011-03-24 15:00:00,B4104,0.662,0.0,6.41,198.99,-6.698,31838.4,35022.240000000005,7.36
2011-03-24 16:00:00,B4104,0.662,0.0,3.72,198.99,-3.718,31838.4,35022.240000000005,4.38
2011-03-24 17:00:00,B4104,1.187,0.0,1.92,198.99,-1.1729999999999998,31838.4,35022.240000000005,2.36
2011-03-24 18:00:00,B4104,4.335,0.0,0.0,198.99,4.335,31838.4,35022.240000000005,0.0
2011-03-24 19:00:00,B4104,5.386,0.0,0.0,198.99,5.386,31838.4,35022.240000000005,0.0
2011-03-24 20:00:00,B4104,1.187,0.0,0.0,198.99,1.187,31838.4,35022.240000000005,0.0
2011-03-24 21:00:00,B4104,1.183,0.0,0.0,198.99,1.183,31838.4,35022.240000000005,0.0
2011-03-24 22:00:00,B4104,1.182,0.0,0.0,198.99,1.182,31838.4,35022.240000000005,0.0
2011-03-24 23:00:00,B4104,0.657,0.0,0.0,198.99,0.657,31838.4,35022.240000000005,0.0
2011-03-25 00:00:00,B4104,3.057,2.4,0.0,198.99,3.057,31838.4,35022.240000000005,0.0
2011-03-25 01:00:00,B4104,3.057,2.4,0.0,198.99,3.057,31838.4,35022.240000000005,0.0
2011-03-25 02:00:00,B4104,3.057,2.4,0.0,198.99,3.057,31838.4,35022.240000000005,0.0
2011-03-25 03:00:00,B4104,3.057,2.4,0.0,198.99,3.057,31838.4,35022.240000000005,0.0
2011-03-25 04:00:00,B4104,3.057,2.4,0.0,198.99,3.057,31838.4,35022.240000000005,0.0
2011-03-25 05:00:00,B4104,1.183,0.0,0.0,198.99,1.183,31838.4,35022.240000000005,0.0
2011-03-25 06:00:00,B4104,4.34,0.0,0.0,198.99,4.34,31838.4,35022.240000000005,0.0
2011-03-25 07:00:00,B4104,1.188,0.0,1.27,198.99,-0.22199999999999998,31838.4,35022.240000000005,1.41
2011-03-25 08:00:00,B4104,0.662,0.0,4.07,198.99,-3.7880000000000003,31838.4,35022.240000000005,4.45
2011-03-25 09:00:00,B4104,0.662,0.0,6.4,198.99,-6.2780000000000005,31838.4,35022.240000000005,6.94
2011-03-25 10:00:00,B4104,0.662,0.0,7.93,198.99,-7.9479999999999995,31838.4,35022.240000000005,8.61
2011-03-25 11:00:00,B4104,0.662,0.0,9.0,198.99,-9.107999999999999,31838.4,35022.240000000005,9.77
2011-03-25 12:00:00,B4104,4.335,0.0,9.13,198.99,-5.565,31838.4,35022.240000000005,9.9
2011-03-25 13:00:00,B4104,1.187,0.0,8.35,198.99,-7.9430000000000005,31838.4,35022.240000000005,9.13
2011-03-25 14:00:00,B4104,0.662,0.0,7.53,198.99,-7.678,31838.4,35022.240000000005,8.34
2011-03-25 15:00:00,B4104,0.662,0.0,5.93,198.99,-6.038,31838.4,35022.240000000005,6.7
2011-03-25 16:00:00,B4104,0.662,0.0,3.84,198.99,-3.838,31838.4,35022.240000000005,4.5
2011-03-25 17:00:00,B4104,1.187,0.0,1.86,198.99,-1.143,31838.4,35022.240000000005,2.33
2011-03-25 18:00:00,B4104,4.335,0.0,0.0,198.99,4.335,31838.4,35022.240000000005,0.0
2011-03-25 19:00:00,B4104,5.386,0.0,0.0,198.99,5.386,31838.4,35022.240000000005,0.0
2011-03-25 20:00:00,B4104,1.187,0.0,0.0,198.99,1.187,31838.4,35022.240000000005,0.0
2011-03-25 21:00:00,B4104,1.183,0.0,0.0,198.99,1.183,31838.4,35022.240000000005,0.0
2011-03-25 22:00:00,B4104,1.182,0.0,0.0,198.99,1.182,31838.4,35022.240000000005,0.0
2011-03-25 23:00:00,B4104,0.657,0.0,0.0,198.99,0.657,31838.4,35022.240000000005,0.0
2011-03-26 00:00:00,B4104,0.657,0.0,0.0,198.99,0.657,31838.4,35022.240000000005,0.0
2011-03-26 01:00:00,B4104,0.657,0.0,0.0,198.99,0.657,31838.4,35022.240000000005,0.0
2011-03-26 02:00:00,B4104,0.657,0.0,0.0,198.99,0.657,31838.4,35022.240000000005,0.0
2011-03-26 03:00:00,B4104,0.657,0.0,0.0,198.99,0.657,31838.4,35022.240000000005,0.0
2011-03-26 04:00:00,B4104,0.657,0.0,0.0,198.99,0.657,31838.4,35022.240000000005,0.0
2011-03-26 05:00:00,B4104,1.182,0.0,0.0,198.99,1.182,31838.4,35022.240000000005,0.0
2011-03-26 06:00:00,B4104,4.339,0.0,0.0,198.99,4.339,31838.4,35022.240000000005,0.0
2011-03-26 07:00:00,B4104,1.187,0.0,1.58,198.99,-0.5429999999999999,31838.4,35022.240000000005,1.73
2011-03-26 08:00:00,B4104,3.062,2.4,4.09,198.99,-1.4380000000000002,31838.4,35022.240000000005,4.5
2011-03-26 09:00:00,B4104,3.062,2.4,6.23,198.99,-3.7079999999999997,31838.4,35022.240000000005,6.77
2011-03-26 10:00:00,B4104,3.062,2.4,7.82,198.99,-5.368,31838.4,35022.240000000005,8.43
2011-03-26 11:00:00,B4104,3.062,2.4,8.92,198.99,-6.638,31838.4,35022.240000000005,9.7
2011-03-26 12:00:00,B4104,6.735,2.4,8.54,198.99,-2.624999999999999,31838.4,35022.240000000005,9.36
2011-03-26 13:00:00,B4104,1.187,0.0,6.26,198.99,-5.763,31838.4,35022.240000000005,6.95
2011-03-26 14:00:00,B4104,0.662,0.0,3.7,198.99,-3.5380000000000003,31838.4,35022.240000000005,4.2
2011-03-26 15:00:00,B4104,0.662,0.0,2.23,198.99,-1.888,31838.4,35022.240000000005,2.55
2011-03-26 16:00:00,B4104,0.662,0.0,2.14,198.99,-1.838,31838.4,35022.240000000005,2.5
2011-03-26 17:00:00,B4104,1.187,0.0,1.88,198.99,-1.163,31838.4,35022.240000000005,2.35
2011-03-26 18:00:00,B4104,4.336,0.0,0.0,198.99,4.336,31838.4,35022.240000000005,0.0
2011-03-26 19:00:00,B4104,5.386,0.0,0.0,198.99,5.386,31838.4,35022.240000000005,0.0
2011-03-26 20:00:00,B4104,1.187,0.0,0.0,198.99,1.187,31838.4,35022.240000000005,0.0
2011-03-26 21:00:00,B4104,1.183,0.0,0.0,198.99,1.183,31838.4,35022.240000000005,0.0
2011-03-26 22:00:00,B4104,1.182,0.0,0.0,198.99,1.182,31838.4,35022.240000000005,0.0
2011-03-26 23:00:00,B4104,0.657,0.0,0.0,198.99,0.657,31838.4,35022.240000000005,0.0
2011-03-27 00:00:00,B4104,0.657,0.0,0.0,198.99,0.657,31838.4,35022.240000000005,0.0
2011-03-27 01:00:00,B4104,0.657,0.0,0.0,198.99,0.657,31838.4,35022.240000000005,0.0
2011-03-27 02:00:00,B4104,0.657,0.0,0.0,198.99,0.657,31838.4,35022.240000000005,0.0
2011-03-27 03:00:00,B4104,0.657,0.0,0.0,198.99,0.657,31838.4,35022.240000000005,0.0
2011-03-27 04:00:00,B4104,0.657,0.0,0.0,198.99,0.657,31838.4,35022.240000000005,0.0
2011-03-27 05:00:00,B4104,1.182,0.0,0.0,198.99,1.182,31838.4,35022.240000000005,0.0
2011-03-27 06:00:00,B4104,4.339,0.0,0.0,198.99,4.339,31838.4,35022.240000000005,0.0
2011-03-27 07:00:00,B4104,1.187,0.0,2.12,198.99,-1.163,31838.4,35022.240000000005,2.35
2011-03-27 08:00:00,B4104,3.062,2.4,4.61,198.99,-1.9979999999999998,31838.4,35022.240000000005,5.06
2011-03-27 09:00:00,B4104,3.062,2.4,6.65,198.99,-4.148,31838.4,35022.240000000005,7.21
2011-03-27 10:00:00,B4104,3.062,2.4,8.26,198.99,-5.868,31838.4,35022.240000000005,8.93
2011-03-27 11:00:00,B4104,3.062,2.4,9.73,198.99,-7.438000000000001,31838.4,35022.240000000005,10.5
2011-03-27 12:00:00,B4104,6.735,2.4,10.05,198.99,-4.114999999999999,31838.4,35022.240000000005,10.85
2011-03-27 13:00:00,B4104,1.187,0.0,9.4,198.99,-9.083,31838.4,35022.240000000005,10.27
2011-03-27 14:00:00,B4104,0.662,0.0,8.41,198.99,-8.718,31838.4,35022.240000000005,9.38
2011-03-27 15:00:00,B4104,0.662,0.0,6.17,198.99,-6.398,31838.4,35022.240000000005,7.06
2011-03-27 16:00:00,B4104,0.662,0.0,3.6,198.99,-3.5380000000000003,31838.4,35022.240000000005,4.2
2011-03-27 17:00:00,B4104,1.187,0.0,1.56,198.99,-0.673,31838.4,35022.240000000005,1.86
2011-03-27 18:00:00,B4104,4.335,0.0,0.0,198.99,4.335,31838.4,35022.240000000005,0.0
2011-03-27 19:00:00,B4104,5.386,0.0,0.0,198.99,5.386,31838.4,35022.240000000005,0.0
2011-03-27 20:00:00,B4104,1.187,0.0,0.0,198.99,1.187,31838.4,35022.240000000005,0.0
2011-03-27 21:00:00,B4104,1.183,0.0,0.0,198.99,1.183,31838.4,35022.240000000005,0.0
2011-03-27 22:00:00,B4104,1.183,0.0,0.0,198.99,1.183,31838.4,35022.240000000005,0.0
2011-03-27 23:00:00,B4104,0.657,0.0,0.0,198.99,0.657,31838.4,35022.240000000005,0.0
2011-03-28 00:00:00,B4104,3.057,2.4,0.0,198.99,3.057,31838.4,35022.240000000005,0.0
2011-03-28 01:00:00,B4104,3.057,2.4,0.0,198.99,3.057,31838.4,35022.240000000005,0.0
2011-03-28 02:00:00,B4104,3.057,2.4,0.0,198.99,3.057,31838.4,35022.240000000005,0.0
2011-03-28 03:00:00,B4104,3.057,2.4,0.0,198.99,3.057,31838.4,35022.240000000005,0.0
2011-03-28 04:00:00,B4104,3.057,2.4,0.0,198.99,3.057,31838.4,35022.240000000005,0.0
2011-03-28 05:00:00,B4104,1.183,0.0,0.0,198.99,1.183,31838.4,35022.240000000005,0.0
2011-03-28 06:00:00,B4104,4.34,0.0,0.0,198.99,4.34,31838.4,35022.240000000005,0.0
2011-03-28 07:00:00,B4104,1.188,0.0,2.23,198.99,-1.2220000000000002,31838.4,35022.240000000005,2.41
2011-03-28 08:00:00,B4104,0.662,0.0,4.62,198.99,-4.428,31838.4,35022.240000000005,5.09
2011-03-28 09:00:00,B4104,0.662,0.0,6.67,198.99,-6.628,31838.4,35022.240000000005,7.29
2011-03-28 10:00:00,B4104,0.662,0.0,8.07,198.99,-8.127999999999998,31838.4,35022.240000000005,8.79
2011-03-28 11:00:00,B4104,0.662,0.0,8.83,198.99,-8.968,31838.4,35022.240000000005,9.63
2011-03-28 12:00:00,B4104,4.335,0.0,8.98,198.99,-5.454999999999999,31838.4,35022.240000000005,9.79
2011-03-28 13:00:00,B4104,1.187,0.0,8.38,198.99,-7.992999999999999,31838.4,35022.240000000005,9.18
2011-03-28 14:00:00,B4104,0.662,0.0,6.59,198.99,-6.668,31838.4,35022.240000000005,7.33
2011-03-28 15:00:00,B4104,0.662,0.0,4.86,198.99,-4.858,31838.4,35022.240000000005,5.52
2011-03-28 16:00:00,B4104,0.662,0.0,2.6,198.99,-2.368,31838.4,35022.240000000005,3.03
2011-03-28 17:00:00,B4104,1.187,0.0,0.0,198.99,1.107,31838.4,35022.240000000005,0.08
2011-03-28 18:00:00,B4104,4.335,0.0,0.0,198.99,4.335,31838.4,35022.240000000005,0.0
2011-03-28 19:00:00,B4104,5.386,0.0,0.0,198.99,5.386,31838.4,35022.240000000005,0.0
2011-03-28 20:00:00,B4104,1.187,0.0,0.0,198.99,1.187,31838.4,35022.240000000005,0.0
2011-03-28 21:00:00,B4104,1.183,0.0,0.0,198.99,1.183,31838.4,35022.240000000005,0.0
2011-03-28 22:00:00,B4104,1.182,0.0,0.0,198.99,1.182,31838.4,35022.240000000005,0.0
2011-03-28 23:00:00,B4104,0.657,0.0,0.0,198.99,0.657,31838.4,35022.240000000005,0.0
2011-03-29 00:00:00,B4104,3.057,2.4,0.0,198.99,3.057,31838.4,35022.240000000005,0.0
2011-03-29 01:00:00,B4104,3.057,2.4,0.0,198.99,3.057,31838.4,35022.240000000005,0.0
2011-03-29 02:00:00,B4104,3.057,2.4,0.0,198.99,3.057,31838.4,35022.240000000005,0.0
2011-03-29 03:00:00,B4104,3.057,2.4,0.0,198.99,3.057,31838.4,35022.240000000005,0.0
2011-03-29 04:00:00,B4104,3.057,2.4,0.0,198.99,3.057,31838.4,35022.240000000005,0.0
2011-03-29 05:00:00,B4104,1.183,0.0,0.0,198.99,1.183,31838.4,35022.240000000005,0.0
2011-03-29 06:00:00,B4104,4.34,0.0,0.0,198.99,4.34,31838.4,35022.240000000005,0.0
2011-03-29 07:00:00,B4104,1.188,0.0,2.7,198.99,-1.7820000000000003,31838.4,35022.240000000005,2.97
2011-03-29 08:00:00,B4104,0.662,0.0,4.82,198.99,-4.638,31838.4,35022.240000000005,5.3
2011-03-29 09:00:00,B4104,0.662,0.0,7.56,198.99,-7.5680000000000005,31838.4,35022.240000000005,8.23
2011-03-29 10:00:00,B4104,0.662,0.0,9.71,198.99,-9.838,31838.4,35022.240000000005,10.5
2011-03-29 11:00:00,B4104,0.662,0.0,10.48,198.99,-10.568,31838.4,35022.240000000005,11.23
2011-03-29 12:00:00,B4104,4.335,0.0,10.54,198.99,-6.8950000000000005,31838.4,35022.240000000005,11.23
2011-03-29 13:00:00,B4104,1.187,0.0,10.2,198.99,-9.713000000000001,31838.4,35022.240000000005,10.9
2011-03-29 14:00:00,B4104,0.662,0.0,9.22,198.99,-9.338,31838.4,35022.240000000005,10.0
2011-03-29 15:00:00,B4104,0.662,0.0,7.53,198.99,-7.678,31838.4,35022.240000000005,8.34
2011-03-29 16:00:00,B4104,0.662,0.0,5.3,198.99,-5.398,31838.4,35022.240000000005,6.06
2011-03-29 17:00:00,B4104,1.187,0.0,2.6,198.99,-1.9829999999999999,31838.4,35022.240000000005,3.17
2011-03-29 18:00:00,B4104,4.335,0.0,0.0,198.99,4.335,31838.4,35022.240000000005,0.0
2011-03-29 19:00:00,B4104,5.386,0.0,0.0,198.99,5.386,31838.4,35022.240000000005,0.0
2011-03-29 20:00:00,B4104,1.187,0.0,0.0,198.99,1.187,31838.4,35022.240000000005,0.0
2011-03-29 21:00:00,B4104,1.183,0.0,0.0,198.99,1.183,31838.4,35022.240000000005,0.0
2011-03-29 22:00:00,B4104,1.182,0.0,0.0,198.99,1.182,31838.4,35022.240000000005,0.0
2011-03-29 23:00:00,B4104,0.657,0.0,0.0,198.99,0.657,31838.4,35022.240000000005,0.0
2011-03-30 00:00:00,B4104,3.057,2.4,0.0,198.99,3.057,31838.4,35022.240000000005,0.0
2011-03-30 01:00:00,B4104,3.057,2.4,0.0,198.99,3.057,31838.4,35022.240000000005,0.0
2011-03-30 02:00:00,B4104,3.057,2.4,0.0,198.99,3.057,31838.4,35022.240000000005,0.0
2011-03-30 03:00:00,B4104,3.057,2.4,0.0,198.99,3.057,31838.4,35022.240000000005,0.0
2011-03-30 04:00:00,B4104,3.057,2.4,0.0,198.99,3.057,31838.4,35022.240000000005,0.0
2011-03-30 05:00:00,B4104,1.183,0.0,0.0,198.99,1.183,31838.4,35022.240000000005,0.0
2011-03-30 06:00:00,B4104,4.34,0.0,0.0,198.99,4.34,31838.4,35022.240000000005,0.0
2011-03-30 07:00:00,B4104,1.188,0.0,2.75,198.99,-1.882,31838.4,35022.240000000005,3.07
2011-03-30 08:00:00,B4104,0.662,0.0,5.43,198.99,-5.248,31838.4,35022.240000000005,5.91
2011-03-30 09:00:00,B4104,0.662,0.0,7.76,198.99,-7.8180000000000005,31838.4,35022.240000000005,8.48
2011-03-30 10:00:00,B4104,0.662,0.0,9.62,198.99,-9.828,31838.4,35022.240000000005,10.49
2011-03-30 11:00:00,B4104,0.662,0.0,10.75,198.99,-10.927999999999999,31838.4,35022.240000000005,11.59
2011-03-30 12:00:00,B4104,4.335,0.0,10.95,198.99,-7.415,31838.4,35022.240000000005,11.75
2011-03-30 13:00:00,B4104,1.187,0.0,10.55,198.99,-10.163,31838.4,35022.240000000005,11.35
2011-03-30 14:00:00,B4104,0.662,0.0,9.18,198.99,-9.258,31838.4,35022.240000000005,9.92
2011-03-30 15:00:00,B4104,0.662,0.0,7.48,198.99,-7.548000000000001,31838.4,35022.240000000005,8.21
2011-03-30 16:00:00,B4104,0.662,0.0,5.32,198.99,-5.368,31838.4,35022.240000000005,6.03
2011-03-30 17:00:00,B4104,1.187,0.0,2.67,198.99,-2.043,31838.4,35022.240000000005,3.23
2011-03-30 18:00:00,B4104,4.335,0.0,0.0,198.99,4.335,31838.4,35022.240000000005,0.0
2011-03-30 19:00:00,B4104,5.386,0.0,0.0,198.99,5.386,31838.4,35022.240000000005,0.0
2011-03-30 20:00:00,B4104,1.187,0.0,0.0,198.99,1.187,31838.4,35022.240000000005,0.0
2011-03-30 21:00:00,B4104,1.183,0.0,0.0,198.99,1.183,31838.4,35022.240000000005,0.0
2011-03-30 22:00:00,B4104,1.182,0.0,0.0,198.99,1.182,31838.4,35022.240000000005,0.0
2011-03-30 23:00:00,B4104,0.657,0.0,0.0,198.99,0.657,31838.4,35022.240000000005,0.0
2011-03-31 00:00:00,B4104,3.057,2.4,0.0,198.99,3.057,31838.4,35022.240000000005,0.0
2011-03-31 01:00:00,B4104,3.057,2.4,0.0,198.99,3.057,31838.4,35022.240000000005,0.0
2011-03-31 02:00:00,B4104,3.057,2.4,0.0,198.99,3.057,31838.4,35022.240000000005,0.0
2011-03-31 03:00:00,B4104,3.057,2.4,0.0,198.99,3.057,31838.4,35022.240000000005,0.0
2011-03-31 04:00:00,B4104,3.057,2.4,0.0,198.99,3.057,31838.4,35022.240000000005,0.0
2011-03-31 05:00:00,B4104,1.183,0.0,0.0,198.99,1.183,31838.4,35022.240000000005,0.0
2011-03-31 06:00:00,B4104,4.34,0.0,0.0,198.99,4.34,31838.4,35022.240000000005,0.0
2011-03-31 07:00:00,B4104,1.188,0.0,2.72,198.99,-1.8619999999999999,31838.4,35022.240000000005,3.05
2011-03-31 08:00:00,B4104,0.662,0.0,5.08,198.99,-4.748,31838.4,35022.240000000005,5.41
2011-03-31 09:00:00,B4104,0.662,0.0,7.44,198.99,-7.208,31838.4,35022.240000000005,7.87
2011-03-31 10:00:00,B4104,0.662,0.0,8.96,198.99,-8.808,31838.4,35022.240000000005,9.47
2011-03-31 11:00:00,B4104,0.662,0.0,10.01,198.99,-9.908,31838.4,35022.240000000005,10.57
2011-03-31 12:00:00,B4104,4.335,0.0,10.4,198.99,-6.635000000000001,31838.4,35022.240000000005,10.97
2011-03-31 13:00:00,B4104,1.183,0.0,10.21,198.99,-9.647,31838.4,35022.240000000005,10.83
2011-03-31 14:00:00,B4104,0.657,0.0,9.25,198.99,-9.283,31838.4,35022.240000000005,9.94
2011-03-31 15:00:00,B4104,0.657,0.0,7.64,198.99,-7.712999999999999,31838.4,35022.240000000005,8.37
2011-03-31 16:00:00,B4104,0.657,0.0,5.47,198.99,-5.513,31838.4,35022.240000000005,6.17
2011-03-31 17:00:00,B4104,1.183,0.0,2.81,198.99,-2.1870000000000003,31838.4,35022.240000000005,3.37
2011-03-31 18:00:00,B4104,4.335,0.0,0.0,198.99,4.335,31838.4,35022.240000000005,0.0
2011-03-31 19:00:00,B4104,5.386,0.0,0.0,198.99,5.386,31838.4,35022.240000000005,0.0
2011-03-31 20:00:00,B4104,1.183,0.0,0.0,198.99,1.183,31838.4,35022.240000000005,0.0
2011-03-31 21:00:00,B4104,1.183,0.0,0.0,198.99,1.183,31838.4,35022.240000000005,0.0
2011-03-31 22:00:00,B4104,1.182,0.0,0.0,198.99,1.182,31838.4,35022.240000000005,0.0
2011-03-31 23:00:00,B4104,0.657,0.0,0.0,198.99,0.657,31838.4,35022.240000000005,0.0
2011-04-01 00:00:00,B4104,3.057,2.4,0.0,198.99,3.057,31838.4,35022.240000000005,0.0
2011-04-01 01:00:00,B4104,3.057,2.4,0.0,198.99,3.057,31838.4,35022.240000000005,0.0
2011-04-01 02:00:00,B4104,3.057,2.4,0.0,198.99,3.057,31838.4,35022.240000000005,0.0
2011-04-01 03:00:00,B4104,3.057,2.4,0.0,198.99,3.057,31838.4,35022.240000000005,0.0
2011-04-01 04:00:00,B4104,3.057,2.4,0.0,198.99,3.057,31838.4,35022.240000000005,0.0
2011-04-01 05:00:00,B4104,1.183,0.0,0.0,198.99,1.183,31838.4,35022.240000000005,0.0
2011-04-01 06:00:00,B4104,4.34,0.0,0.0,198.99,4.34,31838.4,35022.240000000005,0.0
2011-04-01 07:00:00,B4104,1.188,0.0,2.83,198.99,-1.9120000000000001,31838.4,35022.240000000005,3.1
2011-04-01 08:00:00,B4104,0.662,0.0,5.72,198.99,-5.598,31838.4,35022.240000000005,6.26
2011-04-01 09:00:00,B4104,0.662,0.0,7.96,198.99,-7.978000000000001,31838.4,35022.240000000005,8.64
2011-04-01 10:00:00,B4104,0.662,0.0,9.51,198.99,-9.677999999999999,31838.4,35022.240000000005,10.34
2011-04-01 11:00:00,B4104,0.662,0.0,9.95,198.99,-10.218,31838.4,35022.240000000005,10.88
2011-04-01 12:00:00,B4104,4.335,0.0,9.67,198.99,-6.235,31838.4,35022.240000000005,10.57
2011-04-01 13:00:00,B4104,1.187,0.0,8.51,198.99,-8.173,31838.4,35022.240000000005,9.36
2011-04-01 14:00:00,B4104,0.662,0.0,7.65,198.99,-7.838,31838.4,35022.240000000005,8.5
2011-04-01 15:00:00,B4104,0.662,0.0,7.43,198.99,-7.6979999999999995,31838.4,35022.240000000005,8.36
2011-04-01 16:00:00,B4104,0.662,0.0,5.85,198.99,-6.058,31838.4,35022.240000000005,6.72
2011-04-01 17:00:00,B4104,1.187,0.0,3.04,198.99,-2.473,31838.4,35022.240000000005,3.66
2011-04-01 18:00:00,B4104,4.34,0.0,0.0,198.99,4.34,31838.4,35022.240000000005,0.0
2011-04-01 19:00:00,B4104,5.386,0.0,0.0,198.99,5.386,31838.4,35022.240000000005,0.0
2011-04-01 20:00:00,B4104,1.187,0.0,0.0,198.99,1.187,31838.4,35022.240000000005,0.0
2011-04-01 21:00:00,B4104,1.183,0.0,0.0,198.99,1.183,31838.4,35022.240000000005,0.0
2011-04-01 22:00:00,B4104,1.182,0.0,0.0,198.99,1.182,31838.4,35022.240000000005,0.0
2011-04-01 23:00:00,B4104,0.657,0.0,0.0,198.99,0.657,31838.4,35022.240000000005,0.0
2011-04-02 00:00:00,B4104,0.657,0.0,0.0,198.99,0.657,31838.4,35022.240000000005,0.0
2011-04-02 01:00:00,B4104,0.657,0.0,0.0,198.99,0.657,31838.4,35022.240000000005,0.0
2011-04-02 02:00:00,B4104,0.657,0.0,0.0,198.99,0.657,31838.4,35022.240000000005,0.0
2011-04-02 03:00:00,B4104,0.657,0.0,0.0,198.99,0.657,31838.4,35022.240000000005,0.0
2011-04-02 04:00:00,B4104,0.657,0.0,0.0,198.99,0.657,31838.4,35022.240000000005,0.0
2011-04-02 05:00:00,B4104,1.182,0.0,0.0,198.99,1.182,31838.4,35022.240000000005,0.0
2011-04-02 06:00:00,B4104,4.339,0.0,0.0,198.99,4.339,31838.4,35022.240000000005,0.0
2011-04-02 07:00:00,B4104,1.187,0.0,3.15,198.99,-2.333,31838.4,35022.240000000005,3.52
2011-04-02 08:00:00,B4104,3.062,2.4,5.6,198.99,-2.8780000000000006,31838.4,35022.240000000005,5.94
2011-04-02 09:00:00,B4104,3.062,2.4,7.95,198.99,-5.318000000000001,31838.4,35022.240000000005,8.38
2011-04-02 10:00:00,B4104,3.062,2.4,9.45,198.99,-6.888,31838.4,35022.240000000005,9.95
2011-04-02 11:00:00,B4104,3.062,2.4,10.44,198.99,-7.928000000000001,31838.4,35022.240000000005,10.99
2011-04-02 12:00:00,B4104,6.735,2.4,10.77,198.99,-4.6049999999999995,31838.4,35022.240000000005,11.34
2011-04-02 13:00:00,B4104,1.183,0.0,10.45,198.99,-9.877,31838.4,35022.240000000005,11.06
2011-04-02 14:00:00,B4104,0.662,0.0,9.48,198.99,-9.488,31838.4,35022.240000000005,10.15
2011-04-02 15:00:00,B4104,0.662,0.0,7.89,198.99,-7.9479999999999995,31838.4,35022.240000000005,8.61
2011-04-02 16:00:00,B4104,0.662,0.0,5.7,198.99,-5.738,31838.4,35022.240000000005,6.4
2011-04-02 17:00:00,B4104,1.187,0.0,2.96,198.99,-2.3229999999999995,31838.4,35022.240000000005,3.51
2011-04-02 18:00:00,B4104,4.336,0.0,0.0,198.99,4.336,31838.4,35022.240000000005,0.0
2011-04-02 19:00:00,B4104,5.386,0.0,0.0,198.99,5.386,31838.4,35022.240000000005,0.0
2011-04-02 20:00:00,B4104,1.187,0.0,0.0,198.99,1.187,31838.4,35022.240000000005,0.0
2011-04-02 21:00:00,B4104,1.183,0.0,0.0,198.99,1.183,31838.4,35022.240000000005,0.0
2011-04-02 22:00:00,B4104,1.182,0.0,0.0,198.99,1.182,31838.4,35022.240000000005,0.0
2011-04-02 23:00:00,B4104,0.657,0.0,0.0,198.99,0.657,31838.4,35022.240000000005,0.0
2011-04-03 00:00:00,B4104,0.657,0.0,0.0,198.99,0.657,31838.4,35022.240000000005,0.0
2011-04-03 01:00:00,B4104,0.657,0.0,0.0,198.99,0.657,31838.4,35022.240000000005,0.0
2011-04-03 02:00:00,B4104,0.657,0.0,0.0,198.99,0.657,31838.4,35022.240000000005,0.0
2011-04-03 03:00:00,B4104,0.657,0.0,0.0,198.99,0.657,31838.4,35022.240000000005,0.0
2011-04-03 04:00:00,B4104,0.657,0.0,0.0,198.99,0.657,31838.4,35022.240000000005,0.0
2011-04-03 05:00:00,B4104,1.182,0.0,0.0,198.99,1.182,31838.4,35022.240000000005,0.0
2011-04-03 06:00:00,B4104,4.339,0.0,0.0,198.99,4.339,31838.4,35022.240000000005,0.0
2011-04-03 07:00:00,B4104,1.187,0.0,3.35,198.99,-2.553,31838.4,35022.240000000005,3.74
2011-04-03 08:00:00,B4104,3.062,2.4,5.79,198.99,-3.0580000000000003,31838.4,35022.240000000005,6.12
2011-04-03 09:00:00,B4104,3.062,2.4,8.1,198.99,-5.468,31838.4,35022.240000000005,8.53
2011-04-03 10:00:00,B4104,3.062,2.4,9.62,198.99,-7.058,31838.4,35022.240000000005,10.12
2011-04-03 11:00:00,B4104,3.062,2.4,10.57,198.99,-8.048,31838.4,35022.240000000005,11.11
2011-04-03 12:00:00,B4104,6.735,2.4,10.93,198.99,-4.755,31838.4,35022.240000000005,11.49
2011-04-03 13:00:00,B4104,1.183,0.0,10.62,198.99,-10.037,31838.4,35022.240000000005,11.22
2011-04-03 14:00:00,B4104,0.657,0.0,9.61,198.99,-9.623,31838.4,35022.240000000005,10.28
2011-04-03 15:00:00,B4104,0.657,0.0,7.98,198.99,-8.023,31838.4,35022.240000000005,8.68
2011-04-03 16:00:00,B4104,0.657,0.0,5.77,198.99,-5.793,31838.4,35022.240000000005,6.45
2011-04-03 17:00:00,B4104,1.183,0.0,3.03,198.99,-2.3869999999999996,31838.4,35022.240000000005,3.57
2011-04-03 18:00:00,B4104,4.335,0.0,0.0,198.99,4.335,31838.4,35022.240000000005,0.0
2011-04-03 19:00:00,B4104,5.386,0.0,0.0,198.99,5.386,31838.4,35022.240000000005,0.0
2011-04-03 20:00:00,B4104,1.183,0.0,0.0,198.99,1.183,31838.4,35022.240000000005,0.0
2011-04-03 21:00:00,B4104,1.183,0.0,0.0,198.99,1.183,31838.4,35022.240000000005,0.0
2011-04-03 22:00:00,B4104,1.183,0.0,0.0,198.99,1.183,31838.4,35022.240000000005,0.0
2011-04-03 23:00:00,B4104,0.657,0.0,0.0,198.99,0.657,31838.4,35022.240000000005,0.0
2011-04-04 00:00:00,B4104,3.057,2.4,0.0,198.99,3.057,31838.4,35022.240000000005,0.0
2011-04-04 01:00:00,B4104,3.057,2.4,0.0,198.99,3.057,31838.4,35022.240000000005,0.0
2011-04-04 02:00:00,B4104,3.057,2.4,0.0,198.99,3.057,31838.4,35022.240000000005,0.0
2011-04-04 03:00:00,B4104,3.057,2.4,0.0,198.99,3.057,31838.4,35022.240000000005,0.0
2011-04-04 04:00:00,B4104,3.057,2.4,0.0,198.99,3.057,31838.4,35022.240000000005,0.0
2011-04-04 05:00:00,B4104,1.183,0.0,0.0,198.99,1.183,31838.4,35022.240000000005,0.0
2011-04-04 06:00:00,B4104,4.34,0.0,0.0,198.99,4.34,31838.4,35022.240000000005,0.0
2011-04-04 07:00:00,B4104,1.188,0.0,3.59,198.99,-2.8120000000000003,31838.4,35022.240000000005,4.0
2011-04-04 08:00:00,B4104,0.662,0.0,6.01,198.99,-5.668,31838.4,35022.240000000005,6.33
2011-04-04 09:00:00,B4104,0.662,0.0,8.31,198.99,-8.068,31838.4,35022.240000000005,8.73
2011-04-04 10:00:00,B4104,0.662,0.0,9.83,198.99,-9.658,31838.4,35022.240000000005,10.32
2011-04-04 11:00:00,B4104,0.657,0.0,10.85,198.99,-10.733,31838.4,35022.240000000005,11.39
2011-04-04 12:00:00,B4104,4.335,0.0,11.2,198.99,-7.425,31838.4,35022.240000000005,11.76
2011-04-04 13:00:00,B4104,1.183,0.0,10.85,198.99,-10.267,31838.4,35022.240000000005,11.45
2011-04-04 14:00:00,B4104,0.657,0.0,9.81,198.99,-9.813,31838.4,35022.240000000005,10.47
2011-04-04 15:00:00,B4104,0.657,0.0,8.18,198.99,-8.223,31838.4,35022.240000000005,8.88
2011-04-04 16:00:00,B4104,0.657,0.0,6.04,198.99,-6.073,31838.4,35022.240000000005,6.73
2011-04-04 17:00:00,B4104,1.183,0.0,3.26,198.99,-2.6369999999999996,31838.4,35022.240000000005,3.82
2011-04-04 18:00:00,B4104,4.335,0.0,0.0,198.99,4.335,31838.4,35022.240000000005,0.0
2011-04-04 19:00:00,B4104,5.386,0.0,0.0,198.99,5.386,31838.4,35022.240000000005,0.0
2011-04-04 20:00:00,B4104,1.183,0.0,0.0,198.99,1.183,31838.4,35022.240000000005,0.0
2011-04-04 21:00:00,B4104,1.183,0.0,0.0,198.99,1.183,31838.4,35022.240000000005,0.0
2011-04-04 22:00:00,B4104,1.182,0.0,0.0,198.99,1.182,31838.4,35022.240000000005,0.0
2011-04-04 23:00:00,B4104,0.657,0.0,0.0,198.99,0.657,31838.4,35022.240000000005,0.0
2011-04-05 00:00:00,B4104,3.057,2.4,0.0,198.99,3.057,31838.4,35022.240000000005,0.0
2011-04-05 01:00:00,B4104,3.057,2.4,0.0,198.99,3.057,31838.4,35022.240000000005,0.0
2011-04-05 02:00:00,B4104,3.057,2.4,0.0,198.99,3.057,31838.4,35022.240000000005,0.0
2011-04-05 03:00:00,B4104,3.057,2.4,0.0,198.99,3.057,31838.4,35022.240000000005,0.0
2011-04-05 04:00:00,B4104,3.057,2.4,0.0,198.99,3.057,31838.4,35022.240000000005,0.0
2011-04-05 05:00:00,B4104,1.183,0.0,0.0,198.99,1.183,31838.4,35022.240000000005,0.0
2011-04-05 06:00:00,B4104,4.336,0.0,0.0,198.99,4.336,31838.4,35022.240000000005,0.0
2011-04-05 07:00:00,B4104,1.188,0.0,3.78,198.99,-3.0120000000000005,31838.4,35022.240000000005,4.2
2011-04-05 08:00:00,B4104,0.657,0.0,6.22,198.99,-5.893,31838.4,35022.240000000005,6.55
2011-04-05 09:00:00,B4104,0.657,0.0,8.43,198.99,-8.193,31838.4,35022.240000000005,8.85
2011-04-05 10:00:00,B4104,0.657,0.0,10.08,198.99,-9.913,31838.4,35022.240000000005,10.57
2011-04-05 11:00:00,B4104,0.657,0.0,11.08,198.99,-10.963,31838.4,35022.240000000005,11.62
2011-04-05 12:00:00,B4104,4.335,0.0,11.48,198.99,-7.704999999999999,31838.4,35022.240000000005,12.04
2011-04-05 13:00:00,B4104,1.183,0.0,11.13,198.99,-10.547,31838.4,35022.240000000005,11.73
2011-04-05 14:00:00,B4104,0.657,0.0,9.99,198.99,-10.003,31838.4,35022.240000000005,10.66
2011-04-05 15:00:00,B4104,0.657,0.0,8.32,198.99,-8.363,31838.4,35022.240000000005,9.02
2011-04-05 16:00:00,B4104,0.657,0.0,6.1,198.99,-6.123,31838.4,35022.240000000005,6.78
2011-04-05 17:00:00,B4104,1.183,0.0,3.33,198.99,-2.697,31838.4,35022.240000000005,3.88
2011-04-05 18:00:00,B4104,4.335,0.0,0.0,198.99,4.335,31838.4,35022.240000000005,0.0
2011-04-05 19:00:00,B4104,5.386,0.0,0.0,198.99,5.386,31838.4,35022.240000000005,0.0
2011-04-05 20:00:00,B4104,1.183,0.0,0.0,198.99,1.183,31838.4,35022.240000000005,0.0
2011-04-05 21:00:00,B4104,1.183,0.0,0.0,198.99,1.183,31838.4,35022.240000000005,0.0
2011-04-05 22:00:00,B4104,1.182,0.0,0.0,198.99,1.182,31838.4,35022.240000000005,0.0
2011-04-05 23:00:00,B4104,0.657,0.0,0.0,198.99,0.657,31838.4,35022.240000000005,0.0
2011-04-06 00:00:00,B4104,3.057,2.4,0.0,198.99,3.057,31838.4,35022.240000000005,0.0
2011-04-06 01:00:00,B4104,3.057,2.4,0.0,198.99,3.057,31838.4,35022.240000000005,0.0
2011-04-06 02:00:00,B4104,3.057,2.4,0.0,198.99,3.057,31838.4,35022.240000000005,0.0
2011-04-06 03:00:00,B4104,3.057,2.4,0.0,198.99,3.057,31838.4,35022.240000000005,0.0
2011-04-06 04:00:00,B4104,3.057,2.4,0.0,198.99,3.057,31838.4,35022.240000000005,0.0
2011-04-06 05:00:00,B4104,1.183,0.0,0.0,198.99,1.183,31838.4,35022.240000000005,0.0
2011-04-06 06:00:00,B4104,4.336,0.0,0.0,198.99,4.336,31838.4,35022.240000000005,0.0
2011-04-06 07:00:00,B4104,1.183,0.0,4.06,198.99,-3.2970000000000006,31838.4,35022.240000000005,4.48
2011-04-06 08:00:00,B4104,0.657,0.0,6.68,198.99,-6.403,31838.4,35022.240000000005,7.06
2011-04-06 09:00:00,B4104,0.657,0.0,9.09,198.99,-8.963,31838.4,35022.240000000005,9.62
2011-04-06 10:00:00,B4104,0.657,0.0,10.78,198.99,-10.833,31838.4,35022.240000000005,11.49
2011-04-06 11:00:00,B4104,0.657,0.0,11.39,198.99,-11.573,31838.4,35022.240000000005,12.23
2011-04-06 12:00:00,B4104,4.335,0.0,11.18,198.99,-7.795000000000001,31838.4,35022.240000000005,12.13
2011-04-06 13:00:00,B4104,1.183,0.0,10.69,198.99,-10.557,31838.4,35022.240000000005,11.74
2011-04-06 14:00:00,B4104,0.657,0.0,9.17,198.99,-9.553,31838.4,35022.240000000005,10.21
2011-04-06 15:00:00,B4104,0.657,0.0,7.78,198.99,-8.103,31838.4,35022.240000000005,8.76
2011-04-06 16:00:00,B4104,0.657,0.0,5.94,198.99,-6.133,31838.4,35022.240000000005,6.79
2011-04-06 17:00:00,B4104,1.183,0.0,2.74,198.99,-2.0570000000000004,31838.4,35022.240000000005,3.24
2011-04-06 18:00:00,B4104,4.335,0.0,0.0,198.99,4.335,31838.4,35022.240000000005,0.0
2011-04-06 19:00:00,B4104,5.386,0.0,0.0,198.99,5.386,31838.4,35022.240000000005,0.0
2011-04-06 20:00:00,B4104,1.183,0.0,0.0,198.99,1.183,31838.4,35022.240000000005,0.0
2011-04-06 21:00:00,B4104,1.183,0.0,0.0,198.99,1.183,31838.4,35022.240000000005,0.0
2011-04-06 22:00:00,B4104,1.182,0.0,0.0,198.99,1.182,31838.4,35022.240000000005,0.0
2011-04-06 23:00:00,B4104,0.657,0.0,0.0,198.99,0.657,31838.4,35022.240000000005,0.0
2011-04-07 00:00:00,B4104,3.057,2.4,0.0,198.99,3.057,31838.4,35022.240000000005,0.0
2011-04-07 01:00:00,B4104,3.057,2.4,0.0,198.99,3.057,31838.4,35022.240000000005,0.0
2011-04-07 02:00:00,B4104,3.057,2.4,0.0,198.99,3.057,31838.4,35022.240000000005,0.0
2011-04-07 03:00:00,B4104,3.057,2.4,0.0,198.99,3.057,31838.4,35022.240000000005,0.0
2011-04-07 04:00:00,B4104,3.057,2.4,0.0,198.99,3.057,31838.4,35022.240000000005,0.0
2011-04-07 05:00:00,B4104,1.183,0.0,0.0,198.99,1.183,31838.4,35022.240000000005,0.0
2011-04-07 06:00:00,B4104,4.336,0.0,0.0,198.99,4.336,31838.4,35022.240000000005,0.0
2011-04-07 07:00:00,B4104,1.183,0.0,4.09,198.99,-3.357,31838.4,35022.240000000005,4.54
2011-04-07 08:00:00,B4104,0.657,0.0,6.76,198.99,-6.483,31838.4,35022.240000000005,7.14
2011-04-07 09:00:00,B4104,0.657,0.0,8.95,198.99,-8.783,31838.4,35022.240000000005,9.44
2011-04-07 10:00:00,B4104,0.657,0.0,10.58,198.99,-10.503,31838.4,35022.240000000005,11.16
2011-04-07 11:00:00,B4104,0.657,0.0,11.74,198.99,-11.773,31838.4,35022.240000000005,12.43
2011-04-07 12:00:00,B4104,4.335,0.0,12.32,198.99,-8.795000000000002,31838.4,35022.240000000005,13.13
2011-04-07 13:00:00,B4104,1.183,0.0,11.74,198.99,-11.437,31838.4,35022.240000000005,12.62
2011-04-07 14:00:00,B4104,0.657,0.0,10.49,198.99,-10.713,31838.4,35022.240000000005,11.37
2011-04-07 15:00:00,B4104,0.657,0.0,8.7,198.99,-8.873,31838.4,35022.240000000005,9.53
2011-04-07 16:00:00,B4104,0.657,0.0,6.29,198.99,-6.393,31838.4,35022.240000000005,7.05
2011-04-07 17:00:00,B4104,1.183,0.0,3.33,198.99,-2.707,31838.4,35022.240000000005,3.89
2011-04-07 18:00:00,B4104,4.335,0.0,0.0,198.99,4.335,31838.4,35022.240000000005,0.0
2011-04-07 19:00:00,B4104,5.386,0.0,0.0,198.99,5.386,31838.4,35022.240000000005,0.0
2011-04-07 20:00:00,B4104,1.183,0.0,0.0,198.99,1.183,31838.4,35022.240000000005,0.0
2011-04-07 21:00:00,B4104,1.183,0.0,0.0,198.99,1.183,31838.4,35022.240000000005,0.0
2011-04-07 22:00:00,B4104,1.182,0.0,0.0,198.99,1.182,31838.4,35022.240000000005,0.0
2011-04-07 23:00:00,B4104,0.657,0.0,0.0,198.99,0.657,31838.4,35022.240000000005,0.0
2011-04-08 00:00:00,B4104,3.057,2.4,0.0,198.99,3.057,31838.4,35022.240000000005,0.0
2011-04-08 01:00:00,B4104,3.057,2.4,0.0,198.99,3.057,31838.4,35022.240000000005,0.0
2011-04-08 02:00:00,B4104,3.057,2.4,0.0,198.99,3.057,31838.4,35022.240000000005,0.0
2011-04-08 03:00:00,B4104,3.057,2.4,0.0,198.99,3.057,31838.4,35022.240000000005,0.0
2011-04-08 04:00:00,B4104,3.057,2.4,0.0,198.99,3.057,31838.4,35022.240000000005,0.0
2011-04-08 05:00:00,B4104,1.183,0.0,0.0,198.99,1.183,31838.4,35022.240000000005,0.0
2011-04-08 06:00:00,B4104,4.336,0.0,0.0,198.99,4.336,31838.4,35022.240000000005,0.0
2011-04-08 07:00:00,B4104,1.183,0.0,2.05,198.99,-0.9469999999999998,31838.4,35022.240000000005,2.13
2011-04-08 08:00:00,B4104,0.657,0.0,5.01,198.99,-4.823,31838.4,35022.240000000005,5.48
2011-04-08 09:00:00,B4104,0.657,0.0,7.72,198.99,-7.7829999999999995,31838.4,35022.240000000005,8.44
2011-04-08 10:00:00,B4104,0.657,0.0,7.96,198.99,-8.083,31838.4,35022.240000000005,8.74
2011-04-08 11:00:00,B4104,0.657,0.0,8.8,198.99,-8.923,31838.4,35022.240000000005,9.58
2011-04-08 12:00:00,B4104,4.335,0.0,10.34,198.99,-6.755,31838.4,35022.240000000005,11.09
2011-04-08 13:00:00,B4104,1.183,0.0,10.42,198.99,-10.007,31838.4,35022.240000000005,11.19
2011-04-08 14:00:00,B4104,0.657,0.0,8.59,198.99,-8.793,31838.4,35022.240000000005,9.45
2011-04-08 15:00:00,B4104,0.657,0.0,6.22,198.99,-6.393,31838.4,35022.240000000005,7.05
2011-04-08 16:00:00,B4104,0.657,0.0,4.15,198.99,-4.153,31838.4,35022.240000000005,4.81
2011-04-08 17:00:00,B4104,1.183,0.0,2.49,198.99,-1.757,31838.4,35022.240000000005,2.94
2011-04-08 18:00:00,B4104,4.335,0.0,0.0,198.99,4.245,31838.4,35022.240000000005,0.09
2011-04-08 19:00:00,B4104,5.386,0.0,0.0,198.99,5.386,31838.4,35022.240000000005,0.0
2011-04-08 20:00:00,B4104,1.183,0.0,0.0,198.99,1.183,31838.4,35022.240000000005,0.0
2011-04-08 21:00:00,B4104,1.183,0.0,0.0,198.99,1.183,31838.4,35022.240000000005,0.0
2011-04-08 22:00:00,B4104,1.182,0.0,0.0,198.99,1.182,31838.4,35022.240000000005,0.0
2011-04-08 23:00:00,B4104,0.657,0.0,0.0,198.99,0.657,31838.4,35022.240000000005,0.0
2011-04-09 00:00:00,B4104,0.657,0.0,0.0,198.99,0.657,31838.4,35022.240000000005,0.0
2011-04-09 01:00:00,B4104,0.657,0.0,0.0,198.99,0.657,31838.4,35022.240000000005,0.0
2011-04-09 02:00:00,B4104,0.657,0.0,0.0,198.99,0.657,31838.4,35022.240000000005,0.0
2011-04-09 03:00:00,B4104,0.657,0.0,0.0,198.99,0.657,31838.4,35022.240000000005,0.0
2011-04-09 04:00:00,B4104,0.657,0.0,0.0,198.99,0.657,31838.4,35022.240000000005,0.0
2011-04-09 05:00:00,B4104,1.182,0.0,0.0,198.99,1.182,31838.4,35022.240000000005,0.0
2011-04-09 06:00:00,B4104,4.335,0.0,0.0,198.99,4.335,31838.4,35022.240000000005,0.0
2011-04-09 07:00:00,B4104,1.187,0.0,3.24,198.99,-2.343,31838.4,35022.240000000005,3.53
2011-04-09 08:00:00,B4104,3.062,2.4,3.45,198.99,-0.778,31838.4,35022.240000000005,3.84
2011-04-09 09:00:00,B4104,3.062,2.4,3.49,198.99,-0.7680000000000002,31838.4,35022.240000000005,3.83
2011-04-09 10:00:00,B4104,3.062,2.4,5.34,198.99,-2.828,31838.4,35022.240000000005,5.89
2011-04-09 11:00:00,B4104,3.062,2.4,5.57,198.99,-3.0880000000000005,31838.4,35022.240000000005,6.15
2011-04-09 12:00:00,B4104,6.735,2.4,4.23,198.99,2.1050000000000004,31838.4,35022.240000000005,4.63
2011-04-09 13:00:00,B4104,1.183,0.0,4.48,198.99,-3.8369999999999997,31838.4,35022.240000000005,5.02
2011-04-09 14:00:00,B4104,0.662,0.0,5.68,198.99,-5.748,31838.4,35022.240000000005,6.41
2011-04-09 15:00:00,B4104,0.662,0.0,5.57,198.99,-5.678,31838.4,35022.240000000005,6.34
2011-04-09 16:00:00,B4104,0.662,0.0,3.72,198.99,-3.6079999999999997,31838.4,35022.240000000005,4.27
2011-04-09 17:00:00,B4104,1.183,0.0,2.02,198.99,-1.1769999999999998,31838.4,35022.240000000005,2.36
2011-04-09 18:00:00,B4104,4.336,0.0,0.0,198.99,4.336,31838.4,35022.240000000005,0.0
2011-04-09 19:00:00,B4104,5.386,0.0,0.0,198.99,5.386,31838.4,35022.240000000005,0.0
2011-04-09 20:00:00,B4104,1.183,0.0,0.0,198.99,1.183,31838.4,35022.240000000005,0.0
2011-04-09 21:00:00,B4104,1.183,0.0,0.0,198.99,1.183,31838.4,35022.240000000005,0.0
2011-04-09 22:00:00,B4104,1.182,0.0,0.0,198.99,1.182,31838.4,35022.240000000005,0.0
2011-04-09 23:00:00,B4104,0.657,0.0,0.0,198.99,0.657,31838.4,35022.240000000005,0.0
2011-04-10 00:00:00,B4104,0.657,0.0,0.0,198.99,0.657,31838.4,35022.240000000005,0.0
2011-04-10 01:00:00,B4104,0.657,0.0,0.0,198.99,0.657,31838.4,35022.240000000005,0.0
2011-04-10 02:00:00,B4104,0.657,0.0,0.0,198.99,0.657,31838.4,35022.240000000005,0.0
2011-04-10 03:00:00,B4104,0.657,0.0,0.0,198.99,0.657,31838.4,35022.240000000005,0.0
2011-04-10 04:00:00,B4104,0.657,0.0,0.0,198.99,0.657,31838.4,35022.240000000005,0.0
2011-04-10 05:00:00,B4104,1.182,0.0,0.0,198.99,1.182,31838.4,35022.240000000005,0.0
2011-04-10 06:00:00,B4104,4.335,0.0,0.0,198.99,4.335,31838.4,35022.240000000005,0.0
2011-04-10 07:00:00,B4104,1.183,0.0,2.49,198.99,-1.5370000000000001,31838.4,35022.240000000005,2.72
2011-04-10 08:00:00,B4104,3.057,2.4,4.9,198.99,-2.283,31838.4,35022.240000000005,5.34
2011-04-10 09:00:00,B4104,3.058,2.4,7.28,198.99,-4.852,31838.4,35022.240000000005,7.91
2011-04-10 10:00:00,B4104,3.058,2.4,8.44,198.99,-6.112,31838.4,35022.240000000005,9.17
2011-04-10 11:00:00,B4104,3.058,2.4,9.74,198.99,-7.452,31838.4,35022.240000000005,10.51
2011-04-10 12:00:00,B4104,6.735,2.4,11.05,198.99,-5.134999999999999,31838.4,35022.240000000005,11.87
2011-04-10 13:00:00,B4104,1.183,0.0,10.01,198.99,-9.697000000000001,31838.4,35022.240000000005,10.88
2011-04-10 14:00:00,B4104,0.657,0.0,8.18,198.99,-8.403,31838.4,35022.240000000005,9.06
2011-04-10 15:00:00,B4104,0.657,0.0,6.28,198.99,-6.423,31838.4,35022.240000000005,7.08
2011-04-10 16:00:00,B4104,0.657,0.0,4.04,198.99,-3.963,31838.4,35022.240000000005,4.62
2011-04-10 17:00:00,B4104,1.183,0.0,1.89,198.99,-1.027,31838.4,35022.240000000005,2.21
2011-04-10 18:00:00,B4104,4.335,0.0,0.0,198.99,4.335,31838.4,35022.240000000005,0.0
2011-04-10 19:00:00,B4104,5.386,0.0,0.0,198.99,5.386,31838.4,35022.240000000005,0.0
2011-04-10 20:00:00,B4104,1.183,0.0,0.0,198.99,1.183,31838.4,35022.240000000005,0.0
2011-04-10 21:00:00,B4104,1.183,0.0,0.0,198.99,1.183,31838.4,35022.240000000005,0.0
2011-04-10 22:00:00,B4104,1.183,0.0,0.0,198.99,1.183,31838.4,35022.240000000005,0.0
2011-04-10 23:00:00,B4104,0.657,0.0,0.0,198.99,0.657,31838.4,35022.240000000005,0.0
2011-04-11 00:00:00,B4104,3.057,2.4,0.0,198.99,3.057,31838.4,35022.240000000005,0.0
2011-04-11 01:00:00,B4104,3.057,2.4,0.0,198.99,3.057,31838.4,35022.240000000005,0.0
2011-04-11 02:00:00,B4104,3.057,2.4,0.0,198.99,3.057,31838.4,35022.240000000005,0.0
2011-04-11 03:00:00,B4104,3.057,2.4,0.0,198.99,3.057,31838.4,35022.240000000005,0.0
2011-04-11 04:00:00,B4104,3.057,2.4,0.0,198.99,3.057,31838.4,35022.240000000005,0.0
2011-04-11 05:00:00,B4104,1.183,0.0,0.0,198.99,1.183,31838.4,35022.240000000005,0.0
2011-04-11 06:00:00,B4104,4.336,0.0,0.0,198.99,4.336,31838.4,35022.240000000005,0.0
2011-04-11 07:00:00,B4104,1.188,0.0,2.3,198.99,-1.2220000000000002,31838.4,35022.240000000005,2.41
2011-04-11 08:00:00,B4104,0.662,0.0,5.27,198.99,-5.008,31838.4,35022.240000000005,5.67
2011-04-11 09:00:00,B4104,0.662,0.0,7.64,198.99,-7.488,31838.4,35022.240000000005,8.15
2011-04-11 10:00:00,B4104,0.662,0.0,8.79,198.99,-8.728,31838.4,35022.240000000005,9.39
2011-04-11 11:00:00,B4104,0.662,0.0,11.19,198.99,-11.238,31838.4,35022.240000000005,11.9
2011-04-11 12:00:00,B4104,4.335,0.0,12.14,198.99,-8.645,31838.4,35022.240000000005,12.98
2011-04-11 13:00:00,B4104,1.187,0.0,9.53,198.99,-9.193000000000001,31838.4,35022.240000000005,10.38
2011-04-11 14:00:00,B4104,0.662,0.0,7.86,198.99,-7.9479999999999995,31838.4,35022.240000000005,8.61
2011-04-11 15:00:00,B4104,0.662,0.0,7.9,198.99,-8.048,31838.4,35022.240000000005,8.71
2011-04-11 16:00:00,B4104,0.662,0.0,5.15,198.99,-5.168,31838.4,35022.240000000005,5.83
2011-04-11 17:00:00,B4104,1.187,0.0,2.32,198.99,-1.5330000000000001,31838.4,35022.240000000005,2.72
2011-04-11 18:00:00,B4104,4.335,0.0,0.0,198.99,4.275,31838.4,35022.240000000005,0.06
2011-04-11 19:00:00,B4104,5.386,0.0,0.0,198.99,5.386,31838.4,35022.240000000005,0.0
2011-04-11 20:00:00,B4104,1.187,0.0,0.0,198.99,1.187,31838.4,35022.240000000005,0.0
2011-04-11 21:00:00,B4104,1.183,0.0,0.0,198.99,1.183,31838.4,35022.240000000005,0.0
2011-04-11 22:00:00,B4104,1.182,0.0,0.0,198.99,1.182,31838.4,35022.240000000005,0.0
2011-04-11 23:00:00,B4104,0.657,0.0,0.0,198.99,0.657,31838.4,35022.240000000005,0.0
2011-04-12 00:00:00,B4104,3.057,2.4,0.0,198.99,3.057,31838.4,35022.240000000005,0.0
2011-04-12 01:00:00,B4104,3.057,2.4,0.0,198.99,3.057,31838.4,35022.240000000005,0.0
2011-04-12 02:00:00,B4104,3.057,2.4,0.0,198.99,3.057,31838.4,35022.240000000005,0.0
2011-04-12 03:00:00,B4104,3.057,2.4,0.0,198.99,3.057,31838.4,35022.240000000005,0.0
2011-04-12 04:00:00,B4104,3.057,2.4,0.0,198.99,3.057,31838.4,35022.240000000005,0.0
2011-04-12 05:00:00,B4104,1.183,0.0,0.0,198.99,1.183,31838.4,35022.240000000005,0.0
2011-04-12 06:00:00,B4104,4.34,0.0,0.0,198.99,4.34,31838.4,35022.240000000005,0.0
2011-04-12 07:00:00,B4104,1.188,0.0,4.21,198.99,-3.442,31838.4,35022.240000000005,4.63
2011-04-12 08:00:00,B4104,0.662,0.0,6.53,198.99,-6.218,31838.4,35022.240000000005,6.88
2011-04-12 09:00:00,B4104,0.662,0.0,8.76,198.99,-8.558,31838.4,35022.240000000005,9.22
2011-04-12 10:00:00,B4104,0.662,0.0,10.0,198.99,-9.877999999999998,31838.4,35022.240000000005,10.54
2011-04-12 11:00:00,B4104,0.662,0.0,11.01,198.99,-10.927999999999999,31838.4,35022.240000000005,11.59
2011-04-12 12:00:00,B4104,4.34,0.0,11.64,198.99,-7.92,31838.4,35022.240000000005,12.26
2011-04-12 13:00:00,B4104,1.187,0.0,11.13,198.99,-10.603,31838.4,35022.240000000005,11.79
2011-04-12 14:00:00,B4104,0.662,0.0,9.67,198.99,-9.697999999999999,31838.4,35022.240000000005,10.36
2011-04-12 15:00:00,B4104,0.662,0.0,8.51,198.99,-8.588,31838.4,35022.240000000005,9.25
2011-04-12 16:00:00,B4104,0.662,0.0,6.54,198.99,-6.5680000000000005,31838.4,35022.240000000005,7.23
2011-04-12 17:00:00,B4104,1.187,0.0,3.59,198.99,-2.9429999999999996,31838.4,35022.240000000005,4.13
2011-04-12 18:00:00,B4104,4.34,0.0,0.0,198.99,4.21,31838.4,35022.240000000005,0.13
2011-04-12 19:00:00,B4104,5.391,0.0,0.0,198.99,5.391,31838.4,35022.240000000005,0.0
2011-04-12 20:00:00,B4104,1.187,0.0,0.0,198.99,1.187,31838.4,35022.240000000005,0.0
2011-04-12 21:00:00,B4104,1.183,0.0,0.0,198.99,1.183,31838.4,35022.240000000005,0.0
2011-04-12 22:00:00,B4104,1.182,0.0,0.0,198.99,1.182,31838.4,35022.240000000005,0.0
2011-04-12 23:00:00,B4104,0.657,0.0,0.0,198.99,0.657,31838.4,35022.240000000005,0.0
2011-04-13 00:00:00,B4104,3.057,2.4,0.0,198.99,3.057,31838.4,35022.240000000005,0.0
2011-04-13 01:00:00,B4104,3.057,2.4,0.0,198.99,3.057,31838.4,35022.240000000005,0.0
2011-04-13 02:00:00,B4104,3.057,2.4,0.0,198.99,3.057,31838.4,35022.240000000005,0.0
2011-04-13 03:00:00,B4104,3.057,2.4,0.0,198.99,3.057,31838.4,35022.240000000005,0.0
2011-04-13 04:00:00,B4104,3.057,2.4,0.0,198.99,3.057,31838.4,35022.240000000005,0.0
2011-04-13 05:00:00,B4104,1.183,0.0,0.0,198.99,1.183,31838.4,35022.240000000005,0.0
2011-04-13 06:00:00,B4104,4.34,0.0,0.0,198.99,4.34,31838.4,35022.240000000005,0.0
2011-04-13 07:00:00,B4104,1.188,0.0,4.85,198.99,-4.152,31838.4,35022.240000000005,5.34
2011-04-13 08:00:00,B4104,0.662,0.0,7.52,198.99,-7.238,31838.4,35022.240000000005,7.9
2011-04-13 09:00:00,B4104,0.662,0.0,9.24,198.99,-9.088,31838.4,35022.240000000005,9.75
2011-04-13 10:00:00,B4104,0.662,0.0,11.01,198.99,-11.027999999999999,31838.4,35022.240000000005,11.69
2011-04-13 11:00:00,B4104,0.662,0.0,12.62,198.99,-12.738,31838.4,35022.240000000005,13.4
2011-04-13 12:00:00,B4104,4.34,0.0,13.05,198.99,-9.46,31838.4,35022.240000000005,13.8
2011-04-13 13:00:00,B4104,1.187,0.0,12.77,198.99,-12.383000000000001,31838.4,35022.240000000005,13.57
2011-04-13 14:00:00,B4104,0.662,0.0,11.15,198.99,-11.367999999999999,31838.4,35022.240000000005,12.03
2011-04-13 15:00:00,B4104,0.662,0.0,8.78,198.99,-9.008,31838.4,35022.240000000005,9.67
2011-04-13 16:00:00,B4104,0.662,0.0,6.12,198.99,-6.218,31838.4,35022.240000000005,6.88
2011-04-13 17:00:00,B4104,1.187,0.0,3.17,198.99,-2.4829999999999997,31838.4,35022.240000000005,3.67
2011-04-13 18:00:00,B4104,4.34,0.0,0.0,198.99,4.2299999999999995,31838.4,35022.240000000005,0.11
2011-04-13 19:00:00,B4104,5.391,0.0,0.0,198.99,5.391,31838.4,35022.240000000005,0.0
2011-04-13 20:00:00,B4104,1.187,0.0,0.0,198.99,1.187,31838.4,35022.240000000005,0.0
2011-04-13 21:00:00,B4104,1.183,0.0,0.0,198.99,1.183,31838.4,35022.240000000005,0.0
2011-04-13 22:00:00,B4104,1.182,0.0,0.0,198.99,1.182,31838.4,35022.240000000005,0.0
2011-04-13 23:00:00,B4104,0.657,0.0,0.0,198.99,0.657,31838.4,35022.240000000005,0.0
2011-04-14 00:00:00,B4104,3.057,2.4,0.0,198.99,3.057,31838.4,35022.240000000005,0.0
2011-04-14 01:00:00,B4104,3.057,2.4,0.0,198.99,3.057,31838.4,35022.240000000005,0.0
2011-04-14 02:00:00,B4104,3.057,2.4,0.0,198.99,3.057,31838.4,35022.240000000005,0.0
2011-04-14 03:00:00,B4104,3.057,2.4,0.0,198.99,3.057,31838.4,35022.240000000005,0.0
2011-04-14 04:00:00,B4104,3.057,2.4,0.0,198.99,3.057,31838.4,35022.240000000005,0.0
2011-04-14 05:00:00,B4104,1.183,0.0,0.0,198.99,1.183,31838.4,35022.240000000005,0.0
2011-04-14 06:00:00,B4104,4.34,0.0,0.0,198.99,4.34,31838.4,35022.240000000005,0.0
2011-04-14 07:00:00,B4104,1.188,0.0,4.95,198.99,-4.252000000000001,31838.4,35022.240000000005,5.44
2011-04-14 08:00:00,B4104,0.662,0.0,7.32,198.99,-7.008,31838.4,35022.240000000005,7.67
2011-04-14 09:00:00,B4104,0.662,0.0,9.33,198.99,-9.097999999999999,31838.4,35022.240000000005,9.76
2011-04-14 10:00:00,B4104,0.662,0.0,10.97,198.99,-10.838,31838.4,35022.240000000005,11.5
2011-04-14 11:00:00,B4104,0.662,0.0,11.95,198.99,-11.898,31838.4,35022.240000000005,12.56
2011-04-14 12:00:00,B4104,4.335,0.0,12.1,198.99,-8.385000000000002,31838.4,35022.240000000005,12.72
2011-04-14 13:00:00,B4104,1.187,0.0,11.43,198.99,-10.963000000000001,31838.4,35022.240000000005,12.15
2011-04-14 14:00:00,B4104,0.662,0.0,10.42,198.99,-10.578,31838.4,35022.240000000005,11.24
2011-04-14 15:00:00,B4104,0.662,0.0,8.87,198.99,-8.957999999999998,31838.4,35022.240000000005,9.62
2011-04-14 16:00:00,B4104,0.662,0.0,6.58,198.99,-6.608,31838.4,35022.240000000005,7.27
2011-04-14 17:00:00,B4104,1.187,0.0,3.74,198.99,-3.093,31838.4,35022.240000000005,4.28
2011-04-14 18:00:00,B4104,4.34,0.0,0.0,198.99,4.21,31838.4,35022.240000000005,0.13
2011-04-14 19:00:00,B4104,5.391,0.0,0.0,198.99,5.391,31838.4,35022.240000000005,0.0
2011-04-14 20:00:00,B4104,1.187,0.0,0.0,198.99,1.187,31838.4,35022.240000000005,0.0
2011-04-14 21:00:00,B4104,1.183,0.0,0.0,198.99,1.183,31838.4,35022.240000000005,0.0
2011-04-14 22:00:00,B4104,1.182,0.0,0.0,198.99,1.182,31838.4,35022.240000000005,0.0
2011-04-14 23:00:00,B4104,0.657,0.0,0.0,198.99,0.657,31838.4,35022.240000000005,0.0
2011-04-15 00:00:00,B4104,3.057,2.4,0.0,198.99,3.057,31838.4,35022.240000000005,0.0
2011-04-15 01:00:00,B4104,3.057,2.4,0.0,198.99,3.057,31838.4,35022.240000000005,0.0
2011-04-15 02:00:00,B4104,3.057,2.4,0.0,198.99,3.057,31838.4,35022.240000000005,0.0
2011-04-15 03:00:00,B4104,3.057,2.4,0.0,198.99,3.057,31838.4,35022.240000000005,0.0
2011-04-15 04:00:00,B4104,3.057,2.4,0.0,198.99,3.057,31838.4,35022.240000000005,0.0
2011-04-15 05:00:00,B4104,1.183,0.0,0.0,198.99,1.183,31838.4,35022.240000000005,0.0
2011-04-15 06:00:00,B4104,4.34,0.0,0.0,198.99,4.34,31838.4,35022.240000000005,0.0
2011-04-15 07:00:00,B4104,1.188,0.0,5.85,198.99,-5.252000000000001,31838.4,35022.240000000005,6.44
2011-04-15 08:00:00,B4104,0.662,0.0,8.62,198.99,-8.287999999999998,31838.4,35022.240000000005,8.95
2011-04-15 09:00:00,B4104,0.662,0.0,10.77,198.99,-10.508,31838.4,35022.240000000005,11.17
2011-04-15 10:00:00,B4104,0.662,0.0,12.28,198.99,-12.078,31838.4,35022.240000000005,12.74
2011-04-15 11:00:00,B4104,0.662,0.0,13.19,198.99,-13.027999999999999,31838.4,35022.240000000005,13.69
2011-04-15 12:00:00,B4104,4.335,0.0,13.43,198.99,-9.625,31838.4,35022.240000000005,13.96
2011-04-15 13:00:00,B4104,1.187,0.0,12.97,198.99,-12.363000000000001,31838.4,35022.240000000005,13.55
2011-04-15 14:00:00,B4104,0.662,0.0,11.93,198.99,-11.918,31838.4,35022.240000000005,12.58
2011-04-15 15:00:00,B4104,0.662,0.0,10.17,198.99,-10.207999999999998,31838.4,35022.240000000005,10.87
2011-04-15 16:00:00,B4104,0.662,0.0,7.65,198.99,-7.658,31838.4,35022.240000000005,8.32
2011-04-15 17:00:00,B4104,1.187,0.0,4.51,198.99,-3.893,31838.4,35022.240000000005,5.08
2011-04-15 18:00:00,B4104,4.335,0.0,0.0,198.99,4.185,31838.4,35022.240000000005,0.15
2011-04-15 19:00:00,B4104,5.386,0.0,0.0,198.99,5.386,31838.4,35022.240000000005,0.0
2011-04-15 20:00:00,B4104,1.187,0.0,0.0,198.99,1.187,31838.4,35022.240000000005,0.0
2011-04-15 21:00:00,B4104,1.183,0.0,0.0,198.99,1.183,31838.4,35022.240000000005,0.0
2011-04-15 22:00:00,B4104,1.182,0.0,0.0,198.99,1.182,31838.4,35022.240000000005,0.0
2011-04-15 23:00:00,B4104,0.657,0.0,0.0,198.99,0.657,31838.4,35022.240000000005,0.0
2011-04-16 00:00:00,B4104,0.657,0.0,0.0,198.99,0.657,31838.4,35022.240000000005,0.0
2011-04-16 01:00:00,B4104,0.657,0.0,0.0,198.99,0.657,31838.4,35022.240000000005,0.0
2011-04-16 02:00:00,B4104,0.657,0.0,0.0,198.99,0.657,31838.4,35022.240000000005,0.0
2011-04-16 03:00:00,B4104,0.657,0.0,0.0,198.99,0.657,31838.4,35022.240000000005,0.0
2011-04-16 04:00:00,B4104,0.657,0.0,0.0,198.99,0.657,31838.4,35022.240000000005,0.0
2011-04-16 05:00:00,B4104,1.182,0.0,0.0,198.99,1.182,31838.4,35022.240000000005,0.0
2011-04-16 06:00:00,B4104,4.339,0.0,0.0,198.99,4.339,31838.4,35022.240000000005,0.0
2011-04-16 07:00:00,B4104,1.187,0.0,5.09,198.99,-4.423,31838.4,35022.240000000005,5.61
2011-04-16 08:00:00,B4104,3.062,2.4,7.99,198.99,-5.598000000000001,31838.4,35022.240000000005,8.66
2011-04-16 09:00:00,B4104,3.062,2.4,10.48,198.99,-8.238000000000001,31838.4,35022.240000000005,11.3
2011-04-16 10:00:00,B4104,3.062,2.4,11.91,198.99,-9.768,31838.4,35022.240000000005,12.83
2011-04-16 11:00:00,B4104,3.062,2.4,12.73,198.99,-10.668000000000001,31838.4,35022.240000000005,13.73
2011-04-16 12:00:00,B4104,6.735,2.4,13.13,198.99,-7.425,31838.4,35022.240000000005,14.16
2011-04-16 13:00:00,B4104,1.187,0.0,12.57,198.99,-12.433,31838.4,35022.240000000005,13.62
2011-04-16 14:00:00,B4104,0.662,0.0,11.3,198.99,-11.687999999999999,31838.4,35022.240000000005,12.35
2011-04-16 15:00:00,B4104,0.662,0.0,9.12,198.99,-9.468,31838.4,35022.240000000005,10.13
2011-04-16 16:00:00,B4104,0.662,0.0,6.07,198.99,-6.228,31838.4,35022.240000000005,6.89
2011-04-16 17:00:00,B4104,1.187,0.0,3.12,198.99,-2.433,31838.4,35022.240000000005,3.62
2011-04-16 18:00:00,B4104,4.336,0.0,0.0,198.99,4.246,31838.4,35022.240000000005,0.09
2011-04-16 19:00:00,B4104,5.386,0.0,0.0,198.99,5.386,31838.4,35022.240000000005,0.0
2011-04-16 20:00:00,B4104,1.187,0.0,0.0,198.99,1.187,31838.4,35022.240000000005,0.0
2011-04-16 21:00:00,B4104,1.183,0.0,0.0,198.99,1.183,31838.4,35022.240000000005,0.0
2011-04-16 22:00:00,B4104,1.182,0.0,0.0,198.99,1.182,31838.4,35022.240000000005,0.0
2011-04-16 23:00:00,B4104,0.657,0.0,0.0,198.99,0.657,31838.4,35022.240000000005,0.0
2011-04-17 00:00:00,B4104,0.657,0.0,0.0,198.99,0.657,31838.4,35022.240000000005,0.0
2011-04-17 01:00:00,B4104,0.657,0.0,0.0,198.99,0.657,31838.4,35022.240000000005,0.0
2011-04-17 02:00:00,B4104,0.657,0.0,0.0,198.99,0.657,31838.4,35022.240000000005,0.0
2011-04-17 03:00:00,B4104,0.657,0.0,0.0,198.99,0.657,31838.4,35022.240000000005,0.0
2011-04-17 04:00:00,B4104,0.657,0.0,0.0,198.99,0.657,31838.4,35022.240000000005,0.0
2011-04-17 05:00:00,B4104,1.182,0.0,0.0,198.99,1.182,31838.4,35022.240000000005,0.0
2011-04-17 06:00:00,B4104,4.339,0.0,0.0,198.99,4.339,31838.4,35022.240000000005,0.0
2011-04-17 07:00:00,B4104,1.187,0.0,6.14,198.99,-5.503,31838.4,35022.240000000005,6.69
2011-04-17 08:00:00,B4104,3.062,2.4,8.82,198.99,-6.088000000000001,31838.4,35022.240000000005,9.15
2011-04-17 09:00:00,B4104,3.062,2.4,10.84,198.99,-8.188,31838.4,35022.240000000005,11.25
2011-04-17 10:00:00,B4104,3.062,2.4,12.16,198.99,-9.618,31838.4,35022.240000000005,12.68
2011-04-17 11:00:00,B4104,3.062,2.4,13.04,198.99,-10.578000000000001,31838.4,35022.240000000005,13.64
2011-04-17 12:00:00,B4104,6.735,2.4,13.31,198.99,-7.204999999999999,31838.4,35022.240000000005,13.94
2011-04-17 13:00:00,B4104,1.187,0.0,12.19,198.99,-11.873000000000001,31838.4,35022.240000000005,13.06
2011-04-17 14:00:00,B4104,0.662,0.0,9.99,198.99,-10.377999999999998,31838.4,35022.240000000005,11.04
2011-04-17 15:00:00,B4104,0.662,0.0,6.81,198.99,-7.008,31838.4,35022.240000000005,7.67
2011-04-17 16:00:00,B4104,0.662,0.0,3.84,198.99,-3.768,31838.4,35022.240000000005,4.43
2011-04-17 17:00:00,B4104,1.187,0.0,1.56,198.99,-0.373,31838.4,35022.240000000005,1.56
2011-04-17 18:00:00,B4104,4.335,0.0,0.0,198.99,4.335,31838.4,35022.240000000005,0.0
2011-04-17 19:00:00,B4104,5.386,0.0,0.0,198.99,5.386,31838.4,35022.240000000005,0.0
2011-04-17 20:00:00,B4104,1.187,0.0,0.0,198.99,1.187,31838.4,35022.240000000005,0.0
2011-04-17 21:00:00,B4104,1.183,0.0,0.0,198.99,1.183,31838.4,35022.240000000005,0.0
2011-04-17 22:00:00,B4104,1.183,0.0,0.0,198.99,1.183,31838.4,35022.240000000005,0.0
2011-04-17 23:00:00,B4104,0.657,0.0,0.0,198.99,0.657,31838.4,35022.240000000005,0.0
2011-04-18 00:00:00,B4104,3.057,2.4,0.0,198.99,3.057,31838.4,35022.240000000005,0.0
2011-04-18 01:00:00,B4104,3.057,2.4,0.0,198.99,3.057,31838.4,35022.240000000005,0.0
2011-04-18 02:00:00,B4104,3.057,2.4,0.0,198.99,3.057,31838.4,35022.240000000005,0.0
2011-04-18 03:00:00,B4104,3.057,2.4,0.0,198.99,3.057,31838.4,35022.240000000005,0.0
2011-04-18 04:00:00,B4104,3.057,2.4,0.0,198.99,3.057,31838.4,35022.240000000005,0.0
2011-04-18 05:00:00,B4104,1.183,0.0,0.0,198.99,1.183,31838.4,35022.240000000005,0.0
2011-04-18 06:00:00,B4104,4.34,0.0,0.0,198.99,4.34,31838.4,35022.240000000005,0.0
2011-04-18 07:00:00,B4104,1.188,0.0,4.07,198.99,-3.3120000000000003,31838.4,35022.240000000005,4.5
2011-04-18 08:00:00,B4104,0.662,0.0,5.52,198.99,-5.3180000000000005,31838.4,35022.240000000005,5.98
2011-04-18 09:00:00,B4104,0.662,0.0,5.53,198.99,-5.408,31838.4,35022.240000000005,6.07
2011-04-18 10:00:00,B4104,0.662,0.0,7.74,198.99,-7.798000000000001,31838.4,35022.240000000005,8.46
2011-04-18 11:00:00,B4104,0.662,0.0,9.33,198.99,-9.468,31838.4,35022.240000000005,10.13
2011-04-18 12:00:00,B4104,4.335,0.0,7.51,198.99,-3.835,31838.4,35022.240000000005,8.17
2011-04-18 13:00:00,B4104,1.187,0.0,6.25,198.99,-5.713,31838.4,35022.240000000005,6.9
2011-04-18 14:00:00,B4104,0.662,0.0,5.66,198.99,-5.688,31838.4,35022.240000000005,6.35
2011-04-18 15:00:00,B4104,0.662,0.0,4.34,198.99,-4.268,31838.4,35022.240000000005,4.93
2011-04-18 16:00:00,B4104,0.662,0.0,2.49,198.99,-2.188,31838.4,35022.240000000005,2.85
2011-04-18 17:00:00,B4104,1.187,0.0,0.0,198.99,1.187,31838.4,35022.240000000005,0.0
2011-04-18 18:00:00,B4104,4.34,0.0,0.0,198.99,4.34,31838.4,35022.240000000005,0.0
2011-04-18 19:00:00,B4104,5.386,0.0,0.0,198.99,5.386,31838.4,35022.240000000005,0.0
2011-04-18 20:00:00,B4104,1.187,0.0,0.0,198.99,1.187,31838.4,35022.240000000005,0.0
2011-04-18 21:00:00,B4104,1.183,0.0,0.0,198.99,1.183,31838.4,35022.240000000005,0.0
2011-04-18 22:00:00,B4104,1.182,0.0,0.0,198.99,1.182,31838.4,35022.240000000005,0.0
2011-04-18 23:00:00,B4104,0.657,0.0,0.0,198.99,0.657,31838.4,35022.240000000005,0.0
2011-04-19 00:00:00,B4104,3.057,2.4,0.0,198.99,3.057,31838.4,35022.240000000005,0.0
2011-04-19 01:00:00,B4104,3.057,2.4,0.0,198.99,3.057,31838.4,35022.240000000005,0.0
2011-04-19 02:00:00,B4104,3.057,2.4,0.0,198.99,3.057,31838.4,35022.240000000005,0.0
2011-04-19 03:00:00,B4104,3.057,2.4,0.0,198.99,3.057,31838.4,35022.240000000005,0.0
2011-04-19 04:00:00,B4104,3.057,2.4,0.0,198.99,3.057,31838.4,35022.240000000005,0.0
2011-04-19 05:00:00,B4104,1.183,0.0,0.0,198.99,1.183,31838.4,35022.240000000005,0.0
2011-04-19 06:00:00,B4104,4.34,0.0,0.0,198.99,4.34,31838.4,35022.240000000005,0.0
2011-04-19 07:00:00,B4104,1.188,0.0,5.59,198.99,-4.972,31838.4,35022.240000000005,6.16
2011-04-19 08:00:00,B4104,0.662,0.0,8.83,198.99,-8.578,31838.4,35022.240000000005,9.24
2011-04-19 09:00:00,B4104,0.662,0.0,11.15,198.99,-11.017999999999999,31838.4,35022.240000000005,11.68
2011-04-19 10:00:00,B4104,0.662,0.0,12.19,198.99,-12.218,31838.4,35022.240000000005,12.88
2011-04-19 11:00:00,B4104,0.662,0.0,12.74,198.99,-12.828,31838.4,35022.240000000005,13.49
2011-04-19 12:00:00,B4104,4.335,0.0,13.47,198.99,-9.895,31838.4,35022.240000000005,14.23
2011-04-19 13:00:00,B4104,1.187,0.0,12.68,198.99,-12.303,31838.4,35022.240000000005,13.49
2011-04-19 14:00:00,B4104,0.662,0.0,10.99,198.99,-11.168,31838.4,35022.240000000005,11.83
2011-04-19 15:00:00,B4104,0.662,0.0,9.39,198.99,-9.508,31838.4,35022.240000000005,10.17
2011-04-19 16:00:00,B4104,0.662,0.0,7.14,198.99,-7.178,31838.4,35022.240000000005,7.84
2011-04-19 17:00:00,B4104,1.187,0.0,3.6,198.99,-2.8729999999999993,31838.4,35022.240000000005,4.06
2011-04-19 18:00:00,B4104,4.34,0.0,0.0,198.99,4.26,31838.4,35022.240000000005,0.08
2011-04-19 19:00:00,B4104,5.386,0.0,0.0,198.99,5.386,31838.4,35022.240000000005,0.0
2011-04-19 20:00:00,B4104,1.187,0.0,0.0,198.99,1.187,31838.4,35022.240000000005,0.0
2011-04-19 21:00:00,B4104,1.183,0.0,0.0,198.99,1.183,31838.4,35022.240000000005,0.0
2011-04-19 22:00:00,B4104,1.182,0.0,0.0,198.99,1.182,31838.4,35022.240000000005,0.0
2011-04-19 23:00:00,B4104,0.657,0.0,0.0,198.99,0.657,31838.4,35022.240000000005,0.0
2011-04-20 00:00:00,B4104,3.057,2.4,0.0,198.99,3.057,31838.4,35022.240000000005,0.0
2011-04-20 01:00:00,B4104,3.057,2.4,0.0,198.99,3.057,31838.4,35022.240000000005,0.0
2011-04-20 02:00:00,B4104,3.057,2.4,0.0,198.99,3.057,31838.4,35022.240000000005,0.0
2011-04-20 03:00:00,B4104,3.057,2.4,0.0,198.99,3.057,31838.4,35022.240000000005,0.0
2011-04-20 04:00:00,B4104,3.057,2.4,0.0,198.99,3.057,31838.4,35022.240000000005,0.0
2011-04-20 05:00:00,B4104,1.183,0.0,0.0,198.99,1.183,31838.4,35022.240000000005,0.0
2011-04-20 06:00:00,B4104,4.34,0.0,0.0,198.99,4.34,31838.4,35022.240000000005,0.0
2011-04-20 07:00:00,B4104,1.188,0.0,4.84,198.99,-4.162,31838.4,35022.240000000005,5.35
2011-04-20 08:00:00,B4104,0.662,0.0,6.59,198.99,-6.328,31838.4,35022.240000000005,6.99
2011-04-20 09:00:00,B4104,0.662,0.0,8.97,198.99,-8.738,31838.4,35022.240000000005,9.4
2011-04-20 10:00:00,B4104,0.662,0.0,11.46,198.99,-11.328,31838.4,35022.240000000005,11.99
2011-04-20 11:00:00,B4104,0.662,0.0,12.56,198.99,-12.548,31838.4,35022.240000000005,13.21
2011-04-20 12:00:00,B4104,4.335,0.0,12.69,198.99,-9.105,31838.4,35022.240000000005,13.44
2011-04-20 13:00:00,B4104,1.187,0.0,12.15,198.99,-11.823,31838.4,35022.240000000005,13.01
2011-04-20 14:00:00,B4104,0.662,0.0,11.12,198.99,-11.347999999999999,31838.4,35022.240000000005,12.01
2011-04-20 15:00:00,B4104,0.662,0.0,9.14,198.99,-9.318,31838.4,35022.240000000005,9.98
2011-04-20 16:00:00,B4104,0.662,0.0,6.67,198.99,-6.758,31838.4,35022.240000000005,7.42
2011-04-20 17:00:00,B4104,1.187,0.0,3.65,198.99,-2.973,31838.4,35022.240000000005,4.16
2011-04-20 18:00:00,B4104,4.34,0.0,0.0,198.99,4.22,31838.4,35022.240000000005,0.12
2011-04-20 19:00:00,B4104,5.391,0.0,0.0,198.99,5.391,31838.4,35022.240000000005,0.0
2011-04-20 20:00:00,B4104,1.187,0.0,0.0,198.99,1.187,31838.4,35022.240000000005,0.0
2011-04-20 21:00:00,B4104,1.183,0.0,0.0,198.99,1.183,31838.4,35022.240000000005,0.0
2011-04-20 22:00:00,B4104,1.182,0.0,0.0,198.99,1.182,31838.4,35022.240000000005,0.0
2011-04-20 23:00:00,B4104,0.657,0.0,0.0,198.99,0.657,31838.4,35022.240000000005,0.0
2011-04-21 00:00:00,B4104,3.057,2.4,0.0,198.99,3.057,31838.4,35022.240000000005,0.0
2011-04-21 01:00:00,B4104,3.057,2.4,0.0,198.99,3.057,31838.4,35022.240000000005,0.0
2011-04-21 02:00:00,B4104,3.057,2.4,0.0,198.99,3.057,31838.4,35022.240000000005,0.0
2011-04-21 03:00:00,B4104,3.057,2.4,0.0,198.99,3.057,31838.4,35022.240000000005,0.0
2011-04-21 04:00:00,B4104,3.057,2.4,0.0,198.99,3.057,31838.4,35022.240000000005,0.0
2011-04-21 05:00:00,B4104,1.183,0.0,0.0,198.99,1.183,31838.4,35022.240000000005,0.0
2011-04-21 06:00:00,B4104,4.34,0.0,0.0,198.99,4.34,31838.4,35022.240000000005,0.0
2011-04-21 07:00:00,B4104,1.188,0.0,5.08,198.99,-4.422000000000001,31838.4,35022.240000000005,5.61
2011-04-21 08:00:00,B4104,0.662,0.0,7.65,198.99,-7.488,31838.4,35022.240000000005,8.15
2011-04-21 09:00:00,B4104,0.662,0.0,10.27,198.99,-10.197999999999999,31838.4,35022.240000000005,10.86
2011-04-21 10:00:00,B4104,0.662,0.0,12.0,198.99,-11.988,31838.4,35022.240000000005,12.65
2011-04-21 11:00:00,B4104,0.662,0.0,12.61,198.99,-12.648,31838.4,35022.240000000005,13.31
2011-04-21 12:00:00,B4104,4.34,0.0,13.07,198.99,-9.48,31838.4,35022.240000000005,13.82
2011-04-21 13:00:00,B4104,1.187,0.0,12.04,198.99,-11.583,31838.4,35022.240000000005,12.77
2011-04-21 14:00:00,B4104,0.662,0.0,10.46,198.99,-10.498,31838.4,35022.240000000005,11.16
2011-04-21 15:00:00,B4104,0.662,0.0,8.63,198.99,-8.668,31838.4,35022.240000000005,9.33
2011-04-21 16:00:00,B4104,0.662,0.0,6.49,198.99,-6.458,31838.4,35022.240000000005,7.12
2011-04-21 17:00:00,B4104,1.187,0.0,4.16,198.99,-3.4829999999999997,31838.4,35022.240000000005,4.67
2011-04-21 18:00:00,B4104,4.34,0.0,0.0,198.99,4.2,31838.4,35022.240000000005,0.14
2011-04-21 19:00:00,B4104,5.386,0.0,0.0,198.99,5.386,31838.4,35022.240000000005,0.0
2011-04-21 20:00:00,B4104,1.187,0.0,0.0,198.99,1.187,31838.4,35022.240000000005,0.0
2011-04-21 21:00:00,B4104,1.183,0.0,0.0,198.99,1.183,31838.4,35022.240000000005,0.0
2011-04-21 22:00:00,B4104,1.182,0.0,0.0,198.99,1.182,31838.4,35022.240000000005,0.0
2011-04-21 23:00:00,B4104,0.657,0.0,0.0,198.99,0.657,31838.4,35022.240000000005,0.0
2011-04-22 00:00:00,B4104,3.057,2.4,0.0,198.99,3.057,31838.4,35022.240000000005,0.0
2011-04-22 01:00:00,B4104,3.057,2.4,0.0,198.99,3.057,31838.4,35022.240000000005,0.0
2011-04-22 02:00:00,B4104,3.057,2.4,0.0,198.99,3.057,31838.4,35022.240000000005,0.0
2011-04-22 03:00:00,B4104,3.057,2.4,0.0,198.99,3.057,31838.4,35022.240000000005,0.0
2011-04-22 04:00:00,B4104,3.057,2.4,0.0,198.99,3.057,31838.4,35022.240000000005,0.0
2011-04-22 05:00:00,B4104,1.183,0.0,0.0,198.99,1.183,31838.4,35022.240000000005,0.0
2011-04-22 06:00:00,B4104,4.34,0.0,0.0,198.99,4.34,31838.4,35022.240000000005,0.0
2011-04-22 07:00:00,B4104,1.188,0.0,6.23,198.99,-5.622,31838.4,35022.240000000005,6.81
2011-04-22 08:00:00,B4104,0.662,0.0,8.34,198.99,-8.008,31838.4,35022.240000000005,8.67
2011-04-22 09:00:00,B4104,0.662,0.0,9.73,198.99,-9.508,31838.4,35022.240000000005,10.17
2011-04-22 10:00:00,B4104,0.662,0.0,11.26,198.99,-11.168,31838.4,35022.240000000005,11.83
2011-04-22 11:00:00,B4104,0.662,0.0,12.04,198.99,-12.008,31838.4,35022.240000000005,12.67
2011-04-22 12:00:00,B4104,4.335,0.0,12.49,198.99,-8.774999999999999,31838.4,35022.240000000005,13.11
2011-04-22 13:00:00,B4104,1.187,0.0,12.58,198.99,-12.033000000000001,31838.4,35022.240000000005,13.22
2011-04-22 14:00:00,B4104,0.662,0.0,12.4,198.99,-12.468,31838.4,35022.240000000005,13.13
2011-04-22 15:00:00,B4104,0.662,0.0,10.73,198.99,-10.847999999999999,31838.4,35022.240000000005,11.51
2011-04-22 16:00:00,B4104,0.662,0.0,8.25,198.99,-8.338,31838.4,35022.240000000005,9.0
2011-04-22 17:00:00,B4104,1.187,0.0,4.87,198.99,-4.263,31838.4,35022.240000000005,5.45
2011-04-22 18:00:00,B4104,4.34,0.0,0.0,198.99,4.1899999999999995,31838.4,35022.240000000005,0.15
2011-04-22 19:00:00,B4104,5.386,0.0,0.0,198.99,5.386,31838.4,35022.240000000005,0.0
2011-04-22 20:00:00,B4104,1.187,0.0,0.0,198.99,1.187,31838.4,35022.240000000005,0.0
2011-04-22 21:00:00,B4104,1.183,0.0,0.0,198.99,1.183,31838.4,35022.240000000005,0.0
2011-04-22 22:00:00,B4104,1.182,0.0,0.0,198.99,1.182,31838.4,35022.240000000005,0.0
2011-04-22 23:00:00,B4104,0.657,0.0,0.0,198.99,0.657,31838.4,35022.240000000005,0.0
2011-04-23 00:00:00,B4104,0.657,0.0,0.0,198.99,0.657,31838.4,35022.240000000005,0.0
2011-04-23 01:00:00,B4104,0.657,0.0,0.0,198.99,0.657,31838.4,35022.240000000005,0.0
2011-04-23 02:00:00,B4104,0.657,0.0,0.0,198.99,0.657,31838.4,35022.240000000005,0.0
2011-04-23 03:00:00,B4104,0.657,0.0,0.0,198.99,0.657,31838.4,35022.240000000005,0.0
2011-04-23 04:00:00,B4104,0.657,0.0,0.0,198.99,0.657,31838.4,35022.240000000005,0.0
2011-04-23 05:00:00,B4104,1.182,0.0,0.0,198.99,1.182,31838.4,35022.240000000005,0.0
2011-04-23 06:00:00,B4104,4.339,0.0,1.12,198.99,3.1790000000000003,31838.4,35022.240000000005,1.16
2011-04-23 07:00:00,B4104,1.187,0.0,6.76,198.99,-6.253,31838.4,35022.240000000005,7.44
2011-04-23 08:00:00,B4104,3.062,2.4,9.58,198.99,-6.878,31838.4,35022.240000000005,9.94
2011-04-23 09:00:00,B4104,3.062,2.4,11.02,198.99,-8.458,31838.4,35022.240000000005,11.52
2011-04-23 10:00:00,B4104,3.062,2.4,11.83,198.99,-9.458,31838.4,35022.240000000005,12.52
2011-04-23 11:00:00,B4104,3.062,2.4,13.16,198.99,-10.848,31838.4,35022.240000000005,13.91
2011-04-23 12:00:00,B4104,6.735,2.4,12.24,198.99,-6.214999999999999,31838.4,35022.240000000005,12.95
2011-04-23 13:00:00,B4104,1.187,0.0,10.34,198.99,-9.913,31838.4,35022.240000000005,11.1
2011-04-23 14:00:00,B4104,0.662,0.0,10.09,198.99,-10.177999999999999,31838.4,35022.240000000005,10.84
2011-04-23 15:00:00,B4104,0.662,0.0,9.12,198.99,-9.207999999999998,31838.4,35022.240000000005,9.87
2011-04-23 16:00:00,B4104,0.662,0.0,6.89,198.99,-6.928,31838.4,35022.240000000005,7.59
2011-04-23 17:00:00,B4104,1.187,0.0,4.16,198.99,-3.513,31838.4,35022.240000000005,4.7
2011-04-23 18:00:00,B4104,4.336,0.0,0.0,198.99,4.196000000000001,31838.4,35022.240000000005,0.14
2011-04-23 19:00:00,B4104,5.386,0.0,0.0,198.99,5.386,31838.4,35022.240000000005,0.0
2011-04-23 20:00:00,B4104,1.187,0.0,0.0,198.99,1.187,31838.4,35022.240000000005,0.0
2011-04-23 21:00:00,B4104,1.183,0.0,0.0,198.99,1.183,31838.4,35022.240000000005,0.0
2011-04-23 22:00:00,B4104,1.182,0.0,0.0,198.99,1.182,31838.4,35022.240000000005,0.0
2011-04-23 23:00:00,B4104,0.657,0.0,0.0,198.99,0.657,31838.4,35022.240000000005,0.0
2011-04-24 00:00:00,B4104,0.657,0.0,0.0,198.99,0.657,31838.4,35022.240000000005,0.0
2011-04-24 01:00:00,B4104,0.657,0.0,0.0,198.99,0.657,31838.4,35022.240000000005,0.0
2011-04-24 02:00:00,B4104,0.657,0.0,0.0,198.99,0.657,31838.4,35022.240000000005,0.0
2011-04-24 03:00:00,B4104,0.657,0.0,0.0,198.99,0.657,31838.4,35022.240000000005,0.0
2011-04-24 04:00:00,B4104,0.657,0.0,0.0,198.99,0.657,31838.4,35022.240000000005,0.0
2011-04-24 05:00:00,B4104,1.182,0.0,0.0,198.99,1.182,31838.4,35022.240000000005,0.0
2011-04-24 06:00:00,B4104,4.339,0.0,1.42,198.99,2.8790000000000004,31838.4,35022.240000000005,1.46
2011-04-24 07:00:00,B4104,1.187,0.0,5.57,198.99,-4.963,31838.4,35022.240000000005,6.15
2011-04-24 08:00:00,B4104,3.062,2.4,8.78,198.99,-6.188000000000001,31838.4,35022.240000000005,9.25
2011-04-24 09:00:00,B4104,3.062,2.4,10.04,198.99,-7.558,31838.4,35022.240000000005,10.62
2011-04-24 10:00:00,B4104,3.062,2.4,10.33,198.99,-7.918000000000001,31838.4,35022.240000000005,10.98
2011-04-24 11:00:00,B4104,3.062,2.4,10.68,198.99,-8.308,31838.4,35022.240000000005,11.37
2011-04-24 12:00:00,B4104,6.735,2.4,11.35,198.99,-5.3549999999999995,31838.4,35022.240000000005,12.09
2011-04-24 13:00:00,B4104,1.183,0.0,11.45,198.99,-11.117,31838.4,35022.240000000005,12.3
2011-04-24 14:00:00,B4104,0.662,0.0,10.8,198.99,-10.988,31838.4,35022.240000000005,11.65
2011-04-24 15:00:00,B4104,0.662,0.0,9.42,198.99,-9.537999999999998,31838.4,35022.240000000005,10.2
2011-04-24 16:00:00,B4104,0.662,0.0,7.15,198.99,-7.148,31838.4,35022.240000000005,7.81
2011-04-24 17:00:00,B4104,1.187,0.0,4.5,198.99,-3.8229999999999995,31838.4,35022.240000000005,5.01
2011-04-24 18:00:00,B4104,4.335,0.0,0.0,198.99,4.185,31838.4,35022.240000000005,0.15
2011-04-24 19:00:00,B4104,5.386,0.0,0.0,198.99,5.386,31838.4,35022.240000000005,0.0
2011-04-24 20:00:00,B4104,1.187,0.0,0.0,198.99,1.187,31838.4,35022.240000000005,0.0
2011-04-24 21:00:00,B4104,1.183,0.0,0.0,198.99,1.183,31838.4,35022.240000000005,0.0
2011-04-24 22:00:00,B4104,1.183,0.0,0.0,198.99,1.183,31838.4,35022.240000000005,0.0
2011-04-24 23:00:00,B4104,0.657,0.0,0.0,198.99,0.657,31838.4,35022.240000000005,0.0
2011-04-25 00:00:00,B4104,3.057,2.4,0.0,198.99,3.057,31838.4,35022.240000000005,0.0
2011-04-25 01:00:00,B4104,3.057,2.4,0.0,198.99,3.057,31838.4,35022.240000000005,0.0
2011-04-25 02:00:00,B4104,3.057,2.4,0.0,198.99,3.057,31838.4,35022.240000000005,0.0
2011-04-25 03:00:00,B4104,3.057,2.4,0.0,198.99,3.057,31838.4,35022.240000000005,0.0
2011-04-25 04:00:00,B4104,3.057,2.4,0.0,198.99,3.057,31838.4,35022.240000000005,0.0
2011-04-25 05:00:00,B4104,1.183,0.0,0.0,198.99,1.183,31838.4,35022.240000000005,0.0
2011-04-25 06:00:00,B4104,4.34,0.0,0.87,198.99,3.42,31838.4,35022.240000000005,0.92
2011-04-25 07:00:00,B4104,1.188,0.0,7.58,198.99,-7.092,31838.4,35022.240000000005,8.28
2011-04-25 08:00:00,B4104,0.662,0.0,10.15,198.99,-9.808,31838.4,35022.240000000005,10.47
2011-04-25 09:00:00,B4104,0.662,0.0,11.97,198.99,-11.677999999999999,31838.4,35022.240000000005,12.34
2011-04-25 10:00:00,B4104,0.662,0.0,13.39,198.99,-13.248,31838.4,35022.240000000005,13.91
2011-04-25 11:00:00,B4104,0.662,0.0,14.25,198.99,-14.218,31838.4,35022.240000000005,14.88
2011-04-25 12:00:00,B4104,4.335,0.0,14.36,198.99,-10.704999999999998,31838.4,35022.240000000005,15.04
2011-04-25 13:00:00,B4104,1.183,0.0,13.76,198.99,-13.357,31838.4,35022.240000000005,14.54
2011-04-25 14:00:00,B4104,0.657,0.0,12.77,198.99,-12.923,31838.4,35022.240000000005,13.58
2011-04-25 15:00:00,B4104,0.657,0.0,10.67,198.99,-10.713,31838.4,35022.240000000005,11.37
2011-04-25 16:00:00,B4104,0.657,0.0,8.24,198.99,-8.203,31838.4,35022.240000000005,8.86
2011-04-25 17:00:00,B4104,1.183,0.0,5.21,198.99,-4.557,31838.4,35022.240000000005,5.74
2011-04-25 18:00:00,B4104,4.335,0.0,1.38,198.99,2.795,31838.4,35022.240000000005,1.54
2011-04-25 19:00:00,B4104,5.386,0.0,0.0,198.99,5.386,31838.4,35022.240000000005,0.0
2011-04-25 20:00:00,B4104,1.183,0.0,0.0,198.99,1.183,31838.4,35022.240000000005,0.0
2011-04-25 21:00:00,B4104,1.183,0.0,0.0,198.99,1.183,31838.4,35022.240000000005,0.0
2011-04-25 22:00:00,B4104,1.182,0.0,0.0,198.99,1.182,31838.4,35022.240000000005,0.0
2011-04-25 23:00:00,B4104,0.657,0.0,0.0,198.99,0.657,31838.4,35022.240000000005,0.0
2011-04-26 00:00:00,B4104,3.057,2.4,0.0,198.99,3.057,31838.4,35022.240000000005,0.0
2011-04-26 01:00:00,B4104,3.057,2.4,0.0,198.99,3.057,31838.4,35022.240000000005,0.0
2011-04-26 02:00:00,B4104,3.057,2.4,0.0,198.99,3.057,31838.4,35022.240000000005,0.0
2011-04-26 03:00:00,B4104,3.057,2.4,0.0,198.99,3.057,31838.4,35022.240000000005,0.0
2011-04-26 04:00:00,B4104,3.057,2.4,0.0,198.99,3.057,31838.4,35022.240000000005,0.0
2011-04-26 05:00:00,B4104,1.183,0.0,0.0,198.99,1.183,31838.4,35022.240000000005,0.0
2011-04-26 06:00:00,B4104,4.336,0.0,1.14,198.99,3.1460000000000004,31838.4,35022.240000000005,1.19
2011-04-26 07:00:00,B4104,1.183,0.0,7.33,198.99,-6.867000000000001,31838.4,35022.240000000005,8.05
2011-04-26 08:00:00,B4104,0.657,0.0,9.98,198.99,-9.633,31838.4,35022.240000000005,10.29
2011-04-26 09:00:00,B4104,0.657,0.0,11.79,198.99,-11.473,31838.4,35022.240000000005,12.13
2011-04-26 10:00:00,B4104,0.657,0.0,13.15,198.99,-12.903,31838.4,35022.240000000005,13.56
2011-04-26 11:00:00,B4104,0.657,0.0,13.99,198.99,-13.783,31838.4,35022.240000000005,14.44
2011-04-26 12:00:00,B4104,4.335,0.0,14.1,198.99,-10.235,31838.4,35022.240000000005,14.57
2011-04-26 13:00:00,B4104,1.183,0.0,13.61,198.99,-12.947000000000001,31838.4,35022.240000000005,14.13
2011-04-26 14:00:00,B4104,0.657,0.0,12.46,198.99,-12.393,31838.4,35022.240000000005,13.05
2011-04-26 15:00:00,B4104,0.657,0.0,10.76,198.99,-10.713,31838.4,35022.240000000005,11.37
2011-04-26 16:00:00,B4104,0.657,0.0,8.39,198.99,-8.343,31838.4,35022.240000000005,9.0
2011-04-26 17:00:00,B4104,1.183,0.0,5.25,198.99,-4.597,31838.4,35022.240000000005,5.78
2011-04-26 18:00:00,B4104,4.335,0.0,1.44,198.99,2.735,31838.4,35022.240000000005,1.6
2011-04-26 19:00:00,B4104,5.386,0.0,0.0,198.99,5.386,31838.4,35022.240000000005,0.0
2011-04-26 20:00:00,B4104,1.183,0.0,0.0,198.99,1.183,31838.4,35022.240000000005,0.0
2011-04-26 21:00:00,B4104,1.183,0.0,0.0,198.99,1.183,31838.4,35022.240000000005,0.0
2011-04-26 22:00:00,B4104,1.182,0.0,0.0,198.99,1.182,31838.4,35022.240000000005,0.0
2011-04-26 23:00:00,B4104,0.657,0.0,0.0,198.99,0.657,31838.4,35022.240000000005,0.0
2011-04-27 00:00:00,B4104,3.057,2.4,0.0,198.99,3.057,31838.4,35022.240000000005,0.0
2011-04-27 01:00:00,B4104,3.057,2.4,0.0,198.99,3.057,31838.4,35022.240000000005,0.0
2011-04-27 02:00:00,B4104,3.057,2.4,0.0,198.99,3.057,31838.4,35022.240000000005,0.0
2011-04-27 03:00:00,B4104,3.057,2.4,0.0,198.99,3.057,31838.4,35022.240000000005,0.0
2011-04-27 04:00:00,B4104,3.057,2.4,0.0,198.99,3.057,31838.4,35022.240000000005,0.0
2011-04-27 05:00:00,B4104,1.183,0.0,0.0,198.99,1.183,31838.4,35022.240000000005,0.0
2011-04-27 06:00:00,B4104,4.336,0.0,0.89,198.99,3.386,31838.4,35022.240000000005,0.95
2011-04-27 07:00:00,B4104,1.183,0.0,7.8,198.99,-7.327,31838.4,35022.240000000005,8.51
2011-04-27 08:00:00,B4104,0.657,0.0,10.34,198.99,-10.003,31838.4,35022.240000000005,10.66
2011-04-27 09:00:00,B4104,0.657,0.0,12.17,198.99,-11.903,31838.4,35022.240000000005,12.56
2011-04-27 10:00:00,B4104,0.657,0.0,13.53,198.99,-13.383,31838.4,35022.240000000005,14.04
2011-04-27 11:00:00,B4104,0.657,0.0,14.64,198.99,-14.633,31838.4,35022.240000000005,15.29
2011-04-27 12:00:00,B4104,4.335,0.0,14.5,198.99,-10.864999999999998,31838.4,35022.240000000005,15.2
2011-04-27 13:00:00,B4104,1.183,0.0,14.03,198.99,-13.647,31838.4,35022.240000000005,14.83
2011-04-27 14:00:00,B4104,0.657,0.0,12.77,198.99,-13.013,31838.4,35022.240000000005,13.67
2011-04-27 15:00:00,B4104,0.657,0.0,10.78,198.99,-11.023,31838.4,35022.240000000005,11.68
2011-04-27 16:00:00,B4104,0.657,0.0,8.2,198.99,-8.323,31838.4,35022.240000000005,8.98
2011-04-27 17:00:00,B4104,1.183,0.0,5.33,198.99,-4.7170000000000005,31838.4,35022.240000000005,5.9
2011-04-27 18:00:00,B4104,4.335,0.0,1.53,198.99,2.645,31838.4,35022.240000000005,1.69
2011-04-27 19:00:00,B4104,5.386,0.0,0.0,198.99,5.386,31838.4,35022.240000000005,0.0
2011-04-27 20:00:00,B4104,1.183,0.0,0.0,198.99,1.183,31838.4,35022.240000000005,0.0
2011-04-27 21:00:00,B4104,1.183,0.0,0.0,198.99,1.183,31838.4,35022.240000000005,0.0
2011-04-27 22:00:00,B4104,1.182,0.0,0.0,198.99,1.182,31838.4,35022.240000000005,0.0
2011-04-27 23:00:00,B4104,0.657,0.0,0.0,198.99,0.657,31838.4,35022.240000000005,0.0
2011-04-28 00:00:00,B4104,3.057,2.4,0.0,198.99,3.057,31838.4,35022.240000000005,0.0
2011-04-28 01:00:00,B4104,3.057,2.4,0.0,198.99,3.057,31838.4,35022.240000000005,0.0
2011-04-28 02:00:00,B4104,3.057,2.4,0.0,198.99,3.057,31838.4,35022.240000000005,0.0
2011-04-28 03:00:00,B4104,3.057,2.4,0.0,198.99,3.057,31838.4,35022.240000000005,0.0
2011-04-28 04:00:00,B4104,3.057,2.4,0.0,198.99,3.057,31838.4,35022.240000000005,0.0
2011-04-28 05:00:00,B4104,1.183,0.0,0.0,198.99,1.183,31838.4,35022.240000000005,0.0
2011-04-28 06:00:00,B4104,4.336,0.0,0.84,198.99,3.4360000000000004,31838.4,35022.240000000005,0.9
2011-04-28 07:00:00,B4104,1.183,0.0,8.14,198.99,-7.627000000000001,31838.4,35022.240000000005,8.81
2011-04-28 08:00:00,B4104,0.657,0.0,10.71,198.99,-10.363,31838.4,35022.240000000005,11.02
2011-04-28 09:00:00,B4104,0.657,0.0,12.47,198.99,-12.163,31838.4,35022.240000000005,12.82
2011-04-28 10:00:00,B4104,0.657,0.0,13.82,198.99,-13.603,31838.4,35022.240000000005,14.26
2011-04-28 11:00:00,B4104,0.657,0.0,14.67,198.99,-14.513,31838.4,35022.240000000005,15.17
2011-04-28 12:00:00,B4104,4.335,0.0,14.81,198.99,-10.995000000000001,31838.4,35022.240000000005,15.33
2011-04-28 13:00:00,B4104,1.183,0.0,14.44,198.99,-13.807,31838.4,35022.240000000005,14.99
2011-04-28 14:00:00,B4104,0.657,0.0,13.24,198.99,-13.203,31838.4,35022.240000000005,13.86
2011-04-28 15:00:00,B4104,0.657,0.0,11.53,198.99,-11.533,31838.4,35022.240000000005,12.19
2011-04-28 16:00:00,B4104,0.657,0.0,9.04,198.99,-9.023,31838.4,35022.240000000005,9.68
2011-04-28 17:00:00,B4104,1.183,0.0,5.88,198.99,-5.247,31838.4,35022.240000000005,6.43
2011-04-28 18:00:00,B4104,4.335,0.0,1.67,198.99,2.485,31838.4,35022.240000000005,1.85
2011-04-28 19:00:00,B4104,5.386,0.0,0.0,198.99,5.386,31838.4,35022.240000000005,0.0
2011-04-28 20:00:00,B4104,1.183,0.0,0.0,198.99,1.183,31838.4,35022.240000000005,0.0
2011-04-28 21:00:00,B4104,1.183,0.0,0.0,198.99,1.183,31838.4,35022.240000000005,0.0
2011-04-28 22:00:00,B4104,1.182,0.0,0.0,198.99,1.182,31838.4,35022.240000000005,0.0
2011-04-28 23:00:00,B4104,0.657,0.0,0.0,198.99,0.657,31838.4,35022.240000000005,0.0
2011-04-29 00:00:00,B4104,3.057,2.4,0.0,198.99,3.057,31838.4,35022.240000000005,0.0
2011-04-29 01:00:00,B4104,3.057,2.4,0.0,198.99,3.057,31838.4,35022.240000000005,0.0
2011-04-29 02:00:00,B4104,3.057,2.4,0.0,198.99,3.057,31838.4,35022.240000000005,0.0
2011-04-29 03:00:00,B4104,3.057,2.4,0.0,198.99,3.057,31838.4,35022.240000000005,0.0
2011-04-29 04:00:00,B4104,3.057,2.4,0.0,198.99,3.057,31838.4,35022.240000000005,0.0
2011-04-29 05:00:00,B4104,1.183,0.0,0.0,198.99,1.183,31838.4,35022.240000000005,0.0
2011-04-29 06:00:00,B4104,4.336,0.0,2.07,198.99,2.2060000000000004,31838.4,35022.240000000005,2.13
2011-04-29 07:00:00,B4104,1.183,0.0,6.2,198.99,-5.617,31838.4,35022.240000000005,6.8
2011-04-29 08:00:00,B4104,0.657,0.0,8.84,198.99,-8.673,31838.4,35022.240000000005,9.33
2011-04-29 09:00:00,B4104,0.657,0.0,11.14,198.99,-11.073,31838.4,35022.240000000005,11.73
2011-04-29 10:00:00,B4104,0.657,0.0,12.89,198.99,-12.943,31838.4,35022.240000000005,13.6
2011-04-29 11:00:00,B4104,0.657,0.0,13.04,198.99,-13.153,31838.4,35022.240000000005,13.81
2011-04-29 12:00:00,B4104,4.335,0.0,13.23,198.99,-9.614999999999998,31838.4,35022.240000000005,13.95
2011-04-29 13:00:00,B4104,1.183,0.0,13.65,198.99,-13.157,31838.4,35022.240000000005,14.34
2011-04-29 14:00:00,B4104,0.657,0.0,12.53,198.99,-12.573,31838.4,35022.240000000005,13.23
2011-04-29 15:00:00,B4104,0.657,0.0,11.21,198.99,-11.303,31838.4,35022.240000000005,11.96
2011-04-29 16:00:00,B4104,0.657,0.0,8.22,198.99,-8.303,31838.4,35022.240000000005,8.96
2011-04-29 17:00:00,B4104,1.183,0.0,5.02,198.99,-4.4270000000000005,31838.4,35022.240000000005,5.61
2011-04-29 18:00:00,B4104,4.335,0.0,1.53,198.99,2.635,31838.4,35022.240000000005,1.7
2011-04-29 19:00:00,B4104,5.386,0.0,0.0,198.99,5.386,31838.4,35022.240000000005,0.0
2011-04-29 20:00:00,B4104,1.183,0.0,0.0,198.99,1.183,31838.4,35022.240000000005,0.0
2011-04-29 21:00:00,B4104,1.183,0.0,0.0,198.99,1.183,31838.4,35022.240000000005,0.0
2011-04-29 22:00:00,B4104,1.182,0.0,0.0,198.99,1.182,31838.4,35022.240000000005,0.0
2011-04-29 23:00:00,B4104,0.657,0.0,0.0,198.99,0.657,31838.4,35022.240000000005,0.0
2011-04-30 00:00:00,B4104,0.657,0.0,0.0,198.99,0.657,31838.4,35022.240000000005,0.0
2011-04-30 01:00:00,B4104,0.657,0.0,0.0,198.99,0.657,31838.4,35022.240000000005,0.0
2011-04-30 02:00:00,B4104,0.657,0.0,0.0,198.99,0.657,31838.4,35022.240000000005,0.0
2011-04-30 03:00:00,B4104,0.657,0.0,0.0,198.99,0.657,31838.4,35022.240000000005,0.0
2011-04-30 04:00:00,B4104,0.657,0.0,0.0,198.99,0.657,31838.4,35022.240000000005,0.0
2011-04-30 05:00:00,B4104,1.182,0.0,0.0,198.99,1.182,31838.4,35022.240000000005,0.0
2011-04-30 06:00:00,B4104,4.335,0.0,1.71,198.99,2.5549999999999997,31838.4,35022.240000000005,1.78
2011-04-30 07:00:00,B4104,1.183,0.0,6.94,198.99,-6.437,31838.4,35022.240000000005,7.62
2011-04-30 08:00:00,B4104,3.058,2.4,8.73,198.99,-6.282,31838.4,35022.240000000005,9.34
2011-04-30 09:00:00,B4104,3.058,2.4,9.74,198.99,-7.412000000000001,31838.4,35022.240000000005,10.47
2011-04-30 10:00:00,B4104,3.058,2.4,11.03,198.99,-8.742,31838.4,35022.240000000005,11.8
2011-04-30 11:00:00,B4104,3.058,2.4,11.5,198.99,-9.252,31838.4,35022.240000000005,12.31
2011-04-30 12:00:00,B4104,6.735,2.4,11.05,198.99,-5.185,31838.4,35022.240000000005,11.92
2011-04-30 13:00:00,B4104,1.183,0.0,10.28,198.99,-10.007,31838.4,35022.240000000005,11.19
2011-04-30 14:00:00,B4104,0.657,0.0,9.22,198.99,-9.443,31838.4,35022.240000000005,10.1
2011-04-30 15:00:00,B4104,0.657,0.0,7.75,198.99,-7.913,31838.4,35022.240000000005,8.57
2011-04-30 16:00:00,B4104,0.657,0.0,6.39,198.99,-6.463,31838.4,35022.240000000005,7.12
2011-04-30 17:00:00,B4104,1.183,0.0,4.13,198.99,-3.447,31838.4,35022.240000000005,4.63
2011-04-30 18:00:00,B4104,4.336,0.0,0.0,198.99,4.206,31838.4,35022.240000000005,0.13
2011-04-30 19:00:00,B4104,5.386,0.0,0.0,198.99,5.386,31838.4,35022.240000000005,0.0
2011-04-30 20:00:00,B4104,1.183,0.0,0.0,198.99,1.183,31838.4,35022.240000000005,0.0
2011-04-30 21:00:00,B4104,1.183,0.0,0.0,198.99,1.183,31838.4,35022.240000000005,0.0
2011-04-30 22:00:00,B4104,1.182,0.0,0.0,198.99,1.182,31838.4,35022.240000000005,0.0
2011-04-30 23:00:00,B4104,0.657,0.0,0.0,198.99,0.657,31838.4,35022.240000000005,0.0
2011-05-01 00:00:00,B4104,0.657,0.0,0.0,198.99,0.657,31838.4,35022.240000000005,0.0
2011-05-01 01:00:00,B4104,0.657,0.0,0.0,198.99,0.657,31838.4,35022.240000000005,0.0
2011-05-01 02:00:00,B4104,0.657,0.0,0.0,198.99,0.657,31838.4,35022.240000000005,0.0
2011-05-01 03:00:00,B4104,0.657,0.0,0.0,198.99,0.657,31838.4,35022.240000000005,0.0
2011-05-01 04:00:00,B4104,0.657,0.0,0.0,198.99,0.657,31838.4,35022.240000000005,0.0
2011-05-01 05:00:00,B4104,1.182,0.0,0.0,198.99,1.182,31838.4,35022.240000000005,0.0
2011-05-01 06:00:00,B4104,4.335,0.0,1.64,198.99,2.635,31838.4,35022.240000000005,1.7
2011-05-01 07:00:00,B4104,1.183,0.0,7.02,198.99,-6.527,31838.4,35022.240000000005,7.71
2011-05-01 08:00:00,B4104,3.057,2.4,10.52,198.99,-7.872999999999999,31838.4,35022.240000000005,10.93
2011-05-01 09:00:00,B4104,3.058,2.4,12.81,198.99,-10.142,31838.4,35022.240000000005,13.2
2011-05-01 10:00:00,B4104,3.058,2.4,14.42,198.99,-11.782,31838.4,35022.240000000005,14.84
2011-05-01 11:00:00,B4104,3.058,2.4,15.31,198.99,-12.722,31838.4,35022.240000000005,15.78
2011-05-01 12:00:00,B4104,6.735,2.4,15.46,198.99,-9.195,31838.4,35022.240000000005,15.93
2011-05-01 13:00:00,B4104,1.183,0.0,14.98,198.99,-14.327,31838.4,35022.240000000005,15.51
2011-05-01 14:00:00,B4104,0.657,0.0,13.86,198.99,-13.803,31838.4,35022.240000000005,14.46
2011-05-01 15:00:00,B4104,0.657,0.0,12.06,198.99,-12.043,31838.4,35022.240000000005,12.7
2011-05-01 16:00:00,B4104,0.657,0.0,9.55,198.99,-9.523,31838.4,35022.240000000005,10.18
2011-05-01 17:00:00,B4104,1.183,0.0,6.3,198.99,-5.657,31838.4,35022.240000000005,6.84
2011-05-01 18:00:00,B4104,4.335,0.0,1.84,198.99,2.305,31838.4,35022.240000000005,2.03
2011-05-01 19:00:00,B4104,5.386,0.0,0.0,198.99,5.386,31838.4,35022.240000000005,0.0
2011-05-01 20:00:00,B4104,1.183,0.0,0.0,198.99,1.183,31838.4,35022.240000000005,0.0
2011-05-01 21:00:00,B4104,1.183,0.0,0.0,198.99,1.183,31838.4,35022.240000000005,0.0
2011-05-01 22:00:00,B4104,1.183,0.0,0.0,198.99,1.183,31838.4,35022.240000000005,0.0
2011-05-01 23:00:00,B4104,0.657,0.0,0.0,198.99,0.657,31838.4,35022.240000000005,0.0
2011-05-02 00:00:00,B4104,3.057,2.4,0.0,198.99,3.057,31838.4,35022.240000000005,0.0
2011-05-02 01:00:00,B4104,3.057,2.4,0.0,198.99,3.057,31838.4,35022.240000000005,0.0
2011-05-02 02:00:00,B4104,3.057,2.4,0.0,198.99,3.057,31838.4,35022.240000000005,0.0
2011-05-02 03:00:00,B4104,3.057,2.4,0.0,198.99,3.057,31838.4,35022.240000000005,0.0
2011-05-02 04:00:00,B4104,3.057,2.4,0.0,198.99,3.057,31838.4,35022.240000000005,0.0
2011-05-02 05:00:00,B4104,1.183,0.0,0.0,198.99,1.183,31838.4,35022.240000000005,0.0
2011-05-02 06:00:00,B4104,4.336,0.0,0.89,198.99,3.3760000000000003,31838.4,35022.240000000005,0.96
2011-05-02 07:00:00,B4104,1.183,0.0,8.83,198.99,-8.417,31838.4,35022.240000000005,9.6
2011-05-02 08:00:00,B4104,0.657,0.0,11.39,198.99,-11.063,31838.4,35022.240000000005,11.72
2011-05-02 09:00:00,B4104,0.657,0.0,12.99,198.99,-12.663,31838.4,35022.240000000005,13.32
2011-05-02 10:00:00,B4104,0.657,0.0,14.32,198.99,-14.053,31838.4,35022.240000000005,14.71
2011-05-02 11:00:00,B4104,0.657,0.0,15.13,198.99,-14.913,31838.4,35022.240000000005,15.57
2011-05-02 12:00:00,B4104,4.335,0.0,15.24,198.99,-11.364999999999998,31838.4,35022.240000000005,15.7
2011-05-02 13:00:00,B4104,1.183,0.0,14.74,198.99,-14.067,31838.4,35022.240000000005,15.25
2011-05-02 14:00:00,B4104,0.657,0.0,13.56,198.99,-13.483,31838.4,35022.240000000005,14.14
2011-05-02 15:00:00,B4104,0.657,0.0,11.75,198.99,-11.693,31838.4,35022.240000000005,12.35
2011-05-02 16:00:00,B4104,0.657,0.0,9.3,198.99,-9.243,31838.4,35022.240000000005,9.9
2011-05-02 17:00:00,B4104,1.183,0.0,6.14,198.99,-5.477,31838.4,35022.240000000005,6.66
2011-05-02 18:00:00,B4104,4.335,0.0,1.83,198.99,2.325,31838.4,35022.240000000005,2.01
2011-05-02 19:00:00,B4104,5.386,0.0,0.0,198.99,5.386,31838.4,35022.240000000005,0.0
2011-05-02 20:00:00,B4104,1.183,0.0,0.0,198.99,1.183,31838.4,35022.240000000005,0.0
2011-05-02 21:00:00,B4104,1.183,0.0,0.0,198.99,1.183,31838.4,35022.240000000005,0.0
2011-05-02 22:00:00,B4104,1.182,0.0,0.0,198.99,1.182,31838.4,35022.240000000005,0.0
2011-05-02 23:00:00,B4104,0.657,0.0,0.0,198.99,0.657,31838.4,35022.240000000005,0.0
2011-05-03 00:00:00,B4104,3.057,2.4,0.0,198.99,3.057,31838.4,35022.240000000005,0.0
2011-05-03 01:00:00,B4104,3.057,2.4,0.0,198.99,3.057,31838.4,35022.240000000005,0.0
2011-05-03 02:00:00,B4104,3.057,2.4,0.0,198.99,3.057,31838.4,35022.240000000005,0.0
2011-05-03 03:00:00,B4104,3.057,2.4,0.0,198.99,3.057,31838.4,35022.240000000005,0.0
2011-05-03 04:00:00,B4104,3.057,2.4,0.0,198.99,3.057,31838.4,35022.240000000005,0.0
2011-05-03 05:00:00,B4104,1.183,0.0,0.0,198.99,1.183,31838.4,35022.240000000005,0.0
2011-05-03 06:00:00,B4104,4.336,0.0,0.89,198.99,3.3760000000000003,31838.4,35022.240000000005,0.96
2011-05-03 07:00:00,B4104,1.183,0.0,8.85,198.99,-8.387,31838.4,35022.240000000005,9.57
2011-05-03 08:00:00,B4104,0.657,0.0,11.41,198.99,-11.073,31838.4,35022.240000000005,11.73
2011-05-03 09:00:00,B4104,0.657,0.0,13.02,198.99,-12.683,31838.4,35022.240000000005,13.34
2011-05-03 10:00:00,B4104,0.657,0.0,14.34,198.99,-14.073,31838.4,35022.240000000005,14.73
2011-05-03 11:00:00,B4104,0.657,0.0,15.14,198.99,-14.913,31838.4,35022.240000000005,15.57
2011-05-03 12:00:00,B4104,4.335,0.0,15.26,198.99,-11.375,31838.4,35022.240000000005,15.71
2011-05-03 13:00:00,B4104,1.183,0.0,14.79,198.99,-14.117,31838.4,35022.240000000005,15.3
2011-05-03 14:00:00,B4104,0.657,0.0,13.72,198.99,-13.633,31838.4,35022.240000000005,14.29
2011-05-03 15:00:00,B4104,0.657,0.0,11.94,198.99,-11.883,31838.4,35022.240000000005,12.54
2011-05-03 16:00:00,B4104,0.657,0.0,9.47,198.99,-9.413,31838.4,35022.240000000005,10.07
2011-05-03 17:00:00,B4104,1.183,0.0,6.3,198.99,-5.627,31838.4,35022.240000000005,6.81
2011-05-03 18:00:00,B4104,4.335,0.0,1.89,198.99,2.265,31838.4,35022.240000000005,2.07
2011-05-03 19:00:00,B4104,5.386,0.0,0.0,198.99,5.386,31838.4,35022.240000000005,0.0
2011-05-03 20:00:00,B4104,1.183,0.0,0.0,198.99,1.183,31838.4,35022.240000000005,0.0
2011-05-03 21:00:00,B4104,1.183,0.0,0.0,198.99,1.183,31838.4,35022.240000000005,0.0
2011-05-03 22:00:00,B4104,1.182,0.0,0.0,198.99,1.182,31838.4,35022.240000000005,0.0
2011-05-03 23:00:00,B4104,0.657,0.0,0.0,198.99,0.657,31838.4,35022.240000000005,0.0
2011-05-04 00:00:00,B4104,3.057,2.4,0.0,198.99,3.057,31838.4,35022.240000000005,0.0
2011-05-04 01:00:00,B4104,3.057,2.4,0.0,198.99,3.057,31838.4,35022.240000000005,0.0
2011-05-04 02:00:00,B4104,3.057,2.4,0.0,198.99,3.057,31838.4,35022.240000000005,0.0
2011-05-04 03:00:00,B4104,3.057,2.4,0.0,198.99,3.057,31838.4,35022.240000000005,0.0
2011-05-04 04:00:00,B4104,3.057,2.4,0.0,198.99,3.057,31838.4,35022.240000000005,0.0
2011-05-04 05:00:00,B4104,1.183,0.0,0.0,198.99,1.183,31838.4,35022.240000000005,0.0
2011-05-04 06:00:00,B4104,4.336,0.0,0.93,198.99,3.3360000000000003,31838.4,35022.240000000005,1.0
2011-05-04 07:00:00,B4104,1.183,0.0,9.09,198.99,-8.667,31838.4,35022.240000000005,9.85
2011-05-04 08:00:00,B4104,0.657,0.0,11.66,198.99,-11.343,31838.4,35022.240000000005,12.0
2011-05-04 09:00:00,B4104,0.657,0.0,13.29,198.99,-12.963,31838.4,35022.240000000005,13.62
2011-05-04 10:00:00,B4104,0.657,0.0,14.58,198.99,-14.303,31838.4,35022.240000000005,14.96
2011-05-04 11:00:00,B4104,0.657,0.0,15.37,198.99,-15.143,31838.4,35022.240000000005,15.8
2011-05-04 12:00:00,B4104,4.335,0.0,15.54,198.99,-11.655000000000001,31838.4,35022.240000000005,15.99
2011-05-04 13:00:00,B4104,1.183,0.0,15.04,198.99,-14.367,31838.4,35022.240000000005,15.55
2011-05-04 14:00:00,B4104,0.657,0.0,13.93,198.99,-13.853,31838.4,35022.240000000005,14.51
2011-05-04 15:00:00,B4104,0.657,0.0,12.15,198.99,-12.113,31838.4,35022.240000000005,12.77
2011-05-04 16:00:00,B4104,0.657,0.0,9.68,198.99,-9.633,31838.4,35022.240000000005,10.29
2011-05-04 17:00:00,B4104,1.183,0.0,6.5,198.99,-5.837,31838.4,35022.240000000005,7.02
2011-05-04 18:00:00,B4104,4.335,0.0,1.98,198.99,2.165,31838.4,35022.240000000005,2.17
2011-05-04 19:00:00,B4104,5.386,0.0,0.0,198.99,5.386,31838.4,35022.240000000005,0.0
2011-05-04 20:00:00,B4104,1.183,0.0,0.0,198.99,1.183,31838.4,35022.240000000005,0.0
2011-05-04 21:00:00,B4104,1.183,0.0,0.0,198.99,1.183,31838.4,35022.240000000005,0.0
2011-05-04 22:00:00,B4104,1.182,0.0,0.0,198.99,1.182,31838.4,35022.240000000005,0.0
2011-05-04 23:00:00,B4104,0.657,0.0,0.0,198.99,0.657,31838.4,35022.240000000005,0.0
2011-05-05 00:00:00,B4104,3.057,2.4,0.0,198.99,3.057,31838.4,35022.240000000005,0.0
2011-05-05 01:00:00,B4104,3.057,2.4,0.0,198.99,3.057,31838.4,35022.240000000005,0.0
2011-05-05 02:00:00,B4104,3.057,2.4,0.0,198.99,3.057,31838.4,35022.240000000005,0.0
2011-05-05 03:00:00,B4104,3.057,2.4,0.0,198.99,3.057,31838.4,35022.240000000005,0.0
2011-05-05 04:00:00,B4104,3.057,2.4,0.0,198.99,3.057,31838.4,35022.240000000005,0.0
2011-05-05 05:00:00,B4104,1.183,0.0,0.0,198.99,1.183,31838.4,35022.240000000005,0.0
2011-05-05 06:00:00,B4104,4.336,0.0,1.31,198.99,2.9460000000000006,31838.4,35022.240000000005,1.39
2011-05-05 07:00:00,B4104,1.183,0.0,9.01,198.99,-8.657,31838.4,35022.240000000005,9.84
2011-05-05 08:00:00,B4104,0.657,0.0,11.93,198.99,-11.623,31838.4,35022.240000000005,12.28
2011-05-05 09:00:00,B4104,0.657,0.0,13.57,198.99,-13.233,31838.4,35022.240000000005,13.89
2011-05-05 10:00:00,B4104,0.657,0.0,14.7,198.99,-14.423,31838.4,35022.240000000005,15.08
2011-05-05 11:00:00,B4104,0.657,0.0,15.59,198.99,-15.363,31838.4,35022.240000000005,16.02
2011-05-05 12:00:00,B4104,4.335,0.0,15.57,198.99,-11.695,31838.4,35022.240000000005,16.03
2011-05-05 13:00:00,B4104,1.183,0.0,15.18,198.99,-14.527000000000001,31838.4,35022.240000000005,15.71
2011-05-05 14:00:00,B4104,0.657,0.0,14.11,198.99,-14.073,31838.4,35022.240000000005,14.73
2011-05-05 15:00:00,B4104,0.657,0.0,12.25,198.99,-12.263,31838.4,35022.240000000005,12.92
2011-05-05 16:00:00,B4104,0.657,0.0,9.7,198.99,-9.703,31838.4,35022.240000000005,10.36
2011-05-05 17:00:00,B4104,1.183,0.0,6.63,198.99,-6.007000000000001,31838.4,35022.240000000005,7.19
2011-05-05 18:00:00,B4104,4.335,0.0,2.08,198.99,2.055,31838.4,35022.240000000005,2.28
2011-05-05 19:00:00,B4104,5.386,0.0,0.0,198.99,5.386,31838.4,35022.240000000005,0.0
2011-05-05 20:00:00,B4104,1.183,0.0,0.0,198.99,1.183,31838.4,35022.240000000005,0.0
2011-05-05 21:00:00,B4104,1.183,0.0,0.0,198.99,1.183,31838.4,35022.240000000005,0.0
2011-05-05 22:00:00,B4104,1.182,0.0,0.0,198.99,1.182,31838.4,35022.240000000005,0.0
2011-05-05 23:00:00,B4104,0.657,0.0,0.0,198.99,0.657,31838.4,35022.240000000005,0.0
2011-05-06 00:00:00,B4104,3.057,2.4,0.0,198.99,3.057,31838.4,35022.240000000005,0.0
2011-05-06 01:00:00,B4104,3.057,2.4,0.0,198.99,3.057,31838.4,35022.240000000005,0.0
2011-05-06 02:00:00,B4104,3.057,2.4,0.0,198.99,3.057,31838.4,35022.240000000005,0.0
2011-05-06 03:00:00,B4104,3.057,2.4,0.0,198.99,3.057,31838.4,35022.240000000005,0.0
2011-05-06 04:00:00,B4104,3.057,2.4,0.0,198.99,3.057,31838.4,35022.240000000005,0.0
2011-05-06 05:00:00,B4104,1.183,0.0,0.0,198.99,1.183,31838.4,35022.240000000005,0.0
2011-05-06 06:00:00,B4104,4.336,0.0,1.37,198.99,2.886,31838.4,35022.240000000005,1.45
2011-05-06 07:00:00,B4104,1.183,0.0,9.1,198.99,-8.777000000000001,31838.4,35022.240000000005,9.96
2011-05-06 08:00:00,B4104,0.657,0.0,11.86,198.99,-11.613,31838.4,35022.240000000005,12.27
2011-05-06 09:00:00,B4104,0.657,0.0,13.56,198.99,-13.303,31838.4,35022.240000000005,13.96
2011-05-06 10:00:00,B4104,0.657,0.0,14.85,198.99,-14.693,31838.4,35022.240000000005,15.35
2011-05-06 11:00:00,B4104,0.657,0.0,15.65,198.99,-15.603000000000002,31838.4,35022.240000000005,16.26
2011-05-06 12:00:00,B4104,4.335,0.0,15.78,198.99,-12.064999999999998,31838.4,35022.240000000005,16.4
2011-05-06 13:00:00,B4104,1.183,0.0,15.41,198.99,-14.837,31838.4,35022.240000000005,16.02
2011-05-06 14:00:00,B4104,0.657,0.0,14.41,198.99,-14.343,31838.4,35022.240000000005,15.0
2011-05-06 15:00:00,B4104,0.657,0.0,12.63,198.99,-12.593,31838.4,35022.240000000005,13.25
2011-05-06 16:00:00,B4104,0.657,0.0,10.07,198.99,-10.033,31838.4,35022.240000000005,10.69
2011-05-06 17:00:00,B4104,1.183,0.0,6.07,198.99,-5.417,31838.4,35022.240000000005,6.6
2011-05-06 18:00:00,B4104,4.335,0.0,1.75,198.99,2.4050000000000002,31838.4,35022.240000000005,1.93
2011-05-06 19:00:00,B4104,5.386,0.0,0.0,198.99,5.386,31838.4,35022.240000000005,0.0
2011-05-06 20:00:00,B4104,1.183,0.0,0.0,198.99,1.183,31838.4,35022.240000000005,0.0
2011-05-06 21:00:00,B4104,1.183,0.0,0.0,198.99,1.183,31838.4,35022.240000000005,0.0
2011-05-06 22:00:00,B4104,1.182,0.0,0.0,198.99,1.182,31838.4,35022.240000000005,0.0
2011-05-06 23:00:00,B4104,0.657,0.0,0.0,198.99,0.657,31838.4,35022.240000000005,0.0
2011-05-07 00:00:00,B4104,0.657,0.0,0.0,198.99,0.657,31838.4,35022.240000000005,0.0
2011-05-07 01:00:00,B4104,0.657,0.0,0.0,198.99,0.657,31838.4,35022.240000000005,0.0
2011-05-07 02:00:00,B4104,0.657,0.0,0.0,198.99,0.657,31838.4,35022.240000000005,0.0
2011-05-07 03:00:00,B4104,0.657,0.0,0.0,198.99,0.657,31838.4,35022.240000000005,0.0
2011-05-07 04:00:00,B4104,0.657,0.0,0.0,198.99,0.657,31838.4,35022.240000000005,0.0
2011-05-07 05:00:00,B4104,1.182,0.0,0.0,198.99,1.182,31838.4,35022.240000000005,0.0
2011-05-07 06:00:00,B4104,4.335,0.0,2.08,198.99,2.125,31838.4,35022.240000000005,2.21
2011-05-07 07:00:00,B4104,1.183,0.0,7.86,198.99,-7.427,31838.4,35022.240000000005,8.61
2011-05-07 08:00:00,B4104,3.058,2.4,10.7,198.99,-8.182,31838.4,35022.240000000005,11.24
2011-05-07 09:00:00,B4104,3.058,2.4,12.31,198.99,-9.862,31838.4,35022.240000000005,12.92
2011-05-07 10:00:00,B4104,3.058,2.4,13.73,198.99,-11.362,31838.4,35022.240000000005,14.42
2011-05-07 11:00:00,B4104,3.058,2.4,14.32,198.99,-12.002,31838.4,35022.240000000005,15.06
2011-05-07 12:00:00,B4104,6.735,2.4,13.35,198.99,-7.284999999999999,31838.4,35022.240000000005,14.02
2011-05-07 13:00:00,B4104,1.183,0.0,11.66,198.99,-11.127,31838.4,35022.240000000005,12.31
2011-05-07 14:00:00,B4104,0.657,0.0,12.04,198.99,-12.143,31838.4,35022.240000000005,12.8
2011-05-07 15:00:00,B4104,0.657,0.0,11.86,198.99,-11.923,31838.4,35022.240000000005,12.58
2011-05-07 16:00:00,B4104,0.657,0.0,9.53,198.99,-9.483,31838.4,35022.240000000005,10.14
2011-05-07 17:00:00,B4104,1.183,0.0,6.39,198.99,-5.7170000000000005,31838.4,35022.240000000005,6.9
2011-05-07 18:00:00,B4104,4.336,0.0,2.01,198.99,2.1260000000000003,31838.4,35022.240000000005,2.21
2011-05-07 19:00:00,B4104,5.386,0.0,0.0,198.99,5.386,31838.4,35022.240000000005,0.0
2011-05-07 20:00:00,B4104,1.183,0.0,0.0,198.99,1.183,31838.4,35022.240000000005,0.0
2011-05-07 21:00:00,B4104,1.183,0.0,0.0,198.99,1.183,31838.4,35022.240000000005,0.0
2011-05-07 22:00:00,B4104,1.182,0.0,0.0,198.99,1.182,31838.4,35022.240000000005,0.0
2011-05-07 23:00:00,B4104,0.657,0.0,0.0,198.99,0.657,31838.4,35022.240000000005,0.0
2011-05-08 00:00:00,B4104,0.657,0.0,0.0,198.99,0.657,31838.4,35022.240000000005,0.0
2011-05-08 01:00:00,B4104,0.657,0.0,0.0,198.99,0.657,31838.4,35022.240000000005,0.0
2011-05-08 02:00:00,B4104,0.657,0.0,0.0,198.99,0.657,31838.4,35022.240000000005,0.0
2011-05-08 03:00:00,B4104,0.657,0.0,0.0,198.99,0.657,31838.4,35022.240000000005,0.0
2011-05-08 04:00:00,B4104,0.657,0.0,0.0,198.99,0.657,31838.4,35022.240000000005,0.0
2011-05-08 05:00:00,B4104,1.182,0.0,0.0,198.99,1.182,31838.4,35022.240000000005,0.0
2011-05-08 06:00:00,B4104,4.335,0.0,1.68,198.99,2.575,31838.4,35022.240000000005,1.76
2011-05-08 07:00:00,B4104,1.183,0.0,8.52,198.99,-8.147,31838.4,35022.240000000005,9.33
2011-05-08 08:00:00,B4104,3.057,2.4,11.44,198.99,-8.833,31838.4,35022.240000000005,11.89
2011-05-08 09:00:00,B4104,3.058,2.4,13.24,198.99,-10.582,31838.4,35022.240000000005,13.64
2011-05-08 10:00:00,B4104,3.058,2.4,14.77,198.99,-12.132,31838.4,35022.240000000005,15.19
2011-05-08 11:00:00,B4104,3.058,2.4,15.49,198.99,-12.912,31838.4,35022.240000000005,15.97
2011-05-08 12:00:00,B4104,6.735,2.4,15.57,198.99,-9.344999999999999,31838.4,35022.240000000005,16.08
2011-05-08 13:00:00,B4104,1.183,0.0,15.0,198.99,-14.357,31838.4,35022.240000000005,15.54
2011-05-08 14:00:00,B4104,0.657,0.0,14.06,198.99,-13.983,31838.4,35022.240000000005,14.64
2011-05-08 15:00:00,B4104,0.657,0.0,12.26,198.99,-12.203,31838.4,35022.240000000005,12.86
2011-05-08 16:00:00,B4104,0.657,0.0,9.76,198.99,-9.693,31838.4,35022.240000000005,10.35
2011-05-08 17:00:00,B4104,1.183,0.0,6.63,198.99,-5.957,31838.4,35022.240000000005,7.14
2011-05-08 18:00:00,B4104,4.335,0.0,2.08,198.99,2.045,31838.4,35022.240000000005,2.29
2011-05-08 19:00:00,B4104,5.386,0.0,0.0,198.99,5.386,31838.4,35022.240000000005,0.0
2011-05-08 20:00:00,B4104,1.183,0.0,0.0,198.99,1.183,31838.4,35022.240000000005,0.0
2011-05-08 21:00:00,B4104,1.183,0.0,0.0,198.99,1.183,31838.4,35022.240000000005,0.0
2011-05-08 22:00:00,B4104,1.183,0.0,0.0,198.99,1.183,31838.4,35022.240000000005,0.0
2011-05-08 23:00:00,B4104,0.657,0.0,0.0,198.99,0.657,31838.4,35022.240000000005,0.0
2011-05-09 00:00:00,B4104,3.057,2.4,0.0,198.99,3.057,31838.4,35022.240000000005,0.0
2011-05-09 01:00:00,B4104,3.057,2.4,0.0,198.99,3.057,31838.4,35022.240000000005,0.0
2011-05-09 02:00:00,B4104,3.057,2.4,0.0,198.99,3.057,31838.4,35022.240000000005,0.0
2011-05-09 03:00:00,B4104,3.057,2.4,0.0,198.99,3.057,31838.4,35022.240000000005,0.0
2011-05-09 04:00:00,B4104,3.057,2.4,0.0,198.99,3.057,31838.4,35022.240000000005,0.0
2011-05-09 05:00:00,B4104,1.183,0.0,0.0,198.99,1.183,31838.4,35022.240000000005,0.0
2011-05-09 06:00:00,B4104,4.336,0.0,1.73,198.99,2.5360000000000005,31838.4,35022.240000000005,1.8
2011-05-09 07:00:00,B4104,1.183,0.0,8.24,198.99,-7.837,31838.4,35022.240000000005,9.02
2011-05-09 08:00:00,B4104,0.657,0.0,11.57,198.99,-11.313,31838.4,35022.240000000005,11.97
2011-05-09 09:00:00,B4104,0.657,0.0,13.38,198.99,-13.063,31838.4,35022.240000000005,13.72
2011-05-09 10:00:00,B4104,0.657,0.0,14.84,198.99,-14.573,31838.4,35022.240000000005,15.23
2011-05-09 11:00:00,B4104,0.657,0.0,15.64,198.99,-15.422999999999998,31838.4,35022.240000000005,16.08
2011-05-09 12:00:00,B4104,4.335,0.0,15.66,198.99,-11.774999999999999,31838.4,35022.240000000005,16.11
2011-05-09 13:00:00,B4104,1.183,0.0,15.18,198.99,-14.497,31838.4,35022.240000000005,15.68
2011-05-09 14:00:00,B4104,0.657,0.0,14.14,198.99,-14.063,31838.4,35022.240000000005,14.72
2011-05-09 15:00:00,B4104,0.657,0.0,12.16,198.99,-12.113,31838.4,35022.240000000005,12.77
2011-05-09 16:00:00,B4104,0.657,0.0,9.58,198.99,-9.533,31838.4,35022.240000000005,10.19
2011-05-09 17:00:00,B4104,1.183,0.0,6.45,198.99,-5.787,31838.4,35022.240000000005,6.97
2011-05-09 18:00:00,B4104,4.335,0.0,2.08,198.99,2.045,31838.4,35022.240000000005,2.29
2011-05-09 19:00:00,B4104,5.386,0.0,0.0,198.99,5.386,31838.4,35022.240000000005,0.0
2011-05-09 20:00:00,B4104,1.183,0.0,0.0,198.99,1.183,31838.4,35022.240000000005,0.0
2011-05-09 21:00:00,B4104,1.183,0.0,0.0,198.99,1.183,31838.4,35022.240000000005,0.0
2011-05-09 22:00:00,B4104,1.182,0.0,0.0,198.99,1.182,31838.4,35022.240000000005,0.0
2011-05-09 23:00:00,B4104,0.657,0.0,0.0,198.99,0.657,31838.4,35022.240000000005,0.0
2011-05-10 00:00:00,B4104,3.057,2.4,0.0,198.99,3.057,31838.4,35022.240000000005,0.0
2011-05-10 01:00:00,B4104,3.057,2.4,0.0,198.99,3.057,31838.4,35022.240000000005,0.0
2011-05-10 02:00:00,B4104,3.057,2.4,0.0,198.99,3.057,31838.4,35022.240000000005,0.0
2011-05-10 03:00:00,B4104,3.057,2.4,0.0,198.99,3.057,31838.4,35022.240000000005,0.0
2011-05-10 04:00:00,B4104,3.057,2.4,0.0,198.99,3.057,31838.4,35022.240000000005,0.0
2011-05-10 05:00:00,B4104,1.183,0.0,0.0,198.99,1.183,31838.4,35022.240000000005,0.0
2011-05-10 06:00:00,B4104,4.336,0.0,1.81,198.99,2.4560000000000004,31838.4,35022.240000000005,1.88
2011-05-10 07:00:00,B4104,1.183,0.0,7.93,198.99,-7.497,31838.4,35022.240000000005,8.68
2011-05-10 08:00:00,B4104,0.657,0.0,10.93,198.99,-10.713,31838.4,35022.240000000005,11.37
2011-05-10 09:00:00,B4104,0.657,0.0,13.08,198.99,-12.853,31838.4,35022.240000000005,13.51
2011-05-10 10:00:00,B4104,0.657,0.0,14.63,198.99,-14.483,31838.4,35022.240000000005,15.14
2011-05-10 11:00:00,B4104,0.657,0.0,15.54,198.99,-15.433,31838.4,35022.240000000005,16.09
2011-05-10 12:00:00,B4104,4.335,0.0,15.71,198.99,-11.945,31838.4,35022.240000000005,16.28
2011-05-10 13:00:00,B4104,1.183,0.0,15.35,198.99,-14.767,31838.4,35022.240000000005,15.95
2011-05-10 14:00:00,B4104,0.657,0.0,14.21,198.99,-14.183,31838.4,35022.240000000005,14.84
2011-05-10 15:00:00,B4104,0.657,0.0,12.31,198.99,-12.313,31838.4,35022.240000000005,12.97
2011-05-10 16:00:00,B4104,0.657,0.0,9.69,198.99,-9.703,31838.4,35022.240000000005,10.36
2011-05-10 17:00:00,B4104,1.183,0.0,6.14,198.99,-5.527,31838.4,35022.240000000005,6.71
2011-05-10 18:00:00,B4104,4.335,0.0,1.95,198.99,2.195,31838.4,35022.240000000005,2.14
2011-05-10 19:00:00,B4104,5.386,0.0,0.0,198.99,5.386,31838.4,35022.240000000005,0.0
2011-05-10 20:00:00,B4104,1.183,0.0,0.0,198.99,1.183,31838.4,35022.240000000005,0.0
2011-05-10 21:00:00,B4104,1.183,0.0,0.0,198.99,1.183,31838.4,35022.240000000005,0.0
2011-05-10 22:00:00,B4104,1.182,0.0,0.0,198.99,1.182,31838.4,35022.240000000005,0.0
2011-05-10 23:00:00,B4104,0.657,0.0,0.0,198.99,0.657,31838.4,35022.240000000005,0.0
2011-05-11 00:00:00,B4104,3.057,2.4,0.0,198.99,3.057,31838.4,35022.240000000005,0.0
2011-05-11 01:00:00,B4104,3.057,2.4,0.0,198.99,3.057,31838.4,35022.240000000005,0.0
2011-05-11 02:00:00,B4104,3.057,2.4,0.0,198.99,3.057,31838.4,35022.240000000005,0.0
2011-05-11 03:00:00,B4104,3.057,2.4,0.0,198.99,3.057,31838.4,35022.240000000005,0.0
2011-05-11 04:00:00,B4104,3.057,2.4,0.0,198.99,3.057,31838.4,35022.240000000005,0.0
2011-05-11 05:00:00,B4104,1.183,0.0,0.0,198.99,1.183,31838.4,35022.240000000005,0.0
2011-05-11 06:00:00,B4104,4.336,0.0,2.19,198.99,2.0260000000000002,31838.4,35022.240000000005,2.31
2011-05-11 07:00:00,B4104,1.183,0.0,7.14,198.99,-6.6370000000000005,31838.4,35022.240000000005,7.82
2011-05-11 08:00:00,B4104,0.657,0.0,10.61,198.99,-10.473,31838.4,35022.240000000005,11.13
2011-05-11 09:00:00,B4104,0.657,0.0,13.15,198.99,-12.923,31838.4,35022.240000000005,13.58
2011-05-11 10:00:00,B4104,0.657,0.0,15.13,198.99,-14.913,31838.4,35022.240000000005,15.57
2011-05-11 11:00:00,B4104,0.657,0.0,16.13,198.99,-15.922999999999998,31838.4,35022.240000000005,16.58
2011-05-11 12:00:00,B4104,4.335,0.0,16.35,198.99,-12.454999999999998,31838.4,35022.240000000005,16.79
2011-05-11 13:00:00,B4104,1.183,0.0,15.88,198.99,-15.197,31838.4,35022.240000000005,16.38
2011-05-11 14:00:00,B4104,0.657,0.0,14.85,198.99,-14.763,31838.4,35022.240000000005,15.42
2011-05-11 15:00:00,B4104,0.657,0.0,13.07,198.99,-13.013,31838.4,35022.240000000005,13.67
2011-05-11 16:00:00,B4104,0.657,0.0,10.57,198.99,-10.513,31838.4,35022.240000000005,11.17
2011-05-11 17:00:00,B4104,1.183,0.0,7.32,198.99,-6.657,31838.4,35022.240000000005,7.84
2011-05-11 18:00:00,B4104,4.335,0.0,2.39,198.99,1.7149999999999999,31838.4,35022.240000000005,2.62
2011-05-11 19:00:00,B4104,5.386,0.0,0.0,198.99,5.386,31838.4,35022.240000000005,0.0
2011-05-11 20:00:00,B4104,1.183,0.0,0.0,198.99,1.183,31838.4,35022.240000000005,0.0
2011-05-11 21:00:00,B4104,1.183,0.0,0.0,198.99,1.183,31838.4,35022.240000000005,0.0
2011-05-11 22:00:00,B4104,1.182,0.0,0.0,198.99,1.182,31838.4,35022.240000000005,0.0
2011-05-11 23:00:00,B4104,0.657,0.0,0.0,198.99,0.657,31838.4,35022.240000000005,0.0
2011-05-12 00:00:00,B4104,3.057,2.4,0.0,198.99,3.057,31838.4,35022.240000000005,0.0
2011-05-12 01:00:00,B4104,3.057,2.4,0.0,198.99,3.057,31838.4,35022.240000000005,0.0
2011-05-12 02:00:00,B4104,3.057,2.4,0.0,198.99,3.057,31838.4,35022.240000000005,0.0
2011-05-12 03:00:00,B4104,3.057,2.4,0.0,198.99,3.057,31838.4,35022.240000000005,0.0
2011-05-12 04:00:00,B4104,3.057,2.4,0.0,198.99,3.057,31838.4,35022.240000000005,0.0
2011-05-12 05:00:00,B4104,1.183,0.0,0.0,198.99,1.183,31838.4,35022.240000000005,0.0
2011-05-12 06:00:00,B4104,4.336,0.0,1.08,198.99,3.176,31838.4,35022.240000000005,1.16
2011-05-12 07:00:00,B4104,1.183,0.0,10.25,198.99,-9.917,31838.4,35022.240000000005,11.1
2011-05-12 08:00:00,B4104,0.657,0.0,12.73,198.99,-12.453,31838.4,35022.240000000005,13.11
2011-05-12 09:00:00,B4104,0.657,0.0,14.21,198.99,-13.873,31838.4,35022.240000000005,14.53
2011-05-12 10:00:00,B4104,0.657,0.0,15.4,198.99,-15.113,31838.4,35022.240000000005,15.77
2011-05-12 11:00:00,B4104,0.657,0.0,16.18,198.99,-15.933,31838.4,35022.240000000005,16.59
2011-05-12 12:00:00,B4104,4.335,0.0,16.26,198.99,-12.355,31838.4,35022.240000000005,16.69
2011-05-12 13:00:00,B4104,1.183,0.0,15.82,198.99,-15.146999999999998,31838.4,35022.240000000005,16.33
2011-05-12 14:00:00,B4104,0.657,0.0,14.73,198.99,-14.683,31838.4,35022.240000000005,15.34
2011-05-12 15:00:00,B4104,0.657,0.0,12.99,198.99,-12.973,31838.4,35022.240000000005,13.63
2011-05-12 16:00:00,B4104,0.657,0.0,10.44,198.99,-10.393,31838.4,35022.240000000005,11.05
2011-05-12 17:00:00,B4104,1.183,0.0,7.18,198.99,-6.537,31838.4,35022.240000000005,7.72
2011-05-12 18:00:00,B4104,4.335,0.0,2.38,198.99,1.725,31838.4,35022.240000000005,2.61
2011-05-12 19:00:00,B4104,5.386,0.0,0.0,198.99,5.386,31838.4,35022.240000000005,0.0
2011-05-12 20:00:00,B4104,1.183,0.0,0.0,198.99,1.183,31838.4,35022.240000000005,0.0
2011-05-12 21:00:00,B4104,1.183,0.0,0.0,198.99,1.183,31838.4,35022.240000000005,0.0
2011-05-12 22:00:00,B4104,1.182,0.0,0.0,198.99,1.182,31838.4,35022.240000000005,0.0
2011-05-12 23:00:00,B4104,0.657,0.0,0.0,198.99,0.657,31838.4,35022.240000000005,0.0
2011-05-13 00:00:00,B4104,3.057,2.4,0.0,198.99,3.057,31838.4,35022.240000000005,0.0
2011-05-13 01:00:00,B4104,3.057,2.4,0.0,198.99,3.057,31838.4,35022.240000000005,0.0
2011-05-13 02:00:00,B4104,3.057,2.4,0.0,198.99,3.057,31838.4,35022.240000000005,0.0
2011-05-13 03:00:00,B4104,3.057,2.4,0.0,198.99,3.057,31838.4,35022.240000000005,0.0
2011-05-13 04:00:00,B4104,3.057,2.4,0.0,198.99,3.057,31838.4,35022.240000000005,0.0
2011-05-13 05:00:00,B4104,1.183,0.0,0.0,198.99,1.183,31838.4,35022.240000000005,0.0
2011-05-13 06:00:00,B4104,4.336,0.0,8.82,198.99,-5.654,31838.4,35022.240000000005,9.99
2011-05-13 07:00:00,B4104,1.183,0.0,10.45,198.99,-10.227,31838.4,35022.240000000005,11.41
2011-05-13 08:00:00,B4104,0.657,0.0,12.9,198.99,-12.663,31838.4,35022.240000000005,13.32
2011-05-13 09:00:00,B4104,0.657,0.0,14.44,198.99,-14.133,31838.4,35022.240000000005,14.79
2011-05-13 10:00:00,B4104,0.657,0.0,15.71,198.99,-15.453,31838.4,35022.240000000005,16.11
2011-05-13 11:00:00,B4104,0.657,0.0,16.45,198.99,-16.223,31838.4,35022.240000000005,16.88
2011-05-13 12:00:00,B4104,4.335,0.0,16.56,198.99,-12.665,31838.4,35022.240000000005,17.0
2011-05-13 13:00:00,B4104,1.183,0.0,15.95,198.99,-15.257000000000001,31838.4,35022.240000000005,16.44
2011-05-13 14:00:00,B4104,0.657,0.0,14.87,198.99,-14.773,31838.4,35022.240000000005,15.43
2011-05-13 15:00:00,B4104,0.657,0.0,13.05,198.99,-12.983,31838.4,35022.240000000005,13.64
2011-05-13 16:00:00,B4104,0.657,0.0,10.6,198.99,-10.523,31838.4,35022.240000000005,11.18
2011-05-13 17:00:00,B4104,1.183,0.0,7.4,198.99,-6.727,31838.4,35022.240000000005,7.91
2011-05-13 18:00:00,B4104,4.335,0.0,2.47,198.99,1.6349999999999998,31838.4,35022.240000000005,2.7
2011-05-13 19:00:00,B4104,5.386,0.0,0.0,198.99,5.386,31838.4,35022.240000000005,0.0
2011-05-13 20:00:00,B4104,1.183,0.0,0.0,198.99,1.183,31838.4,35022.240000000005,0.0
2011-05-13 21:00:00,B4104,1.183,0.0,0.0,198.99,1.183,31838.4,35022.240000000005,0.0
2011-05-13 22:00:00,B4104,1.182,0.0,0.0,198.99,1.182,31838.4,35022.240000000005,0.0
2011-05-13 23:00:00,B4104,0.657,0.0,0.0,198.99,0.657,31838.4,35022.240000000005,0.0
2011-05-14 00:00:00,B4104,0.657,0.0,0.0,198.99,0.657,31838.4,35022.240000000005,0.0
2011-05-14 01:00:00,B4104,0.657,0.0,0.0,198.99,0.657,31838.4,35022.240000000005,0.0
2011-05-14 02:00:00,B4104,0.657,0.0,0.0,198.99,0.657,31838.4,35022.240000000005,0.0
2011-05-14 03:00:00,B4104,0.657,0.0,0.0,198.99,0.657,31838.4,35022.240000000005,0.0
2011-05-14 04:00:00,B4104,0.657,0.0,0.0,198.99,0.657,31838.4,35022.240000000005,0.0
2011-05-14 05:00:00,B4104,1.182,0.0,0.0,198.99,1.182,31838.4,35022.240000000005,0.0
2011-05-14 06:00:00,B4104,4.335,0.0,8.76,198.99,-5.575,31838.4,35022.240000000005,9.91
2011-05-14 07:00:00,B4104,1.183,0.0,10.04,198.99,-9.777000000000001,31838.4,35022.240000000005,10.96
2011-05-14 08:00:00,B4104,3.058,2.4,12.45,198.99,-9.822000000000001,31838.4,35022.240000000005,12.88
2011-05-14 09:00:00,B4104,3.058,2.4,14.12,198.99,-11.442,31838.4,35022.240000000005,14.5
2011-05-14 10:00:00,B4104,3.058,2.4,15.37,198.99,-12.752,31838.4,35022.240000000005,15.81
2011-05-14 11:00:00,B4104,3.058,2.4,16.04,198.99,-13.431999999999999,31838.4,35022.240000000005,16.49
2011-05-14 12:00:00,B4104,6.735,2.4,15.99,198.99,-9.675,31838.4,35022.240000000005,16.41
2011-05-14 13:00:00,B4104,1.183,0.0,15.44,198.99,-14.727,31838.4,35022.240000000005,15.91
2011-05-14 14:00:00,B4104,0.657,0.0,14.39,198.99,-14.273,31838.4,35022.240000000005,14.93
2011-05-14 15:00:00,B4104,0.657,0.0,12.65,198.99,-12.563,31838.4,35022.240000000005,13.22
2011-05-14 16:00:00,B4104,0.657,0.0,10.24,198.99,-10.143,31838.4,35022.240000000005,10.8
2011-05-14 17:00:00,B4104,1.183,0.0,7.22,198.99,-6.527,31838.4,35022.240000000005,7.71
2011-05-14 18:00:00,B4104,4.336,0.0,2.43,198.99,1.6760000000000002,31838.4,35022.240000000005,2.66
2011-05-14 19:00:00,B4104,5.386,0.0,0.0,198.99,5.386,31838.4,35022.240000000005,0.0
2011-05-14 20:00:00,B4104,1.183,0.0,0.0,198.99,1.183,31838.4,35022.240000000005,0.0
2011-05-14 21:00:00,B4104,1.183,0.0,0.0,198.99,1.183,31838.4,35022.240000000005,0.0
2011-05-14 22:00:00,B4104,1.182,0.0,0.0,198.99,1.182,31838.4,35022.240000000005,0.0
2011-05-14 23:00:00,B4104,0.657,0.0,0.0,198.99,0.657,31838.4,35022.240000000005,0.0
2011-05-15 00:00:00,B4104,0.657,0.0,0.0,198.99,0.657,31838.4,35022.240000000005,0.0
2011-05-15 01:00:00,B4104,0.657,0.0,0.0,198.99,0.657,31838.4,35022.240000000005,0.0
2011-05-15 02:00:00,B4104,0.657,0.0,0.0,198.99,0.657,31838.4,35022.240000000005,0.0
2011-05-15 03:00:00,B4104,0.657,0.0,0.0,198.99,0.657,31838.4,35022.240000000005,0.0
2011-05-15 04:00:00,B4104,0.657,0.0,0.0,198.99,0.657,31838.4,35022.240000000005,0.0
2011-05-15 05:00:00,B4104,1.182,0.0,0.0,198.99,1.182,31838.4,35022.240000000005,0.0
2011-05-15 06:00:00,B4104,4.335,0.0,8.63,198.99,-5.444999999999999,31838.4,35022.240000000005,9.78
2011-05-15 07:00:00,B4104,1.183,0.0,10.21,198.99,-9.857,31838.4,35022.240000000005,11.04
2011-05-15 08:00:00,B4104,3.057,2.4,12.61,198.99,-9.943,31838.4,35022.240000000005,13.0
2011-05-15 09:00:00,B4104,3.058,2.4,14.06,198.99,-11.302,31838.4,35022.240000000005,14.36
2011-05-15 10:00:00,B4104,3.058,2.4,15.27,198.99,-12.562,31838.4,35022.240000000005,15.62
2011-05-15 11:00:00,B4104,3.058,2.4,15.91,198.99,-13.251999999999999,31838.4,35022.240000000005,16.31
2011-05-15 12:00:00,B4104,6.735,2.4,16.11,198.99,-9.805,31838.4,35022.240000000005,16.54
2011-05-15 13:00:00,B4104,1.183,0.0,15.63,198.99,-14.937000000000001,31838.4,35022.240000000005,16.12
2011-05-15 14:00:00,B4104,0.657,0.0,14.63,198.99,-14.513,31838.4,35022.240000000005,15.17
2011-05-15 15:00:00,B4104,0.657,0.0,12.85,198.99,-12.763,31838.4,35022.240000000005,13.42
2011-05-15 16:00:00,B4104,0.657,0.0,10.38,198.99,-10.283,31838.4,35022.240000000005,10.94
2011-05-15 17:00:00,B4104,1.183,0.0,7.23,198.99,-6.537,31838.4,35022.240000000005,7.72
2011-05-15 18:00:00,B4104,4.335,0.0,2.46,198.99,1.645,31838.4,35022.240000000005,2.69
2011-05-15 19:00:00,B4104,5.386,0.0,0.0,198.99,5.386,31838.4,35022.240000000005,0.0
2011-05-15 20:00:00,B4104,1.183,0.0,0.0,198.99,1.183,31838.4,35022.240000000005,0.0
2011-05-15 21:00:00,B4104,1.183,0.0,0.0,198.99,1.183,31838.4,35022.240000000005,0.0
2011-05-15 22:00:00,B4104,1.183,0.0,0.0,198.99,1.183,31838.4,35022.240000000005,0.0
2011-05-15 23:00:00,B4104,0.657,0.0,0.0,198.99,0.657,31838.4,35022.240000000005,0.0
2011-05-16 00:00:00,B4104,3.057,2.4,0.0,198.99,3.057,31838.4,35022.240000000005,0.0
2011-05-16 01:00:00,B4104,3.057,2.4,0.0,198.99,3.057,31838.4,35022.240000000005,0.0
2011-05-16 02:00:00,B4104,3.057,2.4,0.0,198.99,3.057,31838.4,35022.240000000005,0.0
2011-05-16 03:00:00,B4104,3.057,2.4,0.0,198.99,3.057,31838.4,35022.240000000005,0.0
2011-05-16 04:00:00,B4104,3.057,2.4,0.0,198.99,3.057,31838.4,35022.240000000005,0.0
2011-05-16 05:00:00,B4104,1.183,0.0,0.0,198.99,1.183,31838.4,35022.240000000005,0.0
2011-05-16 06:00:00,B4104,4.336,0.0,7.01,198.99,-3.4639999999999995,31838.4,35022.240000000005,7.8
2011-05-16 07:00:00,B4104,1.183,0.0,8.55,198.99,-8.157,31838.4,35022.240000000005,9.34
2011-05-16 08:00:00,B4104,0.657,0.0,10.68,198.99,-10.453,31838.4,35022.240000000005,11.11
2011-05-16 09:00:00,B4104,0.657,0.0,12.0,198.99,-11.723,31838.4,35022.240000000005,12.38
2011-05-16 10:00:00,B4104,0.657,0.0,13.81,198.99,-13.603,31838.4,35022.240000000005,14.26
2011-05-16 11:00:00,B4104,0.657,0.0,15.73,198.99,-15.553,31838.4,35022.240000000005,16.21
2011-05-16 12:00:00,B4104,4.335,0.0,15.87,198.99,-12.015,31838.4,35022.240000000005,16.35
2011-05-16 13:00:00,B4104,1.183,0.0,15.06,198.99,-14.397,31838.4,35022.240000000005,15.58
2011-05-16 14:00:00,B4104,0.657,0.0,13.56,198.99,-13.533,31838.4,35022.240000000005,14.19
2011-05-16 15:00:00,B4104,0.657,0.0,10.55,198.99,-10.533,31838.4,35022.240000000005,11.19
2011-05-16 16:00:00,B4104,0.657,0.0,7.66,198.99,-7.603,31838.4,35022.240000000005,8.26
2011-05-16 17:00:00,B4104,1.183,0.0,6.07,198.99,-5.4270000000000005,31838.4,35022.240000000005,6.61
2011-05-16 18:00:00,B4104,4.335,0.0,2.3,198.99,1.815,31838.4,35022.240000000005,2.52
2011-05-16 19:00:00,B4104,5.386,0.0,0.0,198.99,5.386,31838.4,35022.240000000005,0.0
2011-05-16 20:00:00,B4104,1.183,0.0,0.0,198.99,1.183,31838.4,35022.240000000005,0.0
2011-05-16 21:00:00,B4104,1.183,0.0,0.0,198.99,1.183,31838.4,35022.240000000005,0.0
2011-05-16 22:00:00,B4104,1.182,0.0,0.0,198.99,1.182,31838.4,35022.240000000005,0.0
2011-05-16 23:00:00,B4104,0.657,0.0,0.0,198.99,0.657,31838.4,35022.240000000005,0.0
2011-05-17 00:00:00,B4104,3.057,2.4,0.0,198.99,3.057,31838.4,35022.240000000005,0.0
2011-05-17 01:00:00,B4104,3.057,2.4,0.0,198.99,3.057,31838.4,35022.240000000005,0.0
2011-05-17 02:00:00,B4104,3.057,2.4,0.0,198.99,3.057,31838.4,35022.240000000005,0.0
2011-05-17 03:00:00,B4104,3.057,2.4,0.0,198.99,3.057,31838.4,35022.240000000005,0.0
2011-05-17 04:00:00,B4104,3.057,2.4,0.0,198.99,3.057,31838.4,35022.240000000005,0.0
2011-05-17 05:00:00,B4104,1.183,0.0,0.0,198.99,1.183,31838.4,35022.240000000005,0.0
2011-05-17 06:00:00,B4104,4.336,0.0,9.05,198.99,-5.9239999999999995,31838.4,35022.240000000005,10.26
2011-05-17 07:00:00,B4104,1.183,0.0,10.73,198.99,-10.527000000000001,31838.4,35022.240000000005,11.71
2011-05-17 08:00:00,B4104,0.657,0.0,13.23,198.99,-12.983,31838.4,35022.240000000005,13.64
2011-05-17 09:00:00,B4104,0.657,0.0,14.76,198.99,-14.403,31838.4,35022.240000000005,15.06
2011-05-17 10:00:00,B4104,0.657,0.0,16.07,198.99,-15.763000000000002,31838.4,35022.240000000005,16.42
2011-05-17 11:00:00,B4104,0.657,0.0,16.83,198.99,-16.573,31838.4,35022.240000000005,17.23
2011-05-17 12:00:00,B4104,4.335,0.0,16.95,198.99,-13.035,31838.4,35022.240000000005,17.37
2011-05-17 13:00:00,B4104,1.183,0.0,16.42,198.99,-15.716999999999999,31838.4,35022.240000000005,16.9
2011-05-17 14:00:00,B4104,0.657,0.0,15.3,198.99,-15.193,31838.4,35022.240000000005,15.85
2011-05-17 15:00:00,B4104,0.657,0.0,13.51,198.99,-13.433,31838.4,35022.240000000005,14.09
2011-05-17 16:00:00,B4104,0.657,0.0,11.1,198.99,-11.023,31838.4,35022.240000000005,11.68
2011-05-17 17:00:00,B4104,1.183,0.0,7.85,198.99,-7.177,31838.4,35022.240000000005,8.36
2011-05-17 18:00:00,B4104,4.335,0.0,2.72,198.99,1.355,31838.4,35022.240000000005,2.98
2011-05-17 19:00:00,B4104,5.386,0.0,0.0,198.99,5.386,31838.4,35022.240000000005,0.0
2011-05-17 20:00:00,B4104,1.183,0.0,0.0,198.99,1.183,31838.4,35022.240000000005,0.0
2011-05-17 21:00:00,B4104,1.183,0.0,0.0,198.99,1.183,31838.4,35022.240000000005,0.0
2011-05-17 22:00:00,B4104,1.182,0.0,0.0,198.99,1.182,31838.4,35022.240000000005,0.0
2011-05-17 23:00:00,B4104,0.657,0.0,0.0,198.99,0.657,31838.4,35022.240000000005,0.0
2011-05-18 00:00:00,B4104,3.057,2.4,0.0,198.99,3.057,31838.4,35022.240000000005,0.0
2011-05-18 01:00:00,B4104,3.057,2.4,0.0,198.99,3.057,31838.4,35022.240000000005,0.0
2011-05-18 02:00:00,B4104,3.057,2.4,0.0,198.99,3.057,31838.4,35022.240000000005,0.0
2011-05-18 03:00:00,B4104,3.057,2.4,0.0,198.99,3.057,31838.4,35022.240000000005,0.0
2011-05-18 04:00:00,B4104,3.057,2.4,0.0,198.99,3.057,31838.4,35022.240000000005,0.0
2011-05-18 05:00:00,B4104,1.183,0.0,0.0,198.99,1.183,31838.4,35022.240000000005,0.0
2011-05-18 06:00:00,B4104,4.336,0.0,9.08,198.99,-5.933999999999999,31838.4,35022.240000000005,10.27
2011-05-18 07:00:00,B4104,1.183,0.0,10.73,198.99,-10.427,31838.4,35022.240000000005,11.61
2011-05-18 08:00:00,B4104,0.657,0.0,13.17,198.99,-12.923,31838.4,35022.240000000005,13.58
2011-05-18 09:00:00,B4104,0.657,0.0,14.67,198.99,-14.313,31838.4,35022.240000000005,14.97
2011-05-18 10:00:00,B4104,0.657,0.0,15.94,198.99,-15.633,31838.4,35022.240000000005,16.29
2011-05-18 11:00:00,B4104,0.657,0.0,16.7,198.99,-16.443,31838.4,35022.240000000005,17.1
2011-05-18 12:00:00,B4104,4.335,0.0,16.83,198.99,-12.915,31838.4,35022.240000000005,17.25
2011-05-18 13:00:00,B4104,1.183,0.0,16.33,198.99,-15.626999999999999,31838.4,35022.240000000005,16.81
2011-05-18 14:00:00,B4104,0.657,0.0,15.3,198.99,-15.193,31838.4,35022.240000000005,15.85
2011-05-18 15:00:00,B4104,0.657,0.0,13.55,198.99,-13.473,31838.4,35022.240000000005,14.13
2011-05-18 16:00:00,B4104,0.657,0.0,11.1,198.99,-11.013,31838.4,35022.240000000005,11.67
2011-05-18 17:00:00,B4104,1.183,0.0,7.54,198.99,-6.867000000000001,31838.4,35022.240000000005,8.05
2011-05-18 18:00:00,B4104,4.335,0.0,2.58,198.99,1.505,31838.4,35022.240000000005,2.83
2011-05-18 19:00:00,B4104,5.386,0.0,0.0,198.99,5.386,31838.4,35022.240000000005,0.0
2011-05-18 20:00:00,B4104,1.183,0.0,0.0,198.99,1.183,31838.4,35022.240000000005,0.0
2011-05-18 21:00:00,B4104,1.183,0.0,0.0,198.99,1.183,31838.4,35022.240000000005,0.0
2011-05-18 22:00:00,B4104,1.182,0.0,0.0,198.99,1.182,31838.4,35022.240000000005,0.0
2011-05-18 23:00:00,B4104,0.657,0.0,0.0,198.99,0.657,31838.4,35022.240000000005,0.0
2011-05-19 00:00:00,B4104,3.057,2.4,0.0,198.99,3.057,31838.4,35022.240000000005,0.0
2011-05-19 01:00:00,B4104,3.057,2.4,0.0,198.99,3.057,31838.4,35022.240000000005,0.0
2011-05-19 02:00:00,B4104,3.057,2.4,0.0,198.99,3.057,31838.4,35022.240000000005,0.0
2011-05-19 03:00:00,B4104,3.057,2.4,0.0,198.99,3.057,31838.4,35022.240000000005,0.0
2011-05-19 04:00:00,B4104,3.057,2.4,0.0,198.99,3.057,31838.4,35022.240000000005,0.0
2011-05-19 05:00:00,B4104,1.183,0.0,0.0,198.99,1.183,31838.4,35022.240000000005,0.0
2011-05-19 06:00:00,B4104,4.336,0.0,7.13,198.99,-3.524,31838.4,35022.240000000005,7.86
2011-05-19 07:00:00,B4104,1.183,0.0,9.29,198.99,-8.967,31838.4,35022.240000000005,10.15
2011-05-19 08:00:00,B4104,0.657,0.0,11.06,198.99,-10.913,31838.4,35022.240000000005,11.57
2011-05-19 09:00:00,B4104,0.657,0.0,12.38,198.99,-12.143,31838.4,35022.240000000005,12.8
2011-05-19 10:00:00,B4104,0.657,0.0,13.6,198.99,-13.423,31838.4,35022.240000000005,14.08
2011-05-19 11:00:00,B4104,0.657,0.0,13.02,198.99,-12.883,31838.4,35022.240000000005,13.54
2011-05-19 12:00:00,B4104,4.335,0.0,13.2,198.99,-9.385000000000002,31838.4,35022.240000000005,13.72
2011-05-19 13:00:00,B4104,1.183,0.0,13.59,198.99,-12.947000000000001,31838.4,35022.240000000005,14.13
2011-05-19 14:00:00,B4104,0.657,0.0,12.78,198.99,-12.693,31838.4,35022.240000000005,13.35
2011-05-19 15:00:00,B4104,0.657,0.0,11.47,198.99,-11.433,31838.4,35022.240000000005,12.09
2011-05-19 16:00:00,B4104,0.657,0.0,9.37,198.99,-9.283,31838.4,35022.240000000005,9.94
2011-05-19 17:00:00,B4104,1.183,0.0,6.72,198.99,-6.027,31838.4,35022.240000000005,7.21
2011-05-19 18:00:00,B4104,4.335,0.0,2.45,198.99,1.6549999999999998,31838.4,35022.240000000005,2.68
2011-05-19 19:00:00,B4104,5.386,0.0,0.0,198.99,5.386,31838.4,35022.240000000005,0.0
2011-05-19 20:00:00,B4104,1.183,0.0,0.0,198.99,1.183,31838.4,35022.240000000005,0.0
2011-05-19 21:00:00,B4104,1.183,0.0,0.0,198.99,1.183,31838.4,35022.240000000005,0.0
2011-05-19 22:00:00,B4104,1.182,0.0,0.0,198.99,1.182,31838.4,35022.240000000005,0.0
2011-05-19 23:00:00,B4104,0.657,0.0,0.0,198.99,0.657,31838.4,35022.240000000005,0.0
2011-05-20 00:00:00,B4104,3.057,2.4,0.0,198.99,3.057,31838.4,35022.240000000005,0.0
2011-05-20 01:00:00,B4104,3.057,2.4,0.0,198.99,3.057,31838.4,35022.240000000005,0.0
2011-05-20 02:00:00,B4104,3.057,2.4,0.0,198.99,3.057,31838.4,35022.240000000005,0.0
2011-05-20 03:00:00,B4104,3.057,2.4,0.0,198.99,3.057,31838.4,35022.240000000005,0.0
2011-05-20 04:00:00,B4104,3.057,2.4,0.0,198.99,3.057,31838.4,35022.240000000005,0.0
2011-05-20 05:00:00,B4104,1.183,0.0,0.0,198.99,1.183,31838.4,35022.240000000005,0.0
2011-05-20 06:00:00,B4104,4.336,0.0,6.1,198.99,-2.5139999999999993,31838.4,35022.240000000005,6.85
2011-05-20 07:00:00,B4104,1.183,0.0,7.5,198.99,-7.0169999999999995,31838.4,35022.240000000005,8.2
2011-05-20 08:00:00,B4104,0.657,0.0,9.53,198.99,-9.293,31838.4,35022.240000000005,9.95
2011-05-20 09:00:00,B4104,0.657,0.0,11.39,198.99,-11.123,31838.4,35022.240000000005,11.78
2011-05-20 10:00:00,B4104,0.657,0.0,13.86,198.99,-13.693,31838.4,35022.240000000005,14.35
2011-05-20 11:00:00,B4104,0.657,0.0,14.67,198.99,-14.623,31838.4,35022.240000000005,15.28
2011-05-20 12:00:00,B4104,4.335,0.0,14.87,198.99,-11.175,31838.4,35022.240000000005,15.51
2011-05-20 13:00:00,B4104,1.183,0.0,13.13,198.99,-12.637,31838.4,35022.240000000005,13.82
2011-05-20 14:00:00,B4104,0.657,0.0,8.76,198.99,-8.803,31838.4,35022.240000000005,9.46
2011-05-20 15:00:00,B4104,0.657,0.0,4.64,198.99,-4.483,31838.4,35022.240000000005,5.14
2011-05-20 16:00:00,B4104,0.657,0.0,2.06,198.99,-1.6629999999999998,31838.4,35022.240000000005,2.32
2011-05-20 17:00:00,B4104,1.183,0.0,0.0,198.99,1.183,31838.4,35022.240000000005,0.0
2011-05-20 18:00:00,B4104,4.335,0.0,0.0,198.99,4.335,31838.4,35022.240000000005,0.0
2011-05-20 19:00:00,B4104,5.386,0.0,0.0,198.99,5.386,31838.4,35022.240000000005,0.0
2011-05-20 20:00:00,B4104,1.183,0.0,0.0,198.99,1.183,31838.4,35022.240000000005,0.0
2011-05-20 21:00:00,B4104,1.183,0.0,0.0,198.99,1.183,31838.4,35022.240000000005,0.0
2011-05-20 22:00:00,B4104,1.182,0.0,0.0,198.99,1.182,31838.4,35022.240000000005,0.0
2011-05-20 23:00:00,B4104,0.657,0.0,0.0,198.99,0.657,31838.4,35022.240000000005,0.0
2011-05-21 00:00:00,B4104,0.657,0.0,0.0,198.99,0.657,31838.4,35022.240000000005,0.0
2011-05-21 01:00:00,B4104,0.657,0.0,0.0,198.99,0.657,31838.4,35022.240000000005,0.0
2011-05-21 02:00:00,B4104,0.657,0.0,0.0,198.99,0.657,31838.4,35022.240000000005,0.0
2011-05-21 03:00:00,B4104,0.657,0.0,0.0,198.99,0.657,31838.4,35022.240000000005,0.0
2011-05-21 04:00:00,B4104,0.657,0.0,0.0,198.99,0.657,31838.4,35022.240000000005,0.0
2011-05-21 05:00:00,B4104,1.182,0.0,0.0,198.99,1.182,31838.4,35022.240000000005,0.0
2011-05-21 06:00:00,B4104,4.335,0.0,7.15,198.99,-3.575,31838.4,35022.240000000005,7.91
2011-05-21 07:00:00,B4104,1.183,0.0,7.72,198.99,-7.2669999999999995,31838.4,35022.240000000005,8.45
2011-05-21 08:00:00,B4104,3.058,2.4,6.75,198.99,-4.202,31838.4,35022.240000000005,7.26
2011-05-21 09:00:00,B4104,3.058,2.4,5.63,198.99,-3.0620000000000003,31838.4,35022.240000000005,6.12
2011-05-21 10:00:00,B4104,3.058,2.4,6.54,198.99,-3.862,31838.4,35022.240000000005,6.92
2011-05-21 11:00:00,B4104,3.058,2.4,8.38,198.99,-5.7219999999999995,31838.4,35022.240000000005,8.78
2011-05-21 12:00:00,B4104,6.735,2.4,12.1,198.99,-5.8549999999999995,31838.4,35022.240000000005,12.59
2011-05-21 13:00:00,B4104,1.183,0.0,14.5,198.99,-13.897,31838.4,35022.240000000005,15.08
2011-05-21 14:00:00,B4104,0.657,0.0,12.78,198.99,-12.743,31838.4,35022.240000000005,13.4
2011-05-21 15:00:00,B4104,0.657,0.0,10.78,198.99,-10.733,31838.4,35022.240000000005,11.39
2011-05-21 16:00:00,B4104,0.657,0.0,8.25,198.99,-8.123,31838.4,35022.240000000005,8.78
2011-05-21 17:00:00,B4104,1.183,0.0,5.03,198.99,-4.247,31838.4,35022.240000000005,5.43
2011-05-21 18:00:00,B4104,4.336,0.0,1.76,198.99,2.4060000000000006,31838.4,35022.240000000005,1.93
2011-05-21 19:00:00,B4104,5.386,0.0,0.0,198.99,5.386,31838.4,35022.240000000005,0.0
2011-05-21 20:00:00,B4104,1.183,0.0,0.0,198.99,1.183,31838.4,35022.240000000005,0.0
2011-05-21 21:00:00,B4104,1.183,0.0,0.0,198.99,1.183,31838.4,35022.240000000005,0.0
2011-05-21 22:00:00,B4104,1.182,0.0,0.0,198.99,1.182,31838.4,35022.240000000005,0.0
2011-05-21 23:00:00,B4104,0.657,0.0,0.0,198.99,0.657,31838.4,35022.240000000005,0.0
2011-05-22 00:00:00,B4104,0.657,0.0,0.0,198.99,0.657,31838.4,35022.240000000005,0.0
2011-05-22 01:00:00,B4104,0.657,0.0,0.0,198.99,0.657,31838.4,35022.240000000005,0.0
2011-05-22 02:00:00,B4104,0.657,0.0,0.0,198.99,0.657,31838.4,35022.240000000005,0.0
2011-05-22 03:00:00,B4104,0.657,0.0,0.0,198.99,0.657,31838.4,35022.240000000005,0.0
2011-05-22 04:00:00,B4104,0.657,0.0,0.0,198.99,0.657,31838.4,35022.240000000005,0.0
2011-05-22 05:00:00,B4104,1.182,0.0,0.0,198.99,1.182,31838.4,35022.240000000005,0.0
2011-05-22 06:00:00,B4104,4.335,0.0,8.27,198.99,-4.985,31838.4,35022.240000000005,9.32
2011-05-22 07:00:00,B4104,1.183,0.0,10.0,198.99,-9.697000000000001,31838.4,35022.240000000005,10.88
2011-05-22 08:00:00,B4104,3.057,2.4,12.45,198.99,-9.833,31838.4,35022.240000000005,12.89
2011-05-22 09:00:00,B4104,3.058,2.4,13.65,198.99,-10.922,31838.4,35022.240000000005,13.98
2011-05-22 10:00:00,B4104,3.058,2.4,13.59,198.99,-10.952,31838.4,35022.240000000005,14.01
2011-05-22 11:00:00,B4104,3.058,2.4,13.41,198.99,-10.842,31838.4,35022.240000000005,13.9
2011-05-22 12:00:00,B4104,6.735,2.4,13.54,198.99,-7.315,31838.4,35022.240000000005,14.05
2011-05-22 13:00:00,B4104,1.183,0.0,12.44,198.99,-11.807,31838.4,35022.240000000005,12.99
2011-05-22 14:00:00,B4104,0.657,0.0,11.66,198.99,-11.603,31838.4,35022.240000000005,12.26
2011-05-22 15:00:00,B4104,0.657,0.0,9.83,198.99,-9.803,31838.4,35022.240000000005,10.46
2011-05-22 16:00:00,B4104,0.657,0.0,7.86,198.99,-7.7829999999999995,31838.4,35022.240000000005,8.44
2011-05-22 17:00:00,B4104,1.183,0.0,6.21,198.99,-5.487,31838.4,35022.240000000005,6.67
2011-05-22 18:00:00,B4104,4.335,0.0,2.29,198.99,1.835,31838.4,35022.240000000005,2.5
2011-05-22 19:00:00,B4104,5.386,0.0,0.0,198.99,5.386,31838.4,35022.240000000005,0.0
2011-05-22 20:00:00,B4104,1.183,0.0,0.0,198.99,1.183,31838.4,35022.240000000005,0.0
2011-05-22 21:00:00,B4104,1.183,0.0,0.0,198.99,1.183,31838.4,35022.240000000005,0.0
2011-05-22 22:00:00,B4104,1.183,0.0,0.0,198.99,1.183,31838.4,35022.240000000005,0.0
2011-05-22 23:00:00,B4104,0.657,0.0,0.0,198.99,0.657,31838.4,35022.240000000005,0.0
2011-05-23 00:00:00,B4104,3.057,2.4,0.0,198.99,3.057,31838.4,35022.240000000005,0.0
2011-05-23 01:00:00,B4104,3.057,2.4,0.0,198.99,3.057,31838.4,35022.240000000005,0.0
2011-05-23 02:00:00,B4104,3.057,2.4,0.0,198.99,3.057,31838.4,35022.240000000005,0.0
2011-05-23 03:00:00,B4104,3.057,2.4,0.0,198.99,3.057,31838.4,35022.240000000005,0.0
2011-05-23 04:00:00,B4104,3.057,2.4,0.0,198.99,3.057,31838.4,35022.240000000005,0.0
2011-05-23 05:00:00,B4104,1.183,0.0,0.0,198.99,1.183,31838.4,35022.240000000005,0.0
2011-05-23 06:00:00,B4104,4.336,0.0,6.78,198.99,-3.1839999999999993,31838.4,35022.240000000005,7.52
2011-05-23 07:00:00,B4104,1.183,0.0,9.62,198.99,-9.307,31838.4,35022.240000000005,10.49
2011-05-23 08:00:00,B4104,0.657,0.0,11.07,198.99,-10.873,31838.4,35022.240000000005,11.53
2011-05-23 09:00:00,B4104,0.657,0.0,11.51,198.99,-11.263,31838.4,35022.240000000005,11.92
2011-05-23 10:00:00,B4104,0.657,0.0,13.61,198.99,-13.403,31838.4,35022.240000000005,14.06
2011-05-23 11:00:00,B4104,0.657,0.0,13.53,198.99,-13.373,31838.4,35022.240000000005,14.03
2011-05-23 12:00:00,B4104,4.335,0.0,13.99,198.99,-10.265,31838.4,35022.240000000005,14.6
2011-05-23 13:00:00,B4104,1.183,0.0,15.27,198.99,-14.767,31838.4,35022.240000000005,15.95
2011-05-23 14:00:00,B4104,0.657,0.0,14.43,198.99,-14.473,31838.4,35022.240000000005,15.13
2011-05-23 15:00:00,B4104,0.657,0.0,13.26,198.99,-13.283,31838.4,35022.240000000005,13.94
2011-05-23 16:00:00,B4104,0.657,0.0,11.19,198.99,-11.133,31838.4,35022.240000000005,11.79
2011-05-23 17:00:00,B4104,1.183,0.0,7.92,198.99,-7.2669999999999995,31838.4,35022.240000000005,8.45
2011-05-23 18:00:00,B4104,4.335,0.0,2.87,198.99,1.1949999999999998,31838.4,35022.240000000005,3.14
2011-05-23 19:00:00,B4104,5.386,0.0,0.0,198.99,5.386,31838.4,35022.240000000005,0.0
2011-05-23 20:00:00,B4104,1.183,0.0,0.0,198.99,1.183,31838.4,35022.240000000005,0.0
2011-05-23 21:00:00,B4104,1.183,0.0,0.0,198.99,1.183,31838.4,35022.240000000005,0.0
2011-05-23 22:00:00,B4104,1.182,0.0,0.0,198.99,1.182,31838.4,35022.240000000005,0.0
2011-05-23 23:00:00,B4104,0.657,0.0,0.0,198.99,0.657,31838.4,35022.240000000005,0.0
2011-05-24 00:00:00,B4104,3.057,2.4,0.0,198.99,3.057,31838.4,35022.240000000005,0.0
2011-05-24 01:00:00,B4104,3.057,2.4,0.0,198.99,3.057,31838.4,35022.240000000005,0.0
2011-05-24 02:00:00,B4104,3.057,2.4,0.0,198.99,3.057,31838.4,35022.240000000005,0.0
2011-05-24 03:00:00,B4104,3.057,2.4,0.0,198.99,3.057,31838.4,35022.240000000005,0.0
2011-05-24 04:00:00,B4104,3.057,2.4,0.0,198.99,3.057,31838.4,35022.240000000005,0.0
2011-05-24 05:00:00,B4104,1.183,0.0,0.0,198.99,1.183,31838.4,35022.240000000005,0.0
2011-05-24 06:00:00,B4104,4.336,0.0,7.84,198.99,-4.324,31838.4,35022.240000000005,8.66
2011-05-24 07:00:00,B4104,1.183,0.0,9.39,198.99,-9.067,31838.4,35022.240000000005,10.25
2011-05-24 08:00:00,B4104,0.657,0.0,10.73,198.99,-10.593,31838.4,35022.240000000005,11.25
2011-05-24 09:00:00,B4104,0.657,0.0,11.08,198.99,-10.943,31838.4,35022.240000000005,11.6
2011-05-24 10:00:00,B4104,0.657,0.0,10.43,198.99,-10.383,31838.4,35022.240000000005,11.04
2011-05-24 11:00:00,B4104,0.657,0.0,10.83,198.99,-10.803,31838.4,35022.240000000005,11.46
2011-05-24 12:00:00,B4104,4.335,0.0,12.68,198.99,-9.015,31838.4,35022.240000000005,13.35
2011-05-24 13:00:00,B4104,1.183,0.0,13.2,198.99,-12.687,31838.4,35022.240000000005,13.87
2011-05-24 14:00:00,B4104,0.657,0.0,12.46,198.99,-12.503,31838.4,35022.240000000005,13.16
2011-05-24 15:00:00,B4104,0.657,0.0,12.37,198.99,-12.443,31838.4,35022.240000000005,13.1
2011-05-24 16:00:00,B4104,0.657,0.0,10.91,198.99,-10.903,31838.4,35022.240000000005,11.56
2011-05-24 17:00:00,B4104,1.183,0.0,7.67,198.99,-6.997,31838.4,35022.240000000005,8.18
2011-05-24 18:00:00,B4104,4.335,0.0,2.7,198.99,1.3849999999999998,31838.4,35022.240000000005,2.95
2011-05-24 19:00:00,B4104,5.386,0.0,0.0,198.99,5.386,31838.4,35022.240000000005,0.0
2011-05-24 20:00:00,B4104,1.183,0.0,0.0,198.99,1.183,31838.4,35022.240000000005,0.0
2011-05-24 21:00:00,B4104,1.183,0.0,0.0,198.99,1.183,31838.4,35022.240000000005,0.0
2011-05-24 22:00:00,B4104,1.182,0.0,0.0,198.99,1.182,31838.4,35022.240000000005,0.0
2011-05-24 23:00:00,B4104,0.657,0.0,0.0,198.99,0.657,31838.4,35022.240000000005,0.0
2011-05-25 00:00:00,B4104,3.057,2.4,0.0,198.99,3.057,31838.4,35022.240000000005,0.0
2011-05-25 01:00:00,B4104,3.057,2.4,0.0,198.99,3.057,31838.4,35022.240000000005,0.0
2011-05-25 02:00:00,B4104,3.057,2.4,0.0,198.99,3.057,31838.4,35022.240000000005,0.0
2011-05-25 03:00:00,B4104,3.057,2.4,0.0,198.99,3.057,31838.4,35022.240000000005,0.0
2011-05-25 04:00:00,B4104,3.057,2.4,0.0,198.99,3.057,31838.4,35022.240000000005,0.0
2011-05-25 05:00:00,B4104,1.183,0.0,0.0,198.99,1.183,31838.4,35022.240000000005,0.0
2011-05-25 06:00:00,B4104,4.336,0.0,7.97,198.99,-4.474,31838.4,35022.240000000005,8.81
2011-05-25 07:00:00,B4104,1.183,0.0,9.08,198.99,-8.727,31838.4,35022.240000000005,9.91
2011-05-25 08:00:00,B4104,0.657,0.0,10.03,198.99,-9.953,31838.4,35022.240000000005,10.61
2011-05-25 09:00:00,B4104,0.657,0.0,11.31,198.99,-11.173,31838.4,35022.240000000005,11.83
2011-05-25 10:00:00,B4104,0.657,0.0,11.95,198.99,-11.923,31838.4,35022.240000000005,12.58
2011-05-25 11:00:00,B4104,0.657,0.0,12.85,198.99,-12.913,31838.4,35022.240000000005,13.57
2011-05-25 12:00:00,B4104,4.335,0.0,13.87,198.99,-10.274999999999999,31838.4,35022.240000000005,14.61
2011-05-25 13:00:00,B4104,1.183,0.0,14.78,198.99,-14.307,31838.4,35022.240000000005,15.49
2011-05-25 14:00:00,B4104,0.657,0.0,14.4,198.99,-14.433,31838.4,35022.240000000005,15.09
2011-05-25 15:00:00,B4104,0.657,0.0,13.05,198.99,-13.083,31838.4,35022.240000000005,13.74
2011-05-25 16:00:00,B4104,0.657,0.0,11.13,198.99,-11.113,31838.4,35022.240000000005,11.77
2011-05-25 17:00:00,B4104,1.183,0.0,8.02,198.99,-7.367000000000001,31838.4,35022.240000000005,8.55
2011-05-25 18:00:00,B4104,4.335,0.0,4.1,198.99,-0.2450000000000001,31838.4,35022.240000000005,4.58
2011-05-25 19:00:00,B4104,5.386,0.0,0.0,198.99,5.386,31838.4,35022.240000000005,0.0
2011-05-25 20:00:00,B4104,1.183,0.0,0.0,198.99,1.183,31838.4,35022.240000000005,0.0
2011-05-25 21:00:00,B4104,1.183,0.0,0.0,198.99,1.183,31838.4,35022.240000000005,0.0
2011-05-25 22:00:00,B4104,1.182,0.0,0.0,198.99,1.182,31838.4,35022.240000000005,0.0
2011-05-25 23:00:00,B4104,0.657,0.0,0.0,198.99,0.657,31838.4,35022.240000000005,0.0
2011-05-26 00:00:00,B4104,3.057,2.4,0.0,198.99,3.057,31838.4,35022.240000000005,0.0
2011-05-26 01:00:00,B4104,3.057,2.4,0.0,198.99,3.057,31838.4,35022.240000000005,0.0
2011-05-26 02:00:00,B4104,3.057,2.4,0.0,198.99,3.057,31838.4,35022.240000000005,0.0
2011-05-26 03:00:00,B4104,3.057,2.4,0.0,198.99,3.057,31838.4,35022.240000000005,0.0
2011-05-26 04:00:00,B4104,3.057,2.4,0.0,198.99,3.057,31838.4,35022.240000000005,0.0
2011-05-26 05:00:00,B4104,1.183,0.0,0.0,198.99,1.183,31838.4,35022.240000000005,0.0
2011-05-26 06:00:00,B4104,4.336,0.0,8.29,198.99,-5.074,31838.4,35022.240000000005,9.41
2011-05-26 07:00:00,B4104,1.183,0.0,10.14,198.99,-9.877,31838.4,35022.240000000005,11.06
2011-05-26 08:00:00,B4104,0.657,0.0,12.66,198.99,-12.573,31838.4,35022.240000000005,13.23
2011-05-26 09:00:00,B4104,0.657,0.0,14.64,198.99,-14.423,31838.4,35022.240000000005,15.08
2011-05-26 10:00:00,B4104,0.657,0.0,15.79,198.99,-15.633,31838.4,35022.240000000005,16.29
2011-05-26 11:00:00,B4104,0.657,0.0,16.68,198.99,-16.543,31838.4,35022.240000000005,17.2
2011-05-26 12:00:00,B4104,4.335,0.0,17.51,198.99,-13.654999999999998,31838.4,35022.240000000005,17.99
2011-05-26 13:00:00,B4104,1.183,0.0,16.85,198.99,-16.257,31838.4,35022.240000000005,17.44
2011-05-26 14:00:00,B4104,0.657,0.0,14.71,198.99,-14.753,31838.4,35022.240000000005,15.41
2011-05-26 15:00:00,B4104,0.657,0.0,11.16,198.99,-11.283,31838.4,35022.240000000005,11.94
2011-05-26 16:00:00,B4104,0.657,0.0,7.37,198.99,-7.443,31838.4,35022.240000000005,8.1
2011-05-26 17:00:00,B4104,1.183,0.0,4.62,198.99,-3.957,31838.4,35022.240000000005,5.14
2011-05-26 18:00:00,B4104,4.335,0.0,2.69,198.99,1.3449999999999998,31838.4,35022.240000000005,2.99
2011-05-26 19:00:00,B4104,5.386,0.0,0.0,198.99,5.386,31838.4,35022.240000000005,0.0
2011-05-26 20:00:00,B4104,1.183,0.0,0.0,198.99,1.183,31838.4,35022.240000000005,0.0
2011-05-26 21:00:00,B4104,1.183,0.0,0.0,198.99,1.183,31838.4,35022.240000000005,0.0
2011-05-26 22:00:00,B4104,1.182,0.0,0.0,198.99,1.182,31838.4,35022.240000000005,0.0
2011-05-26 23:00:00,B4104,0.657,0.0,0.0,198.99,0.657,31838.4,35022.240000000005,0.0
2011-05-27 00:00:00,B4104,3.057,2.4,0.0,198.99,3.057,31838.4,35022.240000000005,0.0
2011-05-27 01:00:00,B4104,3.057,2.4,0.0,198.99,3.057,31838.4,35022.240000000005,0.0
2011-05-27 02:00:00,B4104,3.057,2.4,0.0,198.99,3.057,31838.4,35022.240000000005,0.0
2011-05-27 03:00:00,B4104,3.057,2.4,0.0,198.99,3.057,31838.4,35022.240000000005,0.0
2011-05-27 04:00:00,B4104,3.057,2.4,0.0,198.99,3.057,31838.4,35022.240000000005,0.0
2011-05-27 05:00:00,B4104,1.183,0.0,0.0,198.99,1.183,31838.4,35022.240000000005,0.0
2011-05-27 06:00:00,B4104,4.336,0.0,6.4,198.99,-2.8339999999999996,31838.4,35022.240000000005,7.17
2011-05-27 07:00:00,B4104,1.183,0.0,7.45,198.99,-6.9670000000000005,31838.4,35022.240000000005,8.15
2011-05-27 08:00:00,B4104,0.657,0.0,8.21,198.99,-8.133,31838.4,35022.240000000005,8.79
2011-05-27 09:00:00,B4104,0.657,0.0,9.9,198.99,-9.903,31838.4,35022.240000000005,10.56
2011-05-27 10:00:00,B4104,0.657,0.0,12.1,198.99,-12.233,31838.4,35022.240000000005,12.89
2011-05-27 11:00:00,B4104,0.657,0.0,14.29,198.99,-14.393,31838.4,35022.240000000005,15.05
2011-05-27 12:00:00,B4104,4.335,0.0,14.44,198.99,-10.805,31838.4,35022.240000000005,15.14
2011-05-27 13:00:00,B4104,1.183,0.0,13.94,198.99,-13.517,31838.4,35022.240000000005,14.7
2011-05-27 14:00:00,B4104,0.657,0.0,12.27,198.99,-12.423,31838.4,35022.240000000005,13.08
2011-05-27 15:00:00,B4104,0.657,0.0,9.81,198.99,-9.943,31838.4,35022.240000000005,10.6
2011-05-27 16:00:00,B4104,0.657,0.0,6.01,198.99,-5.953,31838.4,35022.240000000005,6.61
2011-05-27 17:00:00,B4104,1.183,0.0,1.98,198.99,-0.9869999999999999,31838.4,35022.240000000005,2.17
2011-05-27 18:00:00,B4104,4.335,0.0,0.0,198.99,4.335,31838.4,35022.240000000005,0.0
2011-05-27 19:00:00,B4104,5.386,0.0,0.0,198.99,5.386,31838.4,35022.240000000005,0.0
2011-05-27 20:00:00,B4104,1.183,0.0,0.0,198.99,1.183,31838.4,35022.240000000005,0.0
2011-05-27 21:00:00,B4104,1.183,0.0,0.0,198.99,1.183,31838.4,35022.240000000005,0.0
2011-05-27 22:00:00,B4104,1.182,0.0,0.0,198.99,1.182,31838.4,35022.240000000005,0.0
2011-05-27 23:00:00,B4104,0.657,0.0,0.0,198.99,0.657,31838.4,35022.240000000005,0.0
2011-05-28 00:00:00,B4104,0.657,0.0,0.0,198.99,0.657,31838.4,35022.240000000005,0.0
2011-05-28 01:00:00,B4104,0.657,0.0,0.0,198.99,0.657,31838.4,35022.240000000005,0.0
2011-05-28 02:00:00,B4104,0.657,0.0,0.0,198.99,0.657,31838.4,35022.240000000005,0.0
2011-05-28 03:00:00,B4104,0.657,0.0,0.0,198.99,0.657,31838.4,35022.240000000005,0.0
2011-05-28 04:00:00,B4104,0.657,0.0,0.0,198.99,0.657,31838.4,35022.240000000005,0.0
2011-05-28 05:00:00,B4104,1.182,0.0,0.0,198.99,1.182,31838.4,35022.240000000005,0.0
2011-05-28 06:00:00,B4104,4.335,0.0,2.78,198.99,1.4649999999999999,31838.4,35022.240000000005,2.87
2011-05-28 07:00:00,B4104,1.183,0.0,4.33,198.99,-3.577,31838.4,35022.240000000005,4.76
2011-05-28 08:00:00,B4104,3.058,2.4,6.83,198.99,-4.2620000000000005,31838.4,35022.240000000005,7.32
2011-05-28 09:00:00,B4104,3.058,2.4,8.64,198.99,-6.102,31838.4,35022.240000000005,9.16
2011-05-28 10:00:00,B4104,3.058,2.4,10.3,198.99,-7.832000000000001,31838.4,35022.240000000005,10.89
2011-05-28 11:00:00,B4104,3.058,2.4,13.29,198.99,-10.842,31838.4,35022.240000000005,13.9
2011-05-28 12:00:00,B4104,6.735,2.4,15.18,198.99,-8.985,31838.4,35022.240000000005,15.72
2011-05-28 13:00:00,B4104,1.183,0.0,14.65,198.99,-14.087,31838.4,35022.240000000005,15.27
2011-05-28 14:00:00,B4104,0.657,0.0,13.22,198.99,-13.293,31838.4,35022.240000000005,13.95
2011-05-28 15:00:00,B4104,0.657,0.0,11.68,198.99,-11.723,31838.4,35022.240000000005,12.38
2011-05-28 16:00:00,B4104,0.657,0.0,9.26,198.99,-9.253,31838.4,35022.240000000005,9.91
2011-05-28 17:00:00,B4104,1.183,0.0,6.15,198.99,-5.477,31838.4,35022.240000000005,6.66
2011-05-28 18:00:00,B4104,4.336,0.0,2.81,198.99,1.2360000000000002,31838.4,35022.240000000005,3.1
2011-05-28 19:00:00,B4104,5.386,0.0,0.0,198.99,5.386,31838.4,35022.240000000005,0.0
2011-05-28 20:00:00,B4104,1.183,0.0,0.0,198.99,1.183,31838.4,35022.240000000005,0.0
2011-05-28 21:00:00,B4104,1.183,0.0,0.0,198.99,1.183,31838.4,35022.240000000005,0.0
2011-05-28 22:00:00,B4104,1.182,0.0,0.0,198.99,1.182,31838.4,35022.240000000005,0.0
2011-05-28 23:00:00,B4104,0.657,0.0,0.0,198.99,0.657,31838.4,35022.240000000005,0.0
2011-05-29 00:00:00,B4104,0.657,0.0,0.0,198.99,0.657,31838.4,35022.240000000005,0.0
2011-05-29 01:00:00,B4104,0.657,0.0,0.0,198.99,0.657,31838.4,35022.240000000005,0.0
2011-05-29 02:00:00,B4104,0.657,0.0,0.0,198.99,0.657,31838.4,35022.240000000005,0.0
2011-05-29 03:00:00,B4104,0.657,0.0,0.0,198.99,0.657,31838.4,35022.240000000005,0.0
2011-05-29 04:00:00,B4104,0.657,0.0,0.0,198.99,0.657,31838.4,35022.240000000005,0.0
2011-05-29 05:00:00,B4104,1.182,0.0,0.0,198.99,1.182,31838.4,35022.240000000005,0.0
2011-05-29 06:00:00,B4104,4.335,0.0,2.02,198.99,2.315,31838.4,35022.240000000005,2.02
2011-05-29 07:00:00,B4104,1.183,0.0,3.64,198.99,-2.7969999999999997,31838.4,35022.240000000005,3.98
2011-05-29 08:00:00,B4104,3.057,2.4,7.46,198.99,-4.923,31838.4,35022.240000000005,7.98
2011-05-29 09:00:00,B4104,3.058,2.4,10.86,198.99,-8.322000000000001,31838.4,35022.240000000005,11.38
2011-05-29 10:00:00,B4104,3.058,2.4,12.46,198.99,-9.992,31838.4,35022.240000000005,13.05
2011-05-29 11:00:00,B4104,3.058,2.4,13.53,198.99,-11.092,31838.4,35022.240000000005,14.15
2011-05-29 12:00:00,B4104,6.735,2.4,14.07,198.99,-8.004999999999999,31838.4,35022.240000000005,14.74
2011-05-29 13:00:00,B4104,1.183,0.0,14.46,198.99,-13.967,31838.4,35022.240000000005,15.15
2011-05-29 14:00:00,B4104,0.657,0.0,12.67,198.99,-12.703,31838.4,35022.240000000005,13.36
2011-05-29 15:00:00,B4104,0.657,0.0,11.06,198.99,-11.123,31838.4,35022.240000000005,11.78
2011-05-29 16:00:00,B4104,0.657,0.0,9.51,198.99,-9.493,31838.4,35022.240000000005,10.15
2011-05-29 17:00:00,B4104,1.183,0.0,6.38,198.99,-5.687,31838.4,35022.240000000005,6.87
2011-05-29 18:00:00,B4104,4.335,0.0,2.63,198.99,1.435,31838.4,35022.240000000005,2.9
2011-05-29 19:00:00,B4104,5.386,0.0,0.0,198.99,5.386,31838.4,35022.240000000005,0.0
2011-05-29 20:00:00,B4104,1.183,0.0,0.0,198.99,1.183,31838.4,35022.240000000005,0.0
2011-05-29 21:00:00,B4104,1.183,0.0,0.0,198.99,1.183,31838.4,35022.240000000005,0.0
2011-05-29 22:00:00,B4104,1.183,0.0,0.0,198.99,1.183,31838.4,35022.240000000005,0.0
2011-05-29 23:00:00,B4104,0.657,0.0,0.0,198.99,0.657,31838.4,35022.240000000005,0.0
2011-05-30 00:00:00,B4104,3.057,2.4,0.0,198.99,3.057,31838.4,35022.240000000005,0.0
2011-05-30 01:00:00,B4104,3.057,2.4,0.0,198.99,3.057,31838.4,35022.240000000005,0.0
2011-05-30 02:00:00,B4104,3.057,2.4,0.0,198.99,3.057,31838.4,35022.240000000005,0.0
2011-05-30 03:00:00,B4104,3.057,2.4,0.0,198.99,3.057,31838.4,35022.240000000005,0.0
2011-05-30 04:00:00,B4104,3.057,2.4,0.0,198.99,3.057,31838.4,35022.240000000005,0.0
2011-05-30 05:00:00,B4104,1.183,0.0,0.0,198.99,1.183,31838.4,35022.240000000005,0.0
2011-05-30 06:00:00,B4104,4.336,0.0,6.31,198.99,-2.694,31838.4,35022.240000000005,7.03
2011-05-30 07:00:00,B4104,1.183,0.0,8.59,198.99,-8.207,31838.4,35022.240000000005,9.39
2011-05-30 08:00:00,B4104,0.657,0.0,11.44,198.99,-11.373,31838.4,35022.240000000005,12.03
2011-05-30 09:00:00,B4104,0.657,0.0,13.63,198.99,-13.433,31838.4,35022.240000000005,14.09
2011-05-30 10:00:00,B4104,0.657,0.0,15.85,198.99,-15.613,31838.4,35022.240000000005,16.27
2011-05-30 11:00:00,B4104,0.657,0.0,17.36,198.99,-17.103,31838.4,35022.240000000005,17.76
2011-05-30 12:00:00,B4104,4.335,0.0,17.48,198.99,-13.555,31838.4,35022.240000000005,17.89
2011-05-30 13:00:00,B4104,1.183,0.0,17.02,198.99,-16.307,31838.4,35022.240000000005,17.49
2011-05-30 14:00:00,B4104,0.657,0.0,15.97,198.99,-15.843,31838.4,35022.240000000005,16.5
2011-05-30 15:00:00,B4104,0.657,0.0,14.25,198.99,-14.153,31838.4,35022.240000000005,14.81
2011-05-30 16:00:00,B4104,0.657,0.0,11.74,198.99,-11.643,31838.4,35022.240000000005,12.3
2011-05-30 17:00:00,B4104,1.183,0.0,8.58,198.99,-7.897,31838.4,35022.240000000005,9.08
2011-05-30 18:00:00,B4104,4.335,0.0,4.49,198.99,-0.6550000000000002,31838.4,35022.240000000005,4.99
2011-05-30 19:00:00,B4104,5.386,0.0,0.0,198.99,5.386,31838.4,35022.240000000005,0.0
2011-05-30 20:00:00,B4104,1.183,0.0,0.0,198.99,1.183,31838.4,35022.240000000005,0.0
2011-05-30 21:00:00,B4104,1.183,0.0,0.0,198.99,1.183,31838.4,35022.240000000005,0.0
2011-05-30 22:00:00,B4104,1.182,0.0,0.0,198.99,1.182,31838.4,35022.240000000005,0.0
2011-05-30 23:00:00,B4104,0.657,0.0,0.0,198.99,0.657,31838.4,35022.240000000005,0.0
2011-05-31 00:00:00,B4104,3.057,2.4,0.0,198.99,3.057,31838.4,35022.240000000005,0.0
2011-05-31 01:00:00,B4104,3.057,2.4,0.0,198.99,3.057,31838.4,35022.240000000005,0.0
2011-05-31 02:00:00,B4104,3.057,2.4,0.0,198.99,3.057,31838.4,35022.240000000005,0.0
2011-05-31 03:00:00,B4104,3.057,2.4,0.0,198.99,3.057,31838.4,35022.240000000005,0.0
2011-05-31 04:00:00,B4104,3.057,2.4,0.0,198.99,3.057,31838.4,35022.240000000005,0.0
2011-05-31 05:00:00,B4104,1.183,0.0,0.0,198.99,1.183,31838.4,35022.240000000005,0.0
2011-05-31 06:00:00,B4104,4.336,0.0,8.92,198.99,-5.754,31838.4,35022.240000000005,10.09
2011-05-31 07:00:00,B4104,1.183,0.0,11.39,198.99,-11.217,31838.4,35022.240000000005,12.4
2011-05-31 08:00:00,B4104,0.657,0.0,14.0,198.99,-13.833,31838.4,35022.240000000005,14.49
2011-05-31 09:00:00,B4104,0.657,0.0,15.55,198.99,-15.193,31838.4,35022.240000000005,15.85
2011-05-31 10:00:00,B4104,0.657,0.0,16.81,198.99,-16.493,31838.4,35022.240000000005,17.15
2011-05-31 11:00:00,B4104,0.657,0.0,17.57,198.99,-17.293,31838.4,35022.240000000005,17.95
2011-05-31 12:00:00,B4104,4.335,0.0,17.66,198.99,-13.724999999999998,31838.4,35022.240000000005,18.06
2011-05-31 13:00:00,B4104,1.183,0.0,17.15,198.99,-16.427,31838.4,35022.240000000005,17.61
2011-05-31 14:00:00,B4104,0.657,0.0,15.97,198.99,-15.832999999999998,31838.4,35022.240000000005,16.49
2011-05-31 15:00:00,B4104,0.657,0.0,13.9,198.99,-13.803,31838.4,35022.240000000005,14.46
2011-05-31 16:00:00,B4104,0.657,0.0,11.55,198.99,-11.453,31838.4,35022.240000000005,12.11
2011-05-31 17:00:00,B4104,1.183,0.0,8.58,198.99,-7.877000000000001,31838.4,35022.240000000005,9.06
2011-05-31 18:00:00,B4104,4.335,0.0,4.48,198.99,-0.6150000000000002,31838.4,35022.240000000005,4.95
2011-05-31 19:00:00,B4104,5.386,0.0,0.0,198.99,5.386,31838.4,35022.240000000005,0.0
2011-05-31 20:00:00,B4104,1.183,0.0,0.0,198.99,1.183,31838.4,35022.240000000005,0.0
2011-05-31 21:00:00,B4104,1.183,0.0,0.0,198.99,1.183,31838.4,35022.240000000005,0.0
2011-05-31 22:00:00,B4104,1.182,0.0,0.0,198.99,1.182,31838.4,35022.240000000005,0.0
2011-05-31 23:00:00,B4104,0.657,0.0,0.0,198.99,0.657,31838.4,35022.240000000005,0.0
2011-06-01 00:00:00,B4104,3.057,2.4,0.0,198.99,3.057,31838.4,35022.240000000005,0.0
2011-06-01 01:00:00,B4104,3.057,2.4,0.0,198.99,3.057,31838.4,35022.240000000005,0.0
2011-06-01 02:00:00,B4104,3.057,2.4,0.0,198.99,3.057,31838.4,35022.240000000005,0.0
2011-06-01 03:00:00,B4104,3.057,2.4,0.0,198.99,3.057,31838.4,35022.240000000005,0.0
2011-06-01 04:00:00,B4104,3.057,2.4,0.0,198.99,3.057,31838.4,35022.240000000005,0.0
2011-06-01 05:00:00,B4104,1.183,0.0,0.0,198.99,1.183,31838.4,35022.240000000005,0.0
2011-06-01 06:00:00,B4104,4.336,0.0,8.54,198.99,-5.134,31838.4,35022.240000000005,9.47
2011-06-01 07:00:00,B4104,1.183,0.0,10.88,198.99,-10.677,31838.4,35022.240000000005,11.86
2011-06-01 08:00:00,B4104,0.657,0.0,13.05,198.99,-12.923,31838.4,35022.240000000005,13.58
2011-06-01 09:00:00,B4104,0.657,0.0,13.84,198.99,-13.603,31838.4,35022.240000000005,14.26
2011-06-01 10:00:00,B4104,0.657,0.0,15.08,198.99,-14.873,31838.4,35022.240000000005,15.53
2011-06-01 11:00:00,B4104,0.657,0.0,15.82,198.99,-15.593,31838.4,35022.240000000005,16.25
2011-06-01 12:00:00,B4104,4.335,0.0,14.8,198.99,-10.945,31838.4,35022.240000000005,15.28
2011-06-01 13:00:00,B4104,1.183,0.0,13.55,198.99,-12.907,31838.4,35022.240000000005,14.09
2011-06-01 14:00:00,B4104,0.657,0.0,13.6,198.99,-13.473,31838.4,35022.240000000005,14.13
2011-06-01 15:00:00,B4104,0.657,0.0,13.26,198.99,-13.153,31838.4,35022.240000000005,13.81
2011-06-01 16:00:00,B4104,0.657,0.0,11.06,198.99,-10.943,31838.4,35022.240000000005,11.6
2011-06-01 17:00:00,B4104,1.183,0.0,7.98,198.99,-7.2669999999999995,31838.4,35022.240000000005,8.45
2011-06-01 18:00:00,B4104,4.335,0.0,4.11,198.99,-0.19500000000000028,31838.4,35022.240000000005,4.53
2011-06-01 19:00:00,B4104,5.386,0.0,0.0,198.99,5.386,31838.4,35022.240000000005,0.0
2011-06-01 20:00:00,B4104,1.183,0.0,0.0,198.99,1.183,31838.4,35022.240000000005,0.0
2011-06-01 21:00:00,B4104,1.183,0.0,0.0,198.99,1.183,31838.4,35022.240000000005,0.0
2011-06-01 22:00:00,B4104,1.182,0.0,0.0,198.99,1.182,31838.4,35022.240000000005,0.0
2011-06-01 23:00:00,B4104,0.657,0.0,0.0,198.99,0.657,31838.4,35022.240000000005,0.0
2011-06-02 00:00:00,B4104,3.057,2.4,0.0,198.99,3.057,31838.4,35022.240000000005,0.0
2011-06-02 01:00:00,B4104,3.057,2.4,0.0,198.99,3.057,31838.4,35022.240000000005,0.0
2011-06-02 02:00:00,B4104,3.057,2.4,0.0,198.99,3.057,31838.4,35022.240000000005,0.0
2011-06-02 03:00:00,B4104,3.057,2.4,0.0,198.99,3.057,31838.4,35022.240000000005,0.0
2011-06-02 04:00:00,B4104,3.057,2.4,0.0,198.99,3.057,31838.4,35022.240000000005,0.0
2011-06-02 05:00:00,B4104,1.183,0.0,0.0,198.99,1.183,31838.4,35022.240000000005,0.0
2011-06-02 06:00:00,B4104,4.336,0.0,3.7,198.99,0.2560000000000002,31838.4,35022.240000000005,4.08
2011-06-02 07:00:00,B4104,1.183,0.0,5.87,198.99,-5.237,31838.4,35022.240000000005,6.42
2011-06-02 08:00:00,B4104,0.657,0.0,8.68,198.99,-8.573,31838.4,35022.240000000005,9.23
2011-06-02 09:00:00,B4104,0.657,0.0,10.28,198.99,-10.133,31838.4,35022.240000000005,10.79
2011-06-02 10:00:00,B4104,0.657,0.0,10.36,198.99,-10.293,31838.4,35022.240000000005,10.95
2011-06-02 11:00:00,B4104,0.657,0.0,10.83,198.99,-10.853,31838.4,35022.240000000005,11.51
2011-06-02 12:00:00,B4104,4.335,0.0,11.61,198.99,-8.024999999999999,31838.4,35022.240000000005,12.36
2011-06-02 13:00:00,B4104,1.183,0.0,13.09,198.99,-12.687,31838.4,35022.240000000005,13.87
2011-06-02 14:00:00,B4104,0.657,0.0,13.58,198.99,-13.673,31838.4,35022.240000000005,14.33
2011-06-02 15:00:00,B4104,0.657,0.0,11.85,198.99,-11.853,31838.4,35022.240000000005,12.51
2011-06-02 16:00:00,B4104,0.657,0.0,9.52,198.99,-9.483,31838.4,35022.240000000005,10.14
2011-06-02 17:00:00,B4104,1.183,0.0,5.46,198.99,-4.737,31838.4,35022.240000000005,5.92
2011-06-02 18:00:00,B4104,4.335,0.0,1.87,198.99,2.295,31838.4,35022.240000000005,2.04
2011-06-02 19:00:00,B4104,5.386,0.0,0.0,198.99,5.386,31838.4,35022.240000000005,0.0
2011-06-02 20:00:00,B4104,1.183,0.0,0.0,198.99,1.183,31838.4,35022.240000000005,0.0
2011-06-02 21:00:00,B4104,1.183,0.0,0.0,198.99,1.183,31838.4,35022.240000000005,0.0
2011-06-02 22:00:00,B4104,1.182,0.0,0.0,198.99,1.182,31838.4,35022.240000000005,0.0
2011-06-02 23:00:00,B4104,0.657,0.0,0.0,198.99,0.657,31838.4,35022.240000000005,0.0
2011-06-03 00:00:00,B4104,3.057,2.4,0.0,198.99,3.057,31838.4,35022.240000000005,0.0
2011-06-03 01:00:00,B4104,3.057,2.4,0.0,198.99,3.057,31838.4,35022.240000000005,0.0
2011-06-03 02:00:00,B4104,3.057,2.4,0.0,198.99,3.057,31838.4,35022.240000000005,0.0
2011-06-03 03:00:00,B4104,3.057,2.4,0.0,198.99,3.057,31838.4,35022.240000000005,0.0
2011-06-03 04:00:00,B4104,3.057,2.4,0.0,198.99,3.057,31838.4,35022.240000000005,0.0
2011-06-03 05:00:00,B4104,1.183,0.0,0.0,198.99,1.183,31838.4,35022.240000000005,0.0
2011-06-03 06:00:00,B4104,4.336,0.0,4.06,198.99,0.05600000000000005,31838.4,35022.240000000005,4.28
2011-06-03 07:00:00,B4104,1.183,0.0,6.8,198.99,-6.267,31838.4,35022.240000000005,7.45
2011-06-03 08:00:00,B4104,0.657,0.0,9.85,198.99,-9.683,31838.4,35022.240000000005,10.34
2011-06-03 09:00:00,B4104,0.657,0.0,11.56,198.99,-11.283,31838.4,35022.240000000005,11.94
2011-06-03 10:00:00,B4104,0.657,0.0,12.92,198.99,-12.713,31838.4,35022.240000000005,13.37
2011-06-03 11:00:00,B4104,0.657,0.0,14.14,198.99,-14.083,31838.4,35022.240000000005,14.74
2011-06-03 12:00:00,B4104,4.335,0.0,14.51,198.99,-10.765,31838.4,35022.240000000005,15.1
2011-06-03 13:00:00,B4104,1.183,0.0,14.17,198.99,-13.557,31838.4,35022.240000000005,14.74
2011-06-03 14:00:00,B4104,0.657,0.0,12.83,198.99,-12.793,31838.4,35022.240000000005,13.45
2011-06-03 15:00:00,B4104,0.657,0.0,11.31,198.99,-11.303,31838.4,35022.240000000005,11.96
2011-06-03 16:00:00,B4104,0.657,0.0,10.16,198.99,-10.113,31838.4,35022.240000000005,10.77
2011-06-03 17:00:00,B4104,1.183,0.0,7.82,198.99,-7.1370000000000005,31838.4,35022.240000000005,8.32
2011-06-03 18:00:00,B4104,4.335,0.0,4.11,198.99,-0.19500000000000028,31838.4,35022.240000000005,4.53
2011-06-03 19:00:00,B4104,5.386,0.0,0.0,198.99,5.386,31838.4,35022.240000000005,0.0
2011-06-03 20:00:00,B4104,1.183,0.0,0.0,198.99,1.183,31838.4,35022.240000000005,0.0
2011-06-03 21:00:00,B4104,1.183,0.0,0.0,198.99,1.183,31838.4,35022.240000000005,0.0
2011-06-03 22:00:00,B4104,1.182,0.0,0.0,198.99,1.182,31838.4,35022.240000000005,0.0
2011-06-03 23:00:00,B4104,0.657,0.0,0.0,198.99,0.657,31838.4,35022.240000000005,0.0
2011-06-04 00:00:00,B4104,0.657,0.0,0.0,198.99,0.657,31838.4,35022.240000000005,0.0
2011-06-04 01:00:00,B4104,0.657,0.0,0.0,198.99,0.657,31838.4,35022.240000000005,0.0
2011-06-04 02:00:00,B4104,0.657,0.0,0.0,198.99,0.657,31838.4,35022.240000000005,0.0
2011-06-04 03:00:00,B4104,0.657,0.0,0.0,198.99,0.657,31838.4,35022.240000000005,0.0
2011-06-04 04:00:00,B4104,0.657,0.0,0.0,198.99,0.657,31838.4,35022.240000000005,0.0
2011-06-04 05:00:00,B4104,1.182,0.0,0.0,198.99,1.182,31838.4,35022.240000000005,0.0
2011-06-04 06:00:00,B4104,4.335,0.0,9.66,198.99,-6.485,31838.4,35022.240000000005,10.82
2011-06-04 07:00:00,B4104,1.183,0.0,11.55,198.99,-11.397,31838.4,35022.240000000005,12.58
2011-06-04 08:00:00,B4104,3.058,2.4,13.65,198.99,-11.082,31838.4,35022.240000000005,14.14
2011-06-04 09:00:00,B4104,3.058,2.4,15.11,198.99,-12.342,31838.4,35022.240000000005,15.4
2011-06-04 10:00:00,B4104,3.058,2.4,15.3,198.99,-12.622,31838.4,35022.240000000005,15.68
2011-06-04 11:00:00,B4104,3.058,2.4,14.61,198.99,-12.112,31838.4,35022.240000000005,15.17
2011-06-04 12:00:00,B4104,6.735,2.4,15.45,198.99,-9.335,31838.4,35022.240000000005,16.07
2011-06-04 13:00:00,B4104,1.183,0.0,16.13,198.99,-15.517,31838.4,35022.240000000005,16.7
2011-06-04 14:00:00,B4104,0.657,0.0,15.09,198.99,-14.993,31838.4,35022.240000000005,15.65
2011-06-04 15:00:00,B4104,0.657,0.0,13.05,198.99,-12.943,31838.4,35022.240000000005,13.6
2011-06-04 16:00:00,B4104,0.657,0.0,10.68,198.99,-10.563,31838.4,35022.240000000005,11.22
2011-06-04 17:00:00,B4104,1.183,0.0,7.19,198.99,-6.4670000000000005,31838.4,35022.240000000005,7.65
2011-06-04 18:00:00,B4104,4.336,0.0,3.25,198.99,0.7460000000000004,31838.4,35022.240000000005,3.59
2011-06-04 19:00:00,B4104,5.386,0.0,0.0,198.99,5.386,31838.4,35022.240000000005,0.0
2011-06-04 20:00:00,B4104,1.183,0.0,0.0,198.99,1.183,31838.4,35022.240000000005,0.0
2011-06-04 21:00:00,B4104,1.183,0.0,0.0,198.99,1.183,31838.4,35022.240000000005,0.0
2011-06-04 22:00:00,B4104,1.182,0.0,0.0,198.99,1.182,31838.4,35022.240000000005,0.0
2011-06-04 23:00:00,B4104,0.657,0.0,0.0,198.99,0.657,31838.4,35022.240000000005,0.0
2011-06-05 00:00:00,B4104,0.657,0.0,0.0,198.99,0.657,31838.4,35022.240000000005,0.0
2011-06-05 01:00:00,B4104,0.657,0.0,0.0,198.99,0.657,31838.4,35022.240000000005,0.0
2011-06-05 02:00:00,B4104,0.657,0.0,0.0,198.99,0.657,31838.4,35022.240000000005,0.0
2011-06-05 03:00:00,B4104,0.657,0.0,0.0,198.99,0.657,31838.4,35022.240000000005,0.0
2011-06-05 04:00:00,B4104,0.657,0.0,0.0,198.99,0.657,31838.4,35022.240000000005,0.0
2011-06-05 05:00:00,B4104,1.182,0.0,0.0,198.99,1.182,31838.4,35022.240000000005,0.0
2011-06-05 06:00:00,B4104,4.335,0.0,4.45,198.99,-0.4249999999999998,31838.4,35022.240000000005,4.76
2011-06-05 07:00:00,B4104,1.183,0.0,8.52,198.99,-8.127,31838.4,35022.240000000005,9.31
2011-06-05 08:00:00,B4104,3.057,2.4,10.07,198.99,-7.503,31838.4,35022.240000000005,10.56
2011-06-05 09:00:00,B4104,3.058,2.4,10.27,198.99,-7.6419999999999995,31838.4,35022.240000000005,10.7
2011-06-05 10:00:00,B4104,3.058,2.4,12.45,198.99,-9.872,31838.4,35022.240000000005,12.93
2011-06-05 11:00:00,B4104,3.058,2.4,14.15,198.99,-11.602,31838.4,35022.240000000005,14.66
2011-06-05 12:00:00,B4104,6.735,2.4,15.57,198.99,-9.285,31838.4,35022.240000000005,16.02
2011-06-05 13:00:00,B4104,1.183,0.0,16.25,198.99,-15.547,31838.4,35022.240000000005,16.73
2011-06-05 14:00:00,B4104,0.657,0.0,15.58,198.99,-15.453,31838.4,35022.240000000005,16.11
2011-06-05 15:00:00,B4104,0.657,0.0,14.04,198.99,-13.933,31838.4,35022.240000000005,14.59
2011-06-05 16:00:00,B4104,0.657,0.0,11.69,198.99,-11.573,31838.4,35022.240000000005,12.23
2011-06-05 17:00:00,B4104,1.183,0.0,8.58,198.99,-7.867000000000001,31838.4,35022.240000000005,9.05
2011-06-05 18:00:00,B4104,4.335,0.0,4.54,198.99,-0.665,31838.4,35022.240000000005,5.0
2011-06-05 19:00:00,B4104,5.386,0.0,0.0,198.99,5.386,31838.4,35022.240000000005,0.0
2011-06-05 20:00:00,B4104,1.183,0.0,0.0,198.99,1.183,31838.4,35022.240000000005,0.0
2011-06-05 21:00:00,B4104,1.183,0.0,0.0,198.99,1.183,31838.4,35022.240000000005,0.0
2011-06-05 22:00:00,B4104,1.183,0.0,0.0,198.99,1.183,31838.4,35022.240000000005,0.0
2011-06-05 23:00:00,B4104,0.657,0.0,0.0,198.99,0.657,31838.4,35022.240000000005,0.0
2011-06-06 00:00:00,B4104,3.057,2.4,0.0,198.99,3.057,31838.4,35022.240000000005,0.0
2011-06-06 01:00:00,B4104,3.057,2.4,0.0,198.99,3.057,31838.4,35022.240000000005,0.0
2011-06-06 02:00:00,B4104,3.057,2.4,0.0,198.99,3.057,31838.4,35022.240000000005,0.0
2011-06-06 03:00:00,B4104,3.057,2.4,0.0,198.99,3.057,31838.4,35022.240000000005,0.0
2011-06-06 04:00:00,B4104,3.057,2.4,0.0,198.99,3.057,31838.4,35022.240000000005,0.0
2011-06-06 05:00:00,B4104,1.183,0.0,0.0,198.99,1.183,31838.4,35022.240000000005,0.0
2011-06-06 06:00:00,B4104,4.336,0.0,9.95,198.99,-6.773999999999999,31838.4,35022.240000000005,11.11
2011-06-06 07:00:00,B4104,1.183,0.0,11.71,198.99,-11.567,31838.4,35022.240000000005,12.75
2011-06-06 08:00:00,B4104,0.657,0.0,13.76,198.99,-13.643,31838.4,35022.240000000005,14.3
2011-06-06 09:00:00,B4104,0.657,0.0,15.16,198.99,-14.843,31838.4,35022.240000000005,15.5
2011-06-06 10:00:00,B4104,0.657,0.0,16.42,198.99,-16.173,31838.4,35022.240000000005,16.83
2011-06-06 11:00:00,B4104,0.657,0.0,17.36,198.99,-17.153,31838.4,35022.240000000005,17.81
2011-06-06 12:00:00,B4104,4.335,0.0,17.55,198.99,-13.634999999999998,31838.4,35022.240000000005,17.97
2011-06-06 13:00:00,B4104,1.183,0.0,17.03,198.99,-16.317,31838.4,35022.240000000005,17.5
2011-06-06 14:00:00,B4104,0.657,0.0,16.04,198.99,-15.922999999999998,31838.4,35022.240000000005,16.58
2011-06-06 15:00:00,B4104,0.657,0.0,14.25,198.99,-14.163,31838.4,35022.240000000005,14.82
2011-06-06 16:00:00,B4104,0.657,0.0,11.74,198.99,-11.643,31838.4,35022.240000000005,12.3
2011-06-06 17:00:00,B4104,1.183,0.0,8.68,198.99,-7.987,31838.4,35022.240000000005,9.17
2011-06-06 18:00:00,B4104,4.335,0.0,4.69,198.99,-0.8250000000000002,31838.4,35022.240000000005,5.16
2011-06-06 19:00:00,B4104,5.386,0.0,0.0,198.99,5.386,31838.4,35022.240000000005,0.0
2011-06-06 20:00:00,B4104,1.183,0.0,0.0,198.99,1.183,31838.4,35022.240000000005,0.0
2011-06-06 21:00:00,B4104,1.183,0.0,0.0,198.99,1.183,31838.4,35022.240000000005,0.0
2011-06-06 22:00:00,B4104,1.182,0.0,0.0,198.99,1.182,31838.4,35022.240000000005,0.0
2011-06-06 23:00:00,B4104,0.657,0.0,0.0,198.99,0.657,31838.4,35022.240000000005,0.0
2011-06-07 00:00:00,B4104,3.057,2.4,0.0,198.99,3.057,31838.4,35022.240000000005,0.0
2011-06-07 01:00:00,B4104,3.057,2.4,0.0,198.99,3.057,31838.4,35022.240000000005,0.0
2011-06-07 02:00:00,B4104,3.057,2.4,0.0,198.99,3.057,31838.4,35022.240000000005,0.0
2011-06-07 03:00:00,B4104,3.057,2.4,0.0,198.99,3.057,31838.4,35022.240000000005,0.0
2011-06-07 04:00:00,B4104,3.057,2.4,0.0,198.99,3.057,31838.4,35022.240000000005,0.0
2011-06-07 05:00:00,B4104,1.183,0.0,0.0,198.99,1.183,31838.4,35022.240000000005,0.0
2011-06-07 06:00:00,B4104,4.336,0.0,6.86,198.99,-3.5539999999999994,31838.4,35022.240000000005,7.89
2011-06-07 07:00:00,B4104,1.183,0.0,10.08,198.99,-9.817,31838.4,35022.240000000005,11.0
2011-06-07 08:00:00,B4104,0.657,0.0,13.4,198.99,-13.303,31838.4,35022.240000000005,13.96
2011-06-07 09:00:00,B4104,0.657,0.0,15.21,198.99,-14.893,31838.4,35022.240000000005,15.55
2011-06-07 10:00:00,B4104,0.657,0.0,16.86,198.99,-16.533,31838.4,35022.240000000005,17.19
2011-06-07 11:00:00,B4104,0.657,0.0,17.62,198.99,-17.343,31838.4,35022.240000000005,18.0
2011-06-07 12:00:00,B4104,4.335,0.0,17.59,198.99,-13.654999999999998,31838.4,35022.240000000005,17.99
2011-06-07 13:00:00,B4104,1.183,0.0,16.93,198.99,-16.217,31838.4,35022.240000000005,17.4
2011-06-07 14:00:00,B4104,0.657,0.0,15.35,198.99,-15.283,31838.4,35022.240000000005,15.94
2011-06-07 15:00:00,B4104,0.657,0.0,12.74,198.99,-12.713,31838.4,35022.240000000005,13.37
2011-06-07 16:00:00,B4104,0.657,0.0,9.11,198.99,-9.033,31838.4,35022.240000000005,9.69
2011-06-07 17:00:00,B4104,1.183,0.0,6.04,198.99,-5.357,31838.4,35022.240000000005,6.54
2011-06-07 18:00:00,B4104,4.335,0.0,2.86,198.99,1.1949999999999998,31838.4,35022.240000000005,3.14
2011-06-07 19:00:00,B4104,5.386,0.0,0.0,198.99,5.386,31838.4,35022.240000000005,0.0
2011-06-07 20:00:00,B4104,1.183,0.0,0.0,198.99,1.183,31838.4,35022.240000000005,0.0
2011-06-07 21:00:00,B4104,1.183,0.0,0.0,198.99,1.183,31838.4,35022.240000000005,0.0
2011-06-07 22:00:00,B4104,1.182,0.0,0.0,198.99,1.182,31838.4,35022.240000000005,0.0
2011-06-07 23:00:00,B4104,0.657,0.0,0.0,198.99,0.657,31838.4,35022.240000000005,0.0
2011-06-08 00:00:00,B4104,3.057,2.4,0.0,198.99,3.057,31838.4,35022.240000000005,0.0
2011-06-08 01:00:00,B4104,3.057,2.4,0.0,198.99,3.057,31838.4,35022.240000000005,0.0
2011-06-08 02:00:00,B4104,3.057,2.4,0.0,198.99,3.057,31838.4,35022.240000000005,0.0
2011-06-08 03:00:00,B4104,3.057,2.4,0.0,198.99,3.057,31838.4,35022.240000000005,0.0
2011-06-08 04:00:00,B4104,3.057,2.4,0.0,198.99,3.057,31838.4,35022.240000000005,0.0
2011-06-08 05:00:00,B4104,1.183,0.0,0.0,198.99,1.183,31838.4,35022.240000000005,0.0
2011-06-08 06:00:00,B4104,4.336,0.0,3.62,198.99,0.5660000000000003,31838.4,35022.240000000005,3.77
2011-06-08 07:00:00,B4104,1.183,0.0,6.33,198.99,-5.747,31838.4,35022.240000000005,6.93
2011-06-08 08:00:00,B4104,0.657,0.0,9.83,198.99,-9.683,31838.4,35022.240000000005,10.34
2011-06-08 09:00:00,B4104,0.657,0.0,11.33,198.99,-11.143,31838.4,35022.240000000005,11.8
2011-06-08 10:00:00,B4104,0.657,0.0,12.31,198.99,-12.283,31838.4,35022.240000000005,12.94
2011-06-08 11:00:00,B4104,0.657,0.0,15.17,198.99,-15.123,31838.4,35022.240000000005,15.78
2011-06-08 12:00:00,B4104,4.335,0.0,16.74,198.99,-12.925,31838.4,35022.240000000005,17.26
2011-06-08 13:00:00,B4104,1.183,0.0,16.72,198.99,-16.057,31838.4,35022.240000000005,17.24
2011-06-08 14:00:00,B4104,0.657,0.0,15.82,198.99,-15.703,31838.4,35022.240000000005,16.36
2011-06-08 15:00:00,B4104,0.657,0.0,13.91,198.99,-13.813,31838.4,35022.240000000005,14.47
2011-06-08 16:00:00,B4104,0.657,0.0,11.41,198.99,-11.303,31838.4,35022.240000000005,11.96
2011-06-08 17:00:00,B4104,1.183,0.0,8.33,198.99,-7.627000000000001,31838.4,35022.240000000005,8.81
2011-06-08 18:00:00,B4104,4.335,0.0,4.52,198.99,-0.6450000000000005,31838.4,35022.240000000005,4.98
2011-06-08 19:00:00,B4104,5.386,0.0,0.0,198.99,5.386,31838.4,35022.240000000005,0.0
2011-06-08 20:00:00,B4104,1.183,0.0,0.0,198.99,1.183,31838.4,35022.240000000005,0.0
2011-06-08 21:00:00,B4104,1.183,0.0,0.0,198.99,1.183,31838.4,35022.240000000005,0.0
2011-06-08 22:00:00,B4104,1.182,0.0,0.0,198.99,1.182,31838.4,35022.240000000005,0.0
2011-06-08 23:00:00,B4104,0.657,0.0,0.0,198.99,0.657,31838.4,35022.240000000005,0.0
2011-06-09 00:00:00,B4104,3.057,2.4,0.0,198.99,3.057,31838.4,35022.240000000005,0.0
2011-06-09 01:00:00,B4104,3.057,2.4,0.0,198.99,3.057,31838.4,35022.240000000005,0.0
2011-06-09 02:00:00,B4104,3.057,2.4,0.0,198.99,3.057,31838.4,35022.240000000005,0.0
2011-06-09 03:00:00,B4104,3.057,2.4,0.0,198.99,3.057,31838.4,35022.240000000005,0.0
2011-06-09 04:00:00,B4104,3.057,2.4,0.0,198.99,3.057,31838.4,35022.240000000005,0.0
2011-06-09 05:00:00,B4104,1.183,0.0,0.0,198.99,1.183,31838.4,35022.240000000005,0.0
2011-06-09 06:00:00,B4104,4.336,0.0,9.22,198.99,-5.904,31838.4,35022.240000000005,10.24
2011-06-09 07:00:00,B4104,1.183,0.0,11.22,198.99,-11.047,31838.4,35022.240000000005,12.23
2011-06-09 08:00:00,B4104,0.657,0.0,13.58,198.99,-13.473,31838.4,35022.240000000005,14.13
2011-06-09 09:00:00,B4104,0.657,0.0,15.34,198.99,-15.023,31838.4,35022.240000000005,15.68
2011-06-09 10:00:00,B4104,0.657,0.0,16.81,198.99,-16.523,31838.4,35022.240000000005,17.18
2011-06-09 11:00:00,B4104,0.657,0.0,17.96,198.99,-17.713,31838.4,35022.240000000005,18.37
2011-06-09 12:00:00,B4104,4.335,0.0,17.13,198.99,-13.265,31838.4,35022.240000000005,17.6
2011-06-09 13:00:00,B4104,1.183,0.0,14.77,198.99,-14.137,31838.4,35022.240000000005,15.32
2011-06-09 14:00:00,B4104,0.657,0.0,14.48,198.99,-14.403,31838.4,35022.240000000005,15.06
2011-06-09 15:00:00,B4104,0.657,0.0,14.28,198.99,-14.193,31838.4,35022.240000000005,14.85
2011-06-09 16:00:00,B4104,0.657,0.0,11.94,198.99,-11.833,31838.4,35022.240000000005,12.49
2011-06-09 17:00:00,B4104,1.183,0.0,8.92,198.99,-8.217,31838.4,35022.240000000005,9.4
2011-06-09 18:00:00,B4104,4.335,0.0,4.76,198.99,-0.9050000000000002,31838.4,35022.240000000005,5.24
2011-06-09 19:00:00,B4104,5.386,0.0,0.0,198.99,5.386,31838.4,35022.240000000005,0.0
2011-06-09 20:00:00,B4104,1.183,0.0,0.0,198.99,1.183,31838.4,35022.240000000005,0.0
2011-06-09 21:00:00,B4104,1.183,0.0,0.0,198.99,1.183,31838.4,35022.240000000005,0.0
2011-06-09 22:00:00,B4104,1.182,0.0,0.0,198.99,1.182,31838.4,35022.240000000005,0.0
2011-06-09 23:00:00,B4104,0.657,0.0,0.0,198.99,0.657,31838.4,35022.240000000005,0.0
2011-06-10 00:00:00,B4104,3.057,2.4,0.0,198.99,3.057,31838.4,35022.240000000005,0.0
2011-06-10 01:00:00,B4104,3.057,2.4,0.0,198.99,3.057,31838.4,35022.240000000005,0.0
2011-06-10 02:00:00,B4104,3.057,2.4,0.0,198.99,3.057,31838.4,35022.240000000005,0.0
2011-06-10 03:00:00,B4104,3.057,2.4,0.0,198.99,3.057,31838.4,35022.240000000005,0.0
2011-06-10 04:00:00,B4104,3.057,2.4,0.0,198.99,3.057,31838.4,35022.240000000005,0.0
2011-06-10 05:00:00,B4104,1.183,0.0,0.0,198.99,1.183,31838.4,35022.240000000005,0.0
2011-06-10 06:00:00,B4104,4.336,0.0,10.41,198.99,-7.334,31838.4,35022.240000000005,11.67
2011-06-10 07:00:00,B4104,1.183,0.0,12.33,198.99,-12.237,31838.4,35022.240000000005,13.42
2011-06-10 08:00:00,B4104,0.657,0.0,14.55,198.99,-14.423,31838.4,35022.240000000005,15.08
2011-06-10 09:00:00,B4104,0.657,0.0,16.0,198.99,-15.633,31838.4,35022.240000000005,16.29
2011-06-10 10:00:00,B4104,0.657,0.0,17.08,198.99,-16.743,31838.4,35022.240000000005,17.4
2011-06-10 11:00:00,B4104,0.657,0.0,17.85,198.99,-17.563,31838.4,35022.240000000005,18.22
2011-06-10 12:00:00,B4104,4.335,0.0,17.94,198.99,-13.985,31838.4,35022.240000000005,18.32
2011-06-10 13:00:00,B4104,1.183,0.0,17.45,198.99,-16.717,31838.4,35022.240000000005,17.9
2011-06-10 14:00:00,B4104,0.657,0.0,16.38,198.99,-16.233,31838.4,35022.240000000005,16.89
2011-06-10 15:00:00,B4104,0.657,0.0,14.46,198.99,-14.383,31838.4,35022.240000000005,15.04
2011-06-10 16:00:00,B4104,0.657,0.0,11.59,198.99,-11.553,31838.4,35022.240000000005,12.21
2011-06-10 17:00:00,B4104,1.183,0.0,8.39,198.99,-7.757,31838.4,35022.240000000005,8.94
2011-06-10 18:00:00,B4104,4.335,0.0,4.59,198.99,-0.7750000000000004,31838.4,35022.240000000005,5.11
2011-06-10 19:00:00,B4104,5.386,0.0,0.0,198.99,5.386,31838.4,35022.240000000005,0.0
2011-06-10 20:00:00,B4104,1.183,0.0,0.0,198.99,1.183,31838.4,35022.240000000005,0.0
2011-06-10 21:00:00,B4104,1.183,0.0,0.0,198.99,1.183,31838.4,35022.240000000005,0.0
2011-06-10 22:00:00,B4104,1.182,0.0,0.0,198.99,1.182,31838.4,35022.240000000005,0.0
2011-06-10 23:00:00,B4104,0.657,0.0,0.0,198.99,0.657,31838.4,35022.240000000005,0.0
2011-06-11 00:00:00,B4104,0.657,0.0,0.0,198.99,0.657,31838.4,35022.240000000005,0.0
2011-06-11 01:00:00,B4104,0.657,0.0,0.0,198.99,0.657,31838.4,35022.240000000005,0.0
2011-06-11 02:00:00,B4104,0.657,0.0,0.0,198.99,0.657,31838.4,35022.240000000005,0.0
2011-06-11 03:00:00,B4104,0.657,0.0,0.0,198.99,0.657,31838.4,35022.240000000005,0.0
2011-06-11 04:00:00,B4104,0.657,0.0,0.0,198.99,0.657,31838.4,35022.240000000005,0.0
2011-06-11 05:00:00,B4104,1.182,0.0,0.0,198.99,1.182,31838.4,35022.240000000005,0.0
2011-06-11 06:00:00,B4104,4.335,0.0,9.79,198.99,-6.565,31838.4,35022.240000000005,10.9
2011-06-11 07:00:00,B4104,1.183,0.0,11.28,198.99,-11.117,31838.4,35022.240000000005,12.3
2011-06-11 08:00:00,B4104,3.058,2.4,13.07,198.99,-10.592,31838.4,35022.240000000005,13.65
2011-06-11 09:00:00,B4104,3.058,2.4,14.73,198.99,-12.062,31838.4,35022.240000000005,15.12
2011-06-11 10:00:00,B4104,3.058,2.4,16.43,198.99,-13.792000000000002,31838.4,35022.240000000005,16.85
2011-06-11 11:00:00,B4104,3.058,2.4,17.08,198.99,-14.482,31838.4,35022.240000000005,17.54
2011-06-11 12:00:00,B4104,6.735,2.4,17.24,198.99,-10.995000000000001,31838.4,35022.240000000005,17.73
2011-06-11 13:00:00,B4104,1.183,0.0,17.19,198.99,-16.537,31838.4,35022.240000000005,17.72
2011-06-11 14:00:00,B4104,0.657,0.0,16.1,198.99,-15.992999999999999,31838.4,35022.240000000005,16.65
2011-06-11 15:00:00,B4104,0.657,0.0,14.23,198.99,-14.153,31838.4,35022.240000000005,14.81
2011-06-11 16:00:00,B4104,0.657,0.0,11.89,198.99,-11.793,31838.4,35022.240000000005,12.45
2011-06-11 17:00:00,B4104,1.183,0.0,8.65,198.99,-7.947000000000001,31838.4,35022.240000000005,9.13
2011-06-11 18:00:00,B4104,4.336,0.0,4.44,198.99,-0.5439999999999996,31838.4,35022.240000000005,4.88
2011-06-11 19:00:00,B4104,5.386,0.0,0.0,198.99,5.386,31838.4,35022.240000000005,0.0
2011-06-11 20:00:00,B4104,1.183,0.0,0.0,198.99,1.183,31838.4,35022.240000000005,0.0
2011-06-11 21:00:00,B4104,1.183,0.0,0.0,198.99,1.183,31838.4,35022.240000000005,0.0
2011-06-11 22:00:00,B4104,1.182,0.0,0.0,198.99,1.182,31838.4,35022.240000000005,0.0
2011-06-11 23:00:00,B4104,0.657,0.0,0.0,198.99,0.657,31838.4,35022.240000000005,0.0
2011-06-12 00:00:00,B4104,0.657,0.0,0.0,198.99,0.657,31838.4,35022.240000000005,0.0
2011-06-12 01:00:00,B4104,0.657,0.0,0.0,198.99,0.657,31838.4,35022.240000000005,0.0
2011-06-12 02:00:00,B4104,0.657,0.0,0.0,198.99,0.657,31838.4,35022.240000000005,0.0
2011-06-12 03:00:00,B4104,0.657,0.0,0.0,198.99,0.657,31838.4,35022.240000000005,0.0
2011-06-12 04:00:00,B4104,0.657,0.0,0.0,198.99,0.657,31838.4,35022.240000000005,0.0
2011-06-12 05:00:00,B4104,1.182,0.0,0.0,198.99,1.182,31838.4,35022.240000000005,0.0
2011-06-12 06:00:00,B4104,4.335,0.0,3.87,198.99,0.16500000000000004,31838.4,35022.240000000005,4.17
2011-06-12 07:00:00,B4104,1.183,0.0,4.63,198.99,-3.8970000000000002,31838.4,35022.240000000005,5.08
2011-06-12 08:00:00,B4104,3.057,2.4,6.69,198.99,-4.122999999999999,31838.4,35022.240000000005,7.18
2011-06-12 09:00:00,B4104,3.058,2.4,9.09,198.99,-6.542,31838.4,35022.240000000005,9.6
2011-06-12 10:00:00,B4104,3.058,2.4,11.33,198.99,-8.842,31838.4,35022.240000000005,11.9
2011-06-12 11:00:00,B4104,3.058,2.4,12.48,198.99,-9.992,31838.4,35022.240000000005,13.05
2011-06-12 12:00:00,B4104,6.735,2.4,12.96,198.99,-6.7749999999999995,31838.4,35022.240000000005,13.51
2011-06-12 13:00:00,B4104,1.183,0.0,12.88,198.99,-12.307,31838.4,35022.240000000005,13.49
2011-06-12 14:00:00,B4104,0.657,0.0,10.18,198.99,-10.213,31838.4,35022.240000000005,10.87
2011-06-12 15:00:00,B4104,0.657,0.0,8.81,198.99,-8.873,31838.4,35022.240000000005,9.53
2011-06-12 16:00:00,B4104,0.657,0.0,8.43,198.99,-8.413,31838.4,35022.240000000005,9.07
2011-06-12 17:00:00,B4104,1.183,0.0,6.63,198.99,-5.957,31838.4,35022.240000000005,7.14
2011-06-12 18:00:00,B4104,4.335,0.0,3.07,198.99,0.9649999999999999,31838.4,35022.240000000005,3.37
2011-06-12 19:00:00,B4104,5.386,0.0,0.0,198.99,5.386,31838.4,35022.240000000005,0.0
2011-06-12 20:00:00,B4104,1.183,0.0,0.0,198.99,1.183,31838.4,35022.240000000005,0.0
2011-06-12 21:00:00,B4104,1.183,0.0,0.0,198.99,1.183,31838.4,35022.240000000005,0.0
2011-06-12 22:00:00,B4104,1.183,0.0,0.0,198.99,1.183,31838.4,35022.240000000005,0.0
2011-06-12 23:00:00,B4104,0.657,0.0,0.0,198.99,0.657,31838.4,35022.240000000005,0.0
2011-06-13 00:00:00,B4104,3.057,2.4,0.0,198.99,3.057,31838.4,35022.240000000005,0.0
2011-06-13 01:00:00,B4104,3.057,2.4,0.0,198.99,3.057,31838.4,35022.240000000005,0.0
2011-06-13 02:00:00,B4104,3.057,2.4,0.0,198.99,3.057,31838.4,35022.240000000005,0.0
2011-06-13 03:00:00,B4104,3.057,2.4,0.0,198.99,3.057,31838.4,35022.240000000005,0.0
2011-06-13 04:00:00,B4104,3.057,2.4,0.0,198.99,3.057,31838.4,35022.240000000005,0.0
2011-06-13 05:00:00,B4104,1.183,0.0,0.0,198.99,1.183,31838.4,35022.240000000005,0.0
2011-06-13 06:00:00,B4104,4.336,0.0,5.89,198.99,-2.0539999999999994,31838.4,35022.240000000005,6.39
2011-06-13 07:00:00,B4104,1.183,0.0,5.92,198.99,-5.317,31838.4,35022.240000000005,6.5
2011-06-13 08:00:00,B4104,0.657,0.0,8.22,198.99,-7.993,31838.4,35022.240000000005,8.65
2011-06-13 09:00:00,B4104,0.657,0.0,11.63,198.99,-11.333,31838.4,35022.240000000005,11.99
2011-06-13 10:00:00,B4104,0.657,0.0,13.66,198.99,-13.473,31838.4,35022.240000000005,14.13
2011-06-13 11:00:00,B4104,0.657,0.0,14.22,198.99,-14.123,31838.4,35022.240000000005,14.78
2011-06-13 12:00:00,B4104,4.335,0.0,13.96,198.99,-10.184999999999999,31838.4,35022.240000000005,14.52
2011-06-13 13:00:00,B4104,1.183,0.0,13.69,198.99,-13.107,31838.4,35022.240000000005,14.29
2011-06-13 14:00:00,B4104,0.657,0.0,13.4,198.99,-13.433,31838.4,35022.240000000005,14.09
2011-06-13 15:00:00,B4104,0.657,0.0,12.1,198.99,-12.123,31838.4,35022.240000000005,12.78
2011-06-13 16:00:00,B4104,0.657,0.0,10.0,198.99,-9.923,31838.4,35022.240000000005,10.58
2011-06-13 17:00:00,B4104,1.183,0.0,7.58,198.99,-6.867000000000001,31838.4,35022.240000000005,8.05
2011-06-13 18:00:00,B4104,4.335,0.0,3.99,198.99,-0.054999999999999716,31838.4,35022.240000000005,4.39
2011-06-13 19:00:00,B4104,5.386,0.0,0.0,198.99,5.386,31838.4,35022.240000000005,0.0
2011-06-13 20:00:00,B4104,1.183,0.0,0.0,198.99,1.183,31838.4,35022.240000000005,0.0
2011-06-13 21:00:00,B4104,1.183,0.0,0.0,198.99,1.183,31838.4,35022.240000000005,0.0
2011-06-13 22:00:00,B4104,1.182,0.0,0.0,198.99,1.182,31838.4,35022.240000000005,0.0
2011-06-13 23:00:00,B4104,0.657,0.0,0.0,198.99,0.657,31838.4,35022.240000000005,0.0
2011-06-14 00:00:00,B4104,3.057,2.4,0.0,198.99,3.057,31838.4,35022.240000000005,0.0
2011-06-14 01:00:00,B4104,3.057,2.4,0.0,198.99,3.057,31838.4,35022.240000000005,0.0
2011-06-14 02:00:00,B4104,3.057,2.4,0.0,198.99,3.057,31838.4,35022.240000000005,0.0
2011-06-14 03:00:00,B4104,3.057,2.4,0.0,198.99,3.057,31838.4,35022.240000000005,0.0
2011-06-14 04:00:00,B4104,3.057,2.4,0.0,198.99,3.057,31838.4,35022.240000000005,0.0
2011-06-14 05:00:00,B4104,1.183,0.0,0.0,198.99,1.183,31838.4,35022.240000000005,0.0
2011-06-14 06:00:00,B4104,4.336,0.0,9.37,198.99,-6.074,31838.4,35022.240000000005,10.41
2011-06-14 07:00:00,B4104,1.183,0.0,10.72,198.99,-10.507,31838.4,35022.240000000005,11.69
2011-06-14 08:00:00,B4104,0.657,0.0,12.39,198.99,-12.263,31838.4,35022.240000000005,12.92
2011-06-14 09:00:00,B4104,0.657,0.0,12.71,198.99,-12.413,31838.4,35022.240000000005,13.07
2011-06-14 10:00:00,B4104,0.657,0.0,13.26,198.99,-13.013,31838.4,35022.240000000005,13.67
2011-06-14 11:00:00,B4104,0.657,0.0,14.52,198.99,-14.403,31838.4,35022.240000000005,15.06
2011-06-14 12:00:00,B4104,4.335,0.0,14.49,198.99,-10.704999999999998,31838.4,35022.240000000005,15.04
2011-06-14 13:00:00,B4104,1.183,0.0,13.86,198.99,-13.237,31838.4,35022.240000000005,14.42
2011-06-14 14:00:00,B4104,0.657,0.0,12.66,198.99,-12.663,31838.4,35022.240000000005,13.32
2011-06-14 15:00:00,B4104,0.657,0.0,12.2,198.99,-12.213,31838.4,35022.240000000005,12.87
2011-06-14 16:00:00,B4104,0.657,0.0,11.52,198.99,-11.453,31838.4,35022.240000000005,12.11
2011-06-14 17:00:00,B4104,1.183,0.0,8.88,198.99,-8.187,31838.4,35022.240000000005,9.37
2011-06-14 18:00:00,B4104,4.335,0.0,4.83,198.99,-0.9649999999999999,31838.4,35022.240000000005,5.3
2011-06-14 19:00:00,B4104,5.386,0.0,0.0,198.99,5.386,31838.4,35022.240000000005,0.0
2011-06-14 20:00:00,B4104,1.183,0.0,0.0,198.99,1.183,31838.4,35022.240000000005,0.0
2011-06-14 21:00:00,B4104,1.183,0.0,0.0,198.99,1.183,31838.4,35022.240000000005,0.0
2011-06-14 22:00:00,B4104,1.182,0.0,0.0,198.99,1.182,31838.4,35022.240000000005,0.0
2011-06-14 23:00:00,B4104,0.657,0.0,0.0,198.99,0.657,31838.4,35022.240000000005,0.0
2011-06-15 00:00:00,B4104,3.057,2.4,0.0,198.99,3.057,31838.4,35022.240000000005,0.0
2011-06-15 01:00:00,B4104,3.057,2.4,0.0,198.99,3.057,31838.4,35022.240000000005,0.0
2011-06-15 02:00:00,B4104,3.057,2.4,0.0,198.99,3.057,31838.4,35022.240000000005,0.0
2011-06-15 03:00:00,B4104,3.057,2.4,0.0,198.99,3.057,31838.4,35022.240000000005,0.0
2011-06-15 04:00:00,B4104,3.057,2.4,0.0,198.99,3.057,31838.4,35022.240000000005,0.0
2011-06-15 05:00:00,B4104,1.183,0.0,0.0,198.99,1.183,31838.4,35022.240000000005,0.0
2011-06-15 06:00:00,B4104,4.336,0.0,8.59,198.99,-5.363999999999999,31838.4,35022.240000000005,9.7
2011-06-15 07:00:00,B4104,1.183,0.0,11.14,198.99,-10.967,31838.4,35022.240000000005,12.15
2011-06-15 08:00:00,B4104,0.657,0.0,13.27,198.99,-13.183,31838.4,35022.240000000005,13.84
2011-06-15 09:00:00,B4104,0.657,0.0,14.11,198.99,-13.863,31838.4,35022.240000000005,14.52
2011-06-15 10:00:00,B4104,0.657,0.0,14.24,198.99,-14.073,31838.4,35022.240000000005,14.73
2011-06-15 11:00:00,B4104,0.657,0.0,14.03,198.99,-13.933,31838.4,35022.240000000005,14.59
2011-06-15 12:00:00,B4104,4.335,0.0,14.45,198.99,-10.745000000000001,31838.4,35022.240000000005,15.08
2011-06-15 13:00:00,B4104,1.183,0.0,13.88,198.99,-13.427,31838.4,35022.240000000005,14.61
2011-06-15 14:00:00,B4104,0.657,0.0,12.4,198.99,-12.523,31838.4,35022.240000000005,13.18
2011-06-15 15:00:00,B4104,0.657,0.0,11.42,198.99,-11.513,31838.4,35022.240000000005,12.17
2011-06-15 16:00:00,B4104,0.657,0.0,10.18,198.99,-10.173,31838.4,35022.240000000005,10.83
2011-06-15 17:00:00,B4104,1.183,0.0,8.06,198.99,-7.3870000000000005,31838.4,35022.240000000005,8.57
2011-06-15 18:00:00,B4104,4.335,0.0,4.66,198.99,-0.7850000000000001,31838.4,35022.240000000005,5.12
2011-06-15 19:00:00,B4104,5.386,0.0,0.0,198.99,5.386,31838.4,35022.240000000005,0.0
2011-06-15 20:00:00,B4104,1.183,0.0,0.0,198.99,1.183,31838.4,35022.240000000005,0.0
2011-06-15 21:00:00,B4104,1.183,0.0,0.0,198.99,1.183,31838.4,35022.240000000005,0.0
2011-06-15 22:00:00,B4104,1.182,0.0,0.0,198.99,1.182,31838.4,35022.240000000005,0.0
2011-06-15 23:00:00,B4104,0.657,0.0,0.0,198.99,0.657,31838.4,35022.240000000005,0.0
2011-06-16 00:00:00,B4104,3.057,2.4,0.0,198.99,3.057,31838.4,35022.240000000005,0.0
2011-06-16 01:00:00,B4104,3.057,2.4,0.0,198.99,3.057,31838.4,35022.240000000005,0.0
2011-06-16 02:00:00,B4104,3.057,2.4,0.0,198.99,3.057,31838.4,35022.240000000005,0.0
2011-06-16 03:00:00,B4104,3.057,2.4,0.0,198.99,3.057,31838.4,35022.240000000005,0.0
2011-06-16 04:00:00,B4104,3.057,2.4,0.0,198.99,3.057,31838.4,35022.240000000005,0.0
2011-06-16 05:00:00,B4104,1.183,0.0,0.0,198.99,1.183,31838.4,35022.240000000005,0.0
2011-06-16 06:00:00,B4104,4.336,0.0,10.27,198.99,-7.134,31838.4,35022.240000000005,11.47
2011-06-16 07:00:00,B4104,1.183,0.0,12.01,198.99,-11.917,31838.4,35022.240000000005,13.1
2011-06-16 08:00:00,B4104,0.657,0.0,13.62,198.99,-13.553,31838.4,35022.240000000005,14.21
2011-06-16 09:00:00,B4104,0.657,0.0,14.64,198.99,-14.373,31838.4,35022.240000000005,15.03
2011-06-16 10:00:00,B4104,0.657,0.0,15.32,198.99,-15.073,31838.4,35022.240000000005,15.73
2011-06-16 11:00:00,B4104,0.657,0.0,15.06,198.99,-14.983,31838.4,35022.240000000005,15.64
2011-06-16 12:00:00,B4104,4.335,0.0,14.81,198.99,-11.175,31838.4,35022.240000000005,15.51
2011-06-16 13:00:00,B4104,1.183,0.0,15.23,198.99,-14.657,31838.4,35022.240000000005,15.84
2011-06-16 14:00:00,B4104,0.657,0.0,15.09,198.99,-14.973,31838.4,35022.240000000005,15.63
2011-06-16 15:00:00,B4104,0.657,0.0,13.87,198.99,-13.783,31838.4,35022.240000000005,14.44
2011-06-16 16:00:00,B4104,0.657,0.0,11.78,198.99,-11.663,31838.4,35022.240000000005,12.32
2011-06-16 17:00:00,B4104,1.183,0.0,7.99,198.99,-7.307,31838.4,35022.240000000005,8.49
2011-06-16 18:00:00,B4104,4.335,0.0,3.6,198.99,0.33499999999999996,31838.4,35022.240000000005,4.0
2011-06-16 19:00:00,B4104,5.386,0.0,0.0,198.99,5.386,31838.4,35022.240000000005,0.0
2011-06-16 20:00:00,B4104,1.183,0.0,0.0,198.99,1.183,31838.4,35022.240000000005,0.0
2011-06-16 21:00:00,B4104,1.183,0.0,0.0,198.99,1.183,31838.4,35022.240000000005,0.0
2011-06-16 22:00:00,B4104,1.182,0.0,0.0,198.99,1.182,31838.4,35022.240000000005,0.0
2011-06-16 23:00:00,B4104,0.657,0.0,0.0,198.99,0.657,31838.4,35022.240000000005,0.0
2011-06-17 00:00:00,B4104,3.057,2.4,0.0,198.99,3.057,31838.4,35022.240000000005,0.0
2011-06-17 01:00:00,B4104,3.057,2.4,0.0,198.99,3.057,31838.4,35022.240000000005,0.0
2011-06-17 02:00:00,B4104,3.057,2.4,0.0,198.99,3.057,31838.4,35022.240000000005,0.0
2011-06-17 03:00:00,B4104,3.057,2.4,0.0,198.99,3.057,31838.4,35022.240000000005,0.0
2011-06-17 04:00:00,B4104,3.057,2.4,0.0,198.99,3.057,31838.4,35022.240000000005,0.0
2011-06-17 05:00:00,B4104,1.183,0.0,0.0,198.99,1.183,31838.4,35022.240000000005,0.0
2011-06-17 06:00:00,B4104,4.336,0.0,5.25,198.99,-1.2839999999999998,31838.4,35022.240000000005,5.62
2011-06-17 07:00:00,B4104,1.183,0.0,8.41,198.99,-8.017,31838.4,35022.240000000005,9.2
2011-06-17 08:00:00,B4104,0.657,0.0,11.51,198.99,-11.353,31838.4,35022.240000000005,12.01
2011-06-17 09:00:00,B4104,0.657,0.0,14.29,198.99,-13.973,31838.4,35022.240000000005,14.63
2011-06-17 10:00:00,B4104,0.657,0.0,16.05,198.99,-15.763000000000002,31838.4,35022.240000000005,16.42
2011-06-17 11:00:00,B4104,0.657,0.0,16.74,198.99,-16.483,31838.4,35022.240000000005,17.14
2011-06-17 12:00:00,B4104,4.335,0.0,17.24,198.99,-13.314999999999998,31838.4,35022.240000000005,17.65
2011-06-17 13:00:00,B4104,1.183,0.0,16.88,198.99,-16.157,31838.4,35022.240000000005,17.34
2011-06-17 14:00:00,B4104,0.657,0.0,15.76,198.99,-15.623000000000001,31838.4,35022.240000000005,16.28
2011-06-17 15:00:00,B4104,0.657,0.0,14.04,198.99,-13.923,31838.4,35022.240000000005,14.58
2011-06-17 16:00:00,B4104,0.657,0.0,11.64,198.99,-11.503,31838.4,35022.240000000005,12.16
2011-06-17 17:00:00,B4104,1.183,0.0,8.59,198.99,-7.877000000000001,31838.4,35022.240000000005,9.06
2011-06-17 18:00:00,B4104,4.335,0.0,4.65,198.99,-0.7649999999999997,31838.4,35022.240000000005,5.1
2011-06-17 19:00:00,B4104,5.386,0.0,0.0,198.99,5.386,31838.4,35022.240000000005,0.0
2011-06-17 20:00:00,B4104,1.183,0.0,0.0,198.99,1.183,31838.4,35022.240000000005,0.0
2011-06-17 21:00:00,B4104,1.183,0.0,0.0,198.99,1.183,31838.4,35022.240000000005,0.0
2011-06-17 22:00:00,B4104,1.182,0.0,0.0,198.99,1.182,31838.4,35022.240000000005,0.0
2011-06-17 23:00:00,B4104,0.657,0.0,0.0,198.99,0.657,31838.4,35022.240000000005,0.0
2011-06-18 00:00:00,B4104,0.657,0.0,0.0,198.99,0.657,31838.4,35022.240000000005,0.0
2011-06-18 01:00:00,B4104,0.657,0.0,0.0,198.99,0.657,31838.4,35022.240000000005,0.0
2011-06-18 02:00:00,B4104,0.657,0.0,0.0,198.99,0.657,31838.4,35022.240000000005,0.0
2011-06-18 03:00:00,B4104,0.657,0.0,0.0,198.99,0.657,31838.4,35022.240000000005,0.0
2011-06-18 04:00:00,B4104,0.657,0.0,0.0,198.99,0.657,31838.4,35022.240000000005,0.0
2011-06-18 05:00:00,B4104,1.182,0.0,0.0,198.99,1.182,31838.4,35022.240000000005,0.0
2011-06-18 06:00:00,B4104,4.335,0.0,7.34,198.99,-3.915,31838.4,35022.240000000005,8.25
2011-06-18 07:00:00,B4104,1.183,0.0,8.87,198.99,-8.507,31838.4,35022.240000000005,9.69
2011-06-18 08:00:00,B4104,3.058,2.4,10.86,198.99,-8.332,31838.4,35022.240000000005,11.39
2011-06-18 09:00:00,B4104,3.058,2.4,12.24,198.99,-9.632,31838.4,35022.240000000005,12.69
2011-06-18 10:00:00,B4104,3.058,2.4,12.78,198.99,-10.232,31838.4,35022.240000000005,13.29
2011-06-18 11:00:00,B4104,3.058,2.4,14.96,198.99,-12.402000000000001,31838.4,35022.240000000005,15.46
2011-06-18 12:00:00,B4104,6.735,2.4,16.92,198.99,-10.685000000000002,31838.4,35022.240000000005,17.42
2011-06-18 13:00:00,B4104,1.183,0.0,16.5,198.99,-15.867,31838.4,35022.240000000005,17.05
2011-06-18 14:00:00,B4104,0.657,0.0,15.69,198.99,-15.593,31838.4,35022.240000000005,16.25
2011-06-18 15:00:00,B4104,0.657,0.0,14.25,198.99,-14.143,31838.4,35022.240000000005,14.8
2011-06-18 16:00:00,B4104,0.657,0.0,11.92,198.99,-11.803,31838.4,35022.240000000005,12.46
2011-06-18 17:00:00,B4104,1.183,0.0,8.87,198.99,-8.157,31838.4,35022.240000000005,9.34
2011-06-18 18:00:00,B4104,4.336,0.0,4.89,198.99,-1.024,31838.4,35022.240000000005,5.36
2011-06-18 19:00:00,B4104,5.386,0.0,0.0,198.99,5.386,31838.4,35022.240000000005,0.0
2011-06-18 20:00:00,B4104,1.183,0.0,0.0,198.99,1.183,31838.4,35022.240000000005,0.0
2011-06-18 21:00:00,B4104,1.183,0.0,0.0,198.99,1.183,31838.4,35022.240000000005,0.0
2011-06-18 22:00:00,B4104,1.182,0.0,0.0,198.99,1.182,31838.4,35022.240000000005,0.0
2011-06-18 23:00:00,B4104,0.657,0.0,0.0,198.99,0.657,31838.4,35022.240000000005,0.0
2011-06-19 00:00:00,B4104,0.657,0.0,0.0,198.99,0.657,31838.4,35022.240000000005,0.0
2011-06-19 01:00:00,B4104,0.657,0.0,0.0,198.99,0.657,31838.4,35022.240000000005,0.0
2011-06-19 02:00:00,B4104,0.657,0.0,0.0,198.99,0.657,31838.4,35022.240000000005,0.0
2011-06-19 03:00:00,B4104,0.657,0.0,0.0,198.99,0.657,31838.4,35022.240000000005,0.0
2011-06-19 04:00:00,B4104,0.657,0.0,0.0,198.99,0.657,31838.4,35022.240000000005,0.0
2011-06-19 05:00:00,B4104,1.182,0.0,0.0,198.99,1.182,31838.4,35022.240000000005,0.0
2011-06-19 06:00:00,B4104,4.335,0.0,9.7,198.99,-6.454999999999999,31838.4,35022.240000000005,10.79
2011-06-19 07:00:00,B4104,1.183,0.0,11.61,198.99,-11.487,31838.4,35022.240000000005,12.67
2011-06-19 08:00:00,B4104,3.057,2.4,13.68,198.99,-11.183,31838.4,35022.240000000005,14.24
2011-06-19 09:00:00,B4104,3.058,2.4,14.76,198.99,-12.082,31838.4,35022.240000000005,15.14
2011-06-19 10:00:00,B4104,3.058,2.4,15.66,198.99,-13.052,31838.4,35022.240000000005,16.11
2011-06-19 11:00:00,B4104,3.058,2.4,16.93,198.99,-14.322,31838.4,35022.240000000005,17.38
2011-06-19 12:00:00,B4104,6.735,2.4,17.63,198.99,-11.295000000000002,31838.4,35022.240000000005,18.03
2011-06-19 13:00:00,B4104,1.183,0.0,17.19,198.99,-16.467,31838.4,35022.240000000005,17.65
2011-06-19 14:00:00,B4104,0.657,0.0,16.18,198.99,-16.043,31838.4,35022.240000000005,16.7
2011-06-19 15:00:00,B4104,0.657,0.0,14.43,198.99,-14.323,31838.4,35022.240000000005,14.98
2011-06-19 16:00:00,B4104,0.657,0.0,12.03,198.99,-11.903,31838.4,35022.240000000005,12.56
2011-06-19 17:00:00,B4104,1.183,0.0,8.93,198.99,-8.217,31838.4,35022.240000000005,9.4
2011-06-19 18:00:00,B4104,4.335,0.0,4.91,198.99,-1.045,31838.4,35022.240000000005,5.38
2011-06-19 19:00:00,B4104,5.386,0.0,0.0,198.99,5.386,31838.4,35022.240000000005,0.0
2011-06-19 20:00:00,B4104,1.183,0.0,0.0,198.99,1.183,31838.4,35022.240000000005,0.0
2011-06-19 21:00:00,B4104,1.183,0.0,0.0,198.99,1.183,31838.4,35022.240000000005,0.0
2011-06-19 22:00:00,B4104,1.183,0.0,0.0,198.99,1.183,31838.4,35022.240000000005,0.0
2011-06-19 23:00:00,B4104,0.657,0.0,0.0,198.99,0.657,31838.4,35022.240000000005,0.0
2011-06-20 00:00:00,B4104,3.057,2.4,0.0,198.99,3.057,31838.4,35022.240000000005,0.0
2011-06-20 01:00:00,B4104,3.057,2.4,0.0,198.99,3.057,31838.4,35022.240000000005,0.0
2011-06-20 02:00:00,B4104,3.057,2.4,0.0,198.99,3.057,31838.4,35022.240000000005,0.0
2011-06-20 03:00:00,B4104,3.057,2.4,0.0,198.99,3.057,31838.4,35022.240000000005,0.0
2011-06-20 04:00:00,B4104,3.057,2.4,0.0,198.99,3.057,31838.4,35022.240000000005,0.0
2011-06-20 05:00:00,B4104,1.183,0.0,0.0,198.99,1.183,31838.4,35022.240000000005,0.0
2011-06-20 06:00:00,B4104,4.336,0.0,8.45,198.99,-4.994,31838.4,35022.240000000005,9.33
2011-06-20 07:00:00,B4104,1.183,0.0,9.93,198.99,-9.667,31838.4,35022.240000000005,10.85
2011-06-20 08:00:00,B4104,0.657,0.0,12.41,198.99,-12.363,31838.4,35022.240000000005,13.02
2011-06-20 09:00:00,B4104,0.657,0.0,14.88,198.99,-14.603,31838.4,35022.240000000005,15.26
2011-06-20 10:00:00,B4104,0.657,0.0,16.74,198.99,-16.443,31838.4,35022.240000000005,17.1
2011-06-20 11:00:00,B4104,0.657,0.0,17.66,198.99,-17.383,31838.4,35022.240000000005,18.04
2011-06-20 12:00:00,B4104,4.335,0.0,17.84,198.99,-13.884999999999998,31838.4,35022.240000000005,18.22
2011-06-20 13:00:00,B4104,1.183,0.0,17.31,198.99,-16.567,31838.4,35022.240000000005,17.75
2011-06-20 14:00:00,B4104,0.657,0.0,16.25,198.99,-16.093,31838.4,35022.240000000005,16.75
2011-06-20 15:00:00,B4104,0.657,0.0,14.48,198.99,-14.353,31838.4,35022.240000000005,15.01
2011-06-20 16:00:00,B4104,0.657,0.0,12.05,198.99,-11.923,31838.4,35022.240000000005,12.58
2011-06-20 17:00:00,B4104,1.183,0.0,9.0,198.99,-8.287,31838.4,35022.240000000005,9.47
2011-06-20 18:00:00,B4104,4.335,0.0,4.97,198.99,-1.1150000000000002,31838.4,35022.240000000005,5.45
2011-06-20 19:00:00,B4104,5.386,0.0,0.0,198.99,5.386,31838.4,35022.240000000005,0.0
2011-06-20 20:00:00,B4104,1.183,0.0,0.0,198.99,1.183,31838.4,35022.240000000005,0.0
2011-06-20 21:00:00,B4104,1.183,0.0,0.0,198.99,1.183,31838.4,35022.240000000005,0.0
2011-06-20 22:00:00,B4104,1.182,0.0,0.0,198.99,1.182,31838.4,35022.240000000005,0.0
2011-06-20 23:00:00,B4104,0.657,0.0,0.0,198.99,0.657,31838.4,35022.240000000005,0.0
2011-06-21 00:00:00,B4104,3.057,2.4,0.0,198.99,3.057,31838.4,35022.240000000005,0.0
2011-06-21 01:00:00,B4104,3.057,2.4,0.0,198.99,3.057,31838.4,35022.240000000005,0.0
2011-06-21 02:00:00,B4104,3.057,2.4,0.0,198.99,3.057,31838.4,35022.240000000005,0.0
2011-06-21 03:00:00,B4104,3.057,2.4,0.0,198.99,3.057,31838.4,35022.240000000005,0.0
2011-06-21 04:00:00,B4104,3.057,2.4,0.0,198.99,3.057,31838.4,35022.240000000005,0.0
2011-06-21 05:00:00,B4104,1.183,0.0,0.0,198.99,1.183,31838.4,35022.240000000005,0.0
2011-06-21 06:00:00,B4104,4.336,0.0,9.4,198.99,-6.343999999999999,31838.4,35022.240000000005,10.68
2011-06-21 07:00:00,B4104,1.183,0.0,11.29,198.99,-11.147,31838.4,35022.240000000005,12.33
2011-06-21 08:00:00,B4104,0.657,0.0,14.05,198.99,-13.953,31838.4,35022.240000000005,14.61
2011-06-21 09:00:00,B4104,0.657,0.0,15.62,198.99,-15.263,31838.4,35022.240000000005,15.92
2011-06-21 10:00:00,B4104,0.657,0.0,16.91,198.99,-16.583,31838.4,35022.240000000005,17.24
2011-06-21 11:00:00,B4104,0.657,0.0,17.65,198.99,-17.363,31838.4,35022.240000000005,18.02
2011-06-21 12:00:00,B4104,4.335,0.0,17.77,198.99,-13.814999999999998,31838.4,35022.240000000005,18.15
2011-06-21 13:00:00,B4104,1.183,0.0,17.26,198.99,-16.517,31838.4,35022.240000000005,17.7
2011-06-21 14:00:00,B4104,0.657,0.0,16.21,198.99,-16.063,31838.4,35022.240000000005,16.72
2011-06-21 15:00:00,B4104,0.657,0.0,14.52,198.99,-14.393,31838.4,35022.240000000005,15.05
2011-06-21 16:00:00,B4104,0.657,0.0,12.12,198.99,-11.993,31838.4,35022.240000000005,12.65
2011-06-21 17:00:00,B4104,1.183,0.0,9.05,198.99,-8.337,31838.4,35022.240000000005,9.52
2011-06-21 18:00:00,B4104,4.335,0.0,5.02,198.99,-1.1749999999999998,31838.4,35022.240000000005,5.51
2011-06-21 19:00:00,B4104,5.386,0.0,0.0,198.99,5.386,31838.4,35022.240000000005,0.0
2011-06-21 20:00:00,B4104,1.183,0.0,0.0,198.99,1.183,31838.4,35022.240000000005,0.0
2011-06-21 21:00:00,B4104,1.183,0.0,0.0,198.99,1.183,31838.4,35022.240000000005,0.0
2011-06-21 22:00:00,B4104,1.182,0.0,0.0,198.99,1.182,31838.4,35022.240000000005,0.0
2011-06-21 23:00:00,B4104,0.657,0.0,0.0,198.99,0.657,31838.4,35022.240000000005,0.0
2011-06-22 00:00:00,B4104,3.057,2.4,0.0,198.99,3.057,31838.4,35022.240000000005,0.0
2011-06-22 01:00:00,B4104,3.057,2.4,0.0,198.99,3.057,31838.4,35022.240000000005,0.0
2011-06-22 02:00:00,B4104,3.057,2.4,0.0,198.99,3.057,31838.4,35022.240000000005,0.0
2011-06-22 03:00:00,B4104,3.057,2.4,0.0,198.99,3.057,31838.4,35022.240000000005,0.0
2011-06-22 04:00:00,B4104,3.057,2.4,0.0,198.99,3.057,31838.4,35022.240000000005,0.0
2011-06-22 05:00:00,B4104,1.183,0.0,0.0,198.99,1.183,31838.4,35022.240000000005,0.0
2011-06-22 06:00:00,B4104,4.336,0.0,10.11,198.99,-6.933999999999999,31838.4,35022.240000000005,11.27
2011-06-22 07:00:00,B4104,1.183,0.0,11.86,198.99,-11.767,31838.4,35022.240000000005,12.95
2011-06-22 08:00:00,B4104,0.657,0.0,14.17,198.99,-14.073,31838.4,35022.240000000005,14.73
2011-06-22 09:00:00,B4104,0.657,0.0,15.68,198.99,-15.323,31838.4,35022.240000000005,15.98
2011-06-22 10:00:00,B4104,0.657,0.0,16.94,198.99,-16.603,31838.4,35022.240000000005,17.26
2011-06-22 11:00:00,B4104,0.657,0.0,17.7,198.99,-17.393,31838.4,35022.240000000005,18.05
2011-06-22 12:00:00,B4104,4.335,0.0,17.72,198.99,-13.754999999999999,31838.4,35022.240000000005,18.09
2011-06-22 13:00:00,B4104,1.183,0.0,17.12,198.99,-16.367,31838.4,35022.240000000005,17.55
2011-06-22 14:00:00,B4104,0.657,0.0,15.99,198.99,-15.832999999999998,31838.4,35022.240000000005,16.49
2011-06-22 15:00:00,B4104,0.657,0.0,14.23,198.99,-14.093,31838.4,35022.240000000005,14.75
2011-06-22 16:00:00,B4104,0.657,0.0,11.81,198.99,-11.663,31838.4,35022.240000000005,12.32
2011-06-22 17:00:00,B4104,1.183,0.0,8.75,198.99,-8.017,31838.4,35022.240000000005,9.2
2011-06-22 18:00:00,B4104,4.335,0.0,4.81,198.99,-0.9349999999999996,31838.4,35022.240000000005,5.27
2011-06-22 19:00:00,B4104,5.386,0.0,0.0,198.99,5.0360000000000005,31838.4,35022.240000000005,0.35
2011-06-22 20:00:00,B4104,1.183,0.0,0.0,198.99,1.183,31838.4,35022.240000000005,0.0
2011-06-22 21:00:00,B4104,1.183,0.0,0.0,198.99,1.183,31838.4,35022.240000000005,0.0
2011-06-22 22:00:00,B4104,1.182,0.0,0.0,198.99,1.182,31838.4,35022.240000000005,0.0
2011-06-22 23:00:00,B4104,0.657,0.0,0.0,198.99,0.657,31838.4,35022.240000000005,0.0
2011-06-23 00:00:00,B4104,3.057,2.4,0.0,198.99,3.057,31838.4,35022.240000000005,0.0
2011-06-23 01:00:00,B4104,3.057,2.4,0.0,198.99,3.057,31838.4,35022.240000000005,0.0
2011-06-23 02:00:00,B4104,3.057,2.4,0.0,198.99,3.057,31838.4,35022.240000000005,0.0
2011-06-23 03:00:00,B4104,3.057,2.4,0.0,198.99,3.057,31838.4,35022.240000000005,0.0
2011-06-23 04:00:00,B4104,3.057,2.4,0.0,198.99,3.057,31838.4,35022.240000000005,0.0
2011-06-23 05:00:00,B4104,1.183,0.0,0.0,198.99,1.183,31838.4,35022.240000000005,0.0
2011-06-23 06:00:00,B4104,4.336,0.0,10.48,198.99,-7.404,31838.4,35022.240000000005,11.74
2011-06-23 07:00:00,B4104,1.183,0.0,11.84,198.99,-11.737,31838.4,35022.240000000005,12.92
2011-06-23 08:00:00,B4104,0.657,0.0,13.95,198.99,-13.843,31838.4,35022.240000000005,14.5
2011-06-23 09:00:00,B4104,0.657,0.0,15.69,198.99,-15.313,31838.4,35022.240000000005,15.97
2011-06-23 10:00:00,B4104,0.657,0.0,16.56,198.99,-16.203,31838.4,35022.240000000005,16.86
2011-06-23 11:00:00,B4104,0.657,0.0,17.34,198.99,-17.023,31838.4,35022.240000000005,17.68
2011-06-23 12:00:00,B4104,4.335,0.0,17.44,198.99,-13.465,31838.4,35022.240000000005,17.8
2011-06-23 13:00:00,B4104,1.183,0.0,16.87,198.99,-16.107,31838.4,35022.240000000005,17.29
2011-06-23 14:00:00,B4104,0.657,0.0,15.78,198.99,-15.603000000000002,31838.4,35022.240000000005,16.26
2011-06-23 15:00:00,B4104,0.657,0.0,14.15,198.99,-14.013,31838.4,35022.240000000005,14.67
2011-06-23 16:00:00,B4104,0.657,0.0,11.86,198.99,-11.713,31838.4,35022.240000000005,12.37
2011-06-23 17:00:00,B4104,1.183,0.0,8.91,198.99,-8.187,31838.4,35022.240000000005,9.37
2011-06-23 18:00:00,B4104,4.335,0.0,4.99,198.99,-1.125,31838.4,35022.240000000005,5.46
2011-06-23 19:00:00,B4104,5.386,0.0,0.0,198.99,5.006,31838.4,35022.240000000005,0.38
2011-06-23 20:00:00,B4104,1.183,0.0,0.0,198.99,1.183,31838.4,35022.240000000005,0.0
2011-06-23 21:00:00,B4104,1.183,0.0,0.0,198.99,1.183,31838.4,35022.240000000005,0.0
2011-06-23 22:00:00,B4104,1.182,0.0,0.0,198.99,1.182,31838.4,35022.240000000005,0.0
2011-06-23 23:00:00,B4104,0.657,0.0,0.0,198.99,0.657,31838.4,35022.240000000005,0.0
2011-06-24 00:00:00,B4104,3.057,2.4,0.0,198.99,3.057,31838.4,35022.240000000005,0.0
2011-06-24 01:00:00,B4104,3.057,2.4,0.0,198.99,3.057,31838.4,35022.240000000005,0.0
2011-06-24 02:00:00,B4104,3.057,2.4,0.0,198.99,3.057,31838.4,35022.240000000005,0.0
2011-06-24 03:00:00,B4104,3.057,2.4,0.0,198.99,3.057,31838.4,35022.240000000005,0.0
2011-06-24 04:00:00,B4104,3.057,2.4,0.0,198.99,3.057,31838.4,35022.240000000005,0.0
2011-06-24 05:00:00,B4104,1.183,0.0,0.0,198.99,1.183,31838.4,35022.240000000005,0.0
2011-06-24 06:00:00,B4104,4.336,0.0,10.52,198.99,-7.443999999999999,31838.4,35022.240000000005,11.78
2011-06-24 07:00:00,B4104,1.183,0.0,12.21,198.99,-12.147,31838.4,35022.240000000005,13.33
2011-06-24 08:00:00,B4104,0.657,0.0,14.44,198.99,-14.343,31838.4,35022.240000000005,15.0
2011-06-24 09:00:00,B4104,0.657,0.0,15.8,198.99,-15.443000000000001,31838.4,35022.240000000005,16.1
2011-06-24 10:00:00,B4104,0.657,0.0,16.9,198.99,-16.553,31838.4,35022.240000000005,17.21
2011-06-24 11:00:00,B4104,0.657,0.0,17.57,198.99,-17.263,31838.4,35022.240000000005,17.92
2011-06-24 12:00:00,B4104,4.335,0.0,17.57,198.99,-13.614999999999998,31838.4,35022.240000000005,17.95
2011-06-24 13:00:00,B4104,1.183,0.0,17.07,198.99,-16.327,31838.4,35022.240000000005,17.51
2011-06-24 14:00:00,B4104,0.657,0.0,16.04,198.99,-15.873000000000001,31838.4,35022.240000000005,16.53
2011-06-24 15:00:00,B4104,0.657,0.0,14.34,198.99,-14.203,31838.4,35022.240000000005,14.86
2011-06-24 16:00:00,B4104,0.657,0.0,11.96,198.99,-11.823,31838.4,35022.240000000005,12.48
2011-06-24 17:00:00,B4104,1.183,0.0,8.89,198.99,-8.167,31838.4,35022.240000000005,9.35
2011-06-24 18:00:00,B4104,4.335,0.0,4.76,198.99,-0.8849999999999998,31838.4,35022.240000000005,5.22
2011-06-24 19:00:00,B4104,5.386,0.0,0.0,198.99,5.0760000000000005,31838.4,35022.240000000005,0.31
2011-06-24 20:00:00,B4104,1.183,0.0,0.0,198.99,1.183,31838.4,35022.240000000005,0.0
2011-06-24 21:00:00,B4104,1.183,0.0,0.0,198.99,1.183,31838.4,35022.240000000005,0.0
2011-06-24 22:00:00,B4104,1.182,0.0,0.0,198.99,1.182,31838.4,35022.240000000005,0.0
2011-06-24 23:00:00,B4104,0.657,0.0,0.0,198.99,0.657,31838.4,35022.240000000005,0.0
2011-06-25 00:00:00,B4104,0.657,0.0,0.0,198.99,0.657,31838.4,35022.240000000005,0.0
2011-06-25 01:00:00,B4104,0.657,0.0,0.0,198.99,0.657,31838.4,35022.240000000005,0.0
2011-06-25 02:00:00,B4104,0.657,0.0,0.0,198.99,0.657,31838.4,35022.240000000005,0.0
2011-06-25 03:00:00,B4104,0.657,0.0,0.0,198.99,0.657,31838.4,35022.240000000005,0.0
2011-06-25 04:00:00,B4104,0.657,0.0,0.0,198.99,0.657,31838.4,35022.240000000005,0.0
2011-06-25 05:00:00,B4104,1.182,0.0,0.0,198.99,1.182,31838.4,35022.240000000005,0.0
2011-06-25 06:00:00,B4104,4.335,0.0,6.81,198.99,-3.4749999999999996,31838.4,35022.240000000005,7.81
2011-06-25 07:00:00,B4104,1.183,0.0,9.95,198.99,-9.697000000000001,31838.4,35022.240000000005,10.88
2011-06-25 08:00:00,B4104,3.058,2.4,12.95,198.99,-10.492,31838.4,35022.240000000005,13.55
2011-06-25 09:00:00,B4104,3.058,2.4,15.05,198.99,-12.352,31838.4,35022.240000000005,15.41
2011-06-25 10:00:00,B4104,3.058,2.4,15.93,198.99,-13.242,31838.4,35022.240000000005,16.3
2011-06-25 11:00:00,B4104,3.058,2.4,16.48,198.99,-13.832,31838.4,35022.240000000005,16.89
2011-06-25 12:00:00,B4104,6.735,2.4,16.92,198.99,-10.625,31838.4,35022.240000000005,17.36
2011-06-25 13:00:00,B4104,1.183,0.0,16.69,198.99,-15.977,31838.4,35022.240000000005,17.16
2011-06-25 14:00:00,B4104,0.657,0.0,15.8,198.99,-15.643,31838.4,35022.240000000005,16.3
2011-06-25 15:00:00,B4104,0.657,0.0,14.1,198.99,-13.963,31838.4,35022.240000000005,14.62
2011-06-25 16:00:00,B4104,0.657,0.0,11.78,198.99,-11.653,31838.4,35022.240000000005,12.31
2011-06-25 17:00:00,B4104,1.183,0.0,8.77,198.99,-8.057,31838.4,35022.240000000005,9.24
2011-06-25 18:00:00,B4104,4.336,0.0,4.89,198.99,-1.0139999999999993,31838.4,35022.240000000005,5.35
2011-06-25 19:00:00,B4104,5.386,0.0,0.0,198.99,5.026,31838.4,35022.240000000005,0.36
2011-06-25 20:00:00,B4104,1.183,0.0,0.0,198.99,1.183,31838.4,35022.240000000005,0.0
2011-06-25 21:00:00,B4104,1.183,0.0,0.0,198.99,1.183,31838.4,35022.240000000005,0.0
2011-06-25 22:00:00,B4104,1.182,0.0,0.0,198.99,1.182,31838.4,35022.240000000005,0.0
2011-06-25 23:00:00,B4104,0.657,0.0,0.0,198.99,0.657,31838.4,35022.240000000005,0.0
2011-06-26 00:00:00,B4104,0.657,0.0,0.0,198.99,0.657,31838.4,35022.240000000005,0.0
2011-06-26 01:00:00,B4104,0.657,0.0,0.0,198.99,0.657,31838.4,35022.240000000005,0.0
2011-06-26 02:00:00,B4104,0.657,0.0,0.0,198.99,0.657,31838.4,35022.240000000005,0.0
2011-06-26 03:00:00,B4104,0.657,0.0,0.0,198.99,0.657,31838.4,35022.240000000005,0.0
2011-06-26 04:00:00,B4104,0.657,0.0,0.0,198.99,0.657,31838.4,35022.240000000005,0.0
2011-06-26 05:00:00,B4104,1.182,0.0,0.0,198.99,1.182,31838.4,35022.240000000005,0.0
2011-06-26 06:00:00,B4104,4.335,0.0,7.5,198.99,-4.095,31838.4,35022.240000000005,8.43
2011-06-26 07:00:00,B4104,1.183,0.0,10.54,198.99,-10.347,31838.4,35022.240000000005,11.53
2011-06-26 08:00:00,B4104,3.057,2.4,14.01,198.99,-11.533,31838.4,35022.240000000005,14.59
2011-06-26 09:00:00,B4104,3.058,2.4,16.01,198.99,-13.251999999999999,31838.4,35022.240000000005,16.31
2011-06-26 10:00:00,B4104,3.058,2.4,17.2,198.99,-14.472000000000001,31838.4,35022.240000000005,17.53
2011-06-26 11:00:00,B4104,3.058,2.4,17.9,198.99,-15.262,31838.4,35022.240000000005,18.32
2011-06-26 12:00:00,B4104,6.735,2.4,17.91,198.99,-11.594999999999999,31838.4,35022.240000000005,18.33
2011-06-26 13:00:00,B4104,1.183,0.0,17.44,198.99,-16.707,31838.4,35022.240000000005,17.89
2011-06-26 14:00:00,B4104,0.657,0.0,16.25,198.99,-16.113,31838.4,35022.240000000005,16.77
2011-06-26 15:00:00,B4104,0.657,0.0,14.54,198.99,-14.423,31838.4,35022.240000000005,15.08
2011-06-26 16:00:00,B4104,0.657,0.0,12.09,198.99,-11.973,31838.4,35022.240000000005,12.63
2011-06-26 17:00:00,B4104,1.183,0.0,8.74,198.99,-8.027000000000001,31838.4,35022.240000000005,9.21
2011-06-26 18:00:00,B4104,4.335,0.0,4.62,198.99,-0.7249999999999996,31838.4,35022.240000000005,5.06
2011-06-26 19:00:00,B4104,5.386,0.0,0.0,198.99,5.0760000000000005,31838.4,35022.240000000005,0.31
2011-06-26 20:00:00,B4104,1.183,0.0,0.0,198.99,1.183,31838.4,35022.240000000005,0.0
2011-06-26 21:00:00,B4104,1.183,0.0,0.0,198.99,1.183,31838.4,35022.240000000005,0.0
2011-06-26 22:00:00,B4104,1.183,0.0,0.0,198.99,1.183,31838.4,35022.240000000005,0.0
2011-06-26 23:00:00,B4104,0.657,0.0,0.0,198.99,0.657,31838.4,35022.240000000005,0.0
2011-06-27 00:00:00,B4104,3.057,2.4,0.0,198.99,3.057,31838.4,35022.240000000005,0.0
2011-06-27 01:00:00,B4104,3.057,2.4,0.0,198.99,3.057,31838.4,35022.240000000005,0.0
2011-06-27 02:00:00,B4104,3.057,2.4,0.0,198.99,3.057,31838.4,35022.240000000005,0.0
2011-06-27 03:00:00,B4104,3.057,2.4,0.0,198.99,3.057,31838.4,35022.240000000005,0.0
2011-06-27 04:00:00,B4104,3.057,2.4,0.0,198.99,3.057,31838.4,35022.240000000005,0.0
2011-06-27 05:00:00,B4104,1.183,0.0,0.0,198.99,1.183,31838.4,35022.240000000005,0.0
2011-06-27 06:00:00,B4104,4.336,0.0,5.72,198.99,-1.9739999999999993,31838.4,35022.240000000005,6.31
2011-06-27 07:00:00,B4104,1.183,0.0,6.91,198.99,-6.377,31838.4,35022.240000000005,7.56
2011-06-27 08:00:00,B4104,0.657,0.0,9.99,198.99,-10.023,31838.4,35022.240000000005,10.68
2011-06-27 09:00:00,B4104,0.657,0.0,13.04,198.99,-12.993,31838.4,35022.240000000005,13.65
2011-06-27 10:00:00,B4104,0.657,0.0,15.82,198.99,-15.663,31838.4,35022.240000000005,16.32
2011-06-27 11:00:00,B4104,0.657,0.0,17.24,198.99,-17.023,31838.4,35022.240000000005,17.68
2011-06-27 12:00:00,B4104,4.335,0.0,17.47,198.99,-13.585,31838.4,35022.240000000005,17.92
2011-06-27 13:00:00,B4104,1.183,0.0,16.74,198.99,-16.097,31838.4,35022.240000000005,17.28
2011-06-27 14:00:00,B4104,0.657,0.0,15.58,198.99,-15.503,31838.4,35022.240000000005,16.16
2011-06-27 15:00:00,B4104,0.657,0.0,13.85,198.99,-13.773,31838.4,35022.240000000005,14.43
2011-06-27 16:00:00,B4104,0.657,0.0,11.23,198.99,-11.113,31838.4,35022.240000000005,11.77
2011-06-27 17:00:00,B4104,1.183,0.0,8.25,198.99,-7.537000000000001,31838.4,35022.240000000005,8.72
2011-06-27 18:00:00,B4104,4.335,0.0,4.54,198.99,-0.6349999999999998,31838.4,35022.240000000005,4.97
2011-06-27 19:00:00,B4104,5.386,0.0,0.0,198.99,5.066,31838.4,35022.240000000005,0.32
2011-06-27 20:00:00,B4104,1.183,0.0,0.0,198.99,1.183,31838.4,35022.240000000005,0.0
2011-06-27 21:00:00,B4104,1.183,0.0,0.0,198.99,1.183,31838.4,35022.240000000005,0.0
2011-06-27 22:00:00,B4104,1.182,0.0,0.0,198.99,1.182,31838.4,35022.240000000005,0.0
2011-06-27 23:00:00,B4104,0.657,0.0,0.0,198.99,0.657,31838.4,35022.240000000005,0.0
2011-06-28 00:00:00,B4104,3.057,2.4,0.0,198.99,3.057,31838.4,35022.240000000005,0.0
2011-06-28 01:00:00,B4104,3.057,2.4,0.0,198.99,3.057,31838.4,35022.240000000005,0.0
2011-06-28 02:00:00,B4104,3.057,2.4,0.0,198.99,3.057,31838.4,35022.240000000005,0.0
2011-06-28 03:00:00,B4104,3.057,2.4,0.0,198.99,3.057,31838.4,35022.240000000005,0.0
2011-06-28 04:00:00,B4104,3.057,2.4,0.0,198.99,3.057,31838.4,35022.240000000005,0.0
2011-06-28 05:00:00,B4104,1.183,0.0,0.0,198.99,1.183,31838.4,35022.240000000005,0.0
2011-06-28 06:00:00,B4104,4.336,0.0,4.36,198.99,-0.274,31838.4,35022.240000000005,4.61
2011-06-28 07:00:00,B4104,1.183,0.0,7.81,198.99,-7.377000000000001,31838.4,35022.240000000005,8.56
2011-06-28 08:00:00,B4104,0.657,0.0,11.1,198.99,-10.993,31838.4,35022.240000000005,11.65
2011-06-28 09:00:00,B4104,0.657,0.0,12.37,198.99,-12.203,31838.4,35022.240000000005,12.86
2011-06-28 10:00:00,B4104,0.657,0.0,12.24,198.99,-12.203,31838.4,35022.240000000005,12.86
2011-06-28 11:00:00,B4104,0.657,0.0,12.64,198.99,-12.613,31838.4,35022.240000000005,13.27
2011-06-28 12:00:00,B4104,4.335,0.0,14.01,198.99,-10.305,31838.4,35022.240000000005,14.64
2011-06-28 13:00:00,B4104,1.183,0.0,14.54,198.99,-14.097,31838.4,35022.240000000005,15.28
2011-06-28 14:00:00,B4104,0.657,0.0,13.03,198.99,-13.193,31838.4,35022.240000000005,13.85
2011-06-28 15:00:00,B4104,0.657,0.0,10.66,198.99,-10.783,31838.4,35022.240000000005,11.44
2011-06-28 16:00:00,B4104,0.657,0.0,9.9,198.99,-9.893,31838.4,35022.240000000005,10.55
2011-06-28 17:00:00,B4104,1.183,0.0,7.85,198.99,-7.127000000000001,31838.4,35022.240000000005,8.31
2011-06-28 18:00:00,B4104,4.335,0.0,4.1,198.99,-0.20500000000000007,31838.4,35022.240000000005,4.54
2011-06-28 19:00:00,B4104,5.386,0.0,0.0,198.99,5.106,31838.4,35022.240000000005,0.28
2011-06-28 20:00:00,B4104,1.183,0.0,0.0,198.99,1.183,31838.4,35022.240000000005,0.0
2011-06-28 21:00:00,B4104,1.183,0.0,0.0,198.99,1.183,31838.4,35022.240000000005,0.0
2011-06-28 22:00:00,B4104,1.182,0.0,0.0,198.99,1.182,31838.4,35022.240000000005,0.0
2011-06-28 23:00:00,B4104,0.657,0.0,0.0,198.99,0.657,31838.4,35022.240000000005,0.0
2011-06-29 00:00:00,B4104,3.057,2.4,0.0,198.99,3.057,31838.4,35022.240000000005,0.0
2011-06-29 01:00:00,B4104,3.057,2.4,0.0,198.99,3.057,31838.4,35022.240000000005,0.0
2011-06-29 02:00:00,B4104,3.057,2.4,0.0,198.99,3.057,31838.4,35022.240000000005,0.0
2011-06-29 03:00:00,B4104,3.057,2.4,0.0,198.99,3.057,31838.4,35022.240000000005,0.0
2011-06-29 04:00:00,B4104,3.057,2.4,0.0,198.99,3.057,31838.4,35022.240000000005,0.0
2011-06-29 05:00:00,B4104,1.183,0.0,0.0,198.99,1.183,31838.4,35022.240000000005,0.0
2011-06-29 06:00:00,B4104,4.336,0.0,8.99,198.99,-5.804,31838.4,35022.240000000005,10.14
2011-06-29 07:00:00,B4104,1.183,0.0,10.75,198.99,-10.577,31838.4,35022.240000000005,11.76
2011-06-29 08:00:00,B4104,0.657,0.0,13.34,198.99,-13.243,31838.4,35022.240000000005,13.9
2011-06-29 09:00:00,B4104,0.657,0.0,14.98,198.99,-14.653,31838.4,35022.240000000005,15.31
2011-06-29 10:00:00,B4104,0.657,0.0,16.21,198.99,-15.893,31838.4,35022.240000000005,16.55
2011-06-29 11:00:00,B4104,0.657,0.0,17.09,198.99,-16.803,31838.4,35022.240000000005,17.46
2011-06-29 12:00:00,B4104,4.335,0.0,17.31,198.99,-13.364999999999998,31838.4,35022.240000000005,17.7
2011-06-29 13:00:00,B4104,1.183,0.0,16.82,198.99,-16.067,31838.4,35022.240000000005,17.25
2011-06-29 14:00:00,B4104,0.657,0.0,15.74,198.99,-15.573,31838.4,35022.240000000005,16.23
2011-06-29 15:00:00,B4104,0.657,0.0,14.04,198.99,-13.903,31838.4,35022.240000000005,14.56
2011-06-29 16:00:00,B4104,0.657,0.0,11.68,198.99,-11.543,31838.4,35022.240000000005,12.2
2011-06-29 17:00:00,B4104,1.183,0.0,8.71,198.99,-7.977,31838.4,35022.240000000005,9.16
2011-06-29 18:00:00,B4104,4.335,0.0,4.82,198.99,-0.9450000000000003,31838.4,35022.240000000005,5.28
2011-06-29 19:00:00,B4104,5.386,0.0,0.0,198.99,5.0360000000000005,31838.4,35022.240000000005,0.35
2011-06-29 20:00:00,B4104,1.183,0.0,0.0,198.99,1.183,31838.4,35022.240000000005,0.0
2011-06-29 21:00:00,B4104,1.183,0.0,0.0,198.99,1.183,31838.4,35022.240000000005,0.0
2011-06-29 22:00:00,B4104,1.182,0.0,0.0,198.99,1.182,31838.4,35022.240000000005,0.0
2011-06-29 23:00:00,B4104,0.657,0.0,0.0,198.99,0.657,31838.4,35022.240000000005,0.0
2011-06-30 00:00:00,B4104,3.057,2.4,0.0,198.99,3.057,31838.4,35022.240000000005,0.0
2011-06-30 01:00:00,B4104,3.057,2.4,0.0,198.99,3.057,31838.4,35022.240000000005,0.0
2011-06-30 02:00:00,B4104,3.057,2.4,0.0,198.99,3.057,31838.4,35022.240000000005,0.0
2011-06-30 03:00:00,B4104,3.057,2.4,0.0,198.99,3.057,31838.4,35022.240000000005,0.0
2011-06-30 04:00:00,B4104,3.057,2.4,0.0,198.99,3.057,31838.4,35022.240000000005,0.0
2011-06-30 05:00:00,B4104,1.183,0.0,0.0,198.99,1.183,31838.4,35022.240000000005,0.0
2011-06-30 06:00:00,B4104,4.336,0.0,6.98,198.99,-3.5039999999999996,31838.4,35022.240000000005,7.84
2011-06-30 07:00:00,B4104,1.183,0.0,9.54,198.99,-9.257,31838.4,35022.240000000005,10.44
2011-06-30 08:00:00,B4104,0.657,0.0,12.97,198.99,-12.873,31838.4,35022.240000000005,13.53
2011-06-30 09:00:00,B4104,0.657,0.0,15.48,198.99,-15.123,31838.4,35022.240000000005,15.78
2011-06-30 10:00:00,B4104,0.657,0.0,16.78,198.99,-16.443,31838.4,35022.240000000005,17.1
2011-06-30 11:00:00,B4104,0.657,0.0,17.58,198.99,-17.273,31838.4,35022.240000000005,17.93
2011-06-30 12:00:00,B4104,4.335,0.0,17.67,198.99,-13.704999999999998,31838.4,35022.240000000005,18.04
2011-06-30 13:00:00,B4104,1.183,0.0,17.13,198.99,-16.377,31838.4,35022.240000000005,17.56
2011-06-30 14:00:00,B4104,0.657,0.0,16.03,198.99,-15.863,31838.4,35022.240000000005,16.52
2011-06-30 15:00:00,B4104,0.657,0.0,14.19,198.99,-14.063,31838.4,35022.240000000005,14.72
2011-06-30 16:00:00,B4104,0.657,0.0,11.84,198.99,-11.713,31838.4,35022.240000000005,12.37
2011-06-30 17:00:00,B4104,1.183,0.0,8.92,198.99,-8.197000000000001,31838.4,35022.240000000005,9.38
2011-06-30 18:00:00,B4104,4.335,0.0,5.0,198.99,-1.1849999999999996,31838.4,35022.240000000005,5.52
2011-06-30 19:00:00,B4104,5.386,0.0,0.0,198.99,5.016,31838.4,35022.240000000005,0.37
2011-06-30 20:00:00,B4104,1.183,0.0,0.0,198.99,1.183,31838.4,35022.240000000005,0.0
2011-06-30 21:00:00,B4104,1.183,0.0,0.0,198.99,1.183,31838.4,35022.240000000005,0.0
2011-06-30 22:00:00,B4104,1.182,0.0,0.0,198.99,1.182,31838.4,35022.240000000005,0.0
2011-06-30 23:00:00,B4104,0.657,0.0,0.0,198.99,0.657,31838.4,35022.240000000005,0.0
2011-07-01 00:00:00,B4104,3.057,2.4,0.0,198.99,3.057,31838.4,35022.240000000005,0.0
2011-07-01 01:00:00,B4104,3.057,2.4,0.0,198.99,3.057,31838.4,35022.240000000005,0.0
2011-07-01 02:00:00,B4104,3.057,2.4,0.0,198.99,3.057,31838.4,35022.240000000005,0.0
2011-07-01 03:00:00,B4104,3.057,2.4,0.0,198.99,3.057,31838.4,35022.240000000005,0.0
2011-07-01 04:00:00,B4104,3.057,2.4,0.0,198.99,3.057,31838.4,35022.240000000005,0.0
2011-07-01 05:00:00,B4104,1.183,0.0,0.0,198.99,1.183,31838.4,35022.240000000005,0.0
2011-07-01 06:00:00,B4104,4.336,0.0,10.93,198.99,-7.953999999999999,31838.4,35022.240000000005,12.29
2011-07-01 07:00:00,B4104,1.183,0.0,12.48,198.99,-12.457,31838.4,35022.240000000005,13.64
2011-07-01 08:00:00,B4104,0.657,0.0,14.64,198.99,-14.543,31838.4,35022.240000000005,15.2
2011-07-01 09:00:00,B4104,0.657,0.0,15.92,198.99,-15.562999999999999,31838.4,35022.240000000005,16.22
2011-07-01 10:00:00,B4104,0.657,0.0,17.06,198.99,-16.723,31838.4,35022.240000000005,17.38
2011-07-01 11:00:00,B4104,0.657,0.0,17.76,198.99,-17.463,31838.4,35022.240000000005,18.12
2011-07-01 12:00:00,B4104,4.335,0.0,17.82,198.99,-13.855,31838.4,35022.240000000005,18.19
2011-07-01 13:00:00,B4104,1.183,0.0,17.34,198.99,-16.597,31838.4,35022.240000000005,17.78
2011-07-01 14:00:00,B4104,0.657,0.0,16.17,198.99,-16.013,31838.4,35022.240000000005,16.67
2011-07-01 15:00:00,B4104,0.657,0.0,14.53,198.99,-14.403,31838.4,35022.240000000005,15.06
2011-07-01 16:00:00,B4104,0.657,0.0,12.14,198.99,-12.013,31838.4,35022.240000000005,12.67
2011-07-01 17:00:00,B4104,1.183,0.0,9.08,198.99,-8.367,31838.4,35022.240000000005,9.55
2011-07-01 18:00:00,B4104,4.335,0.0,5.09,198.99,-1.2750000000000004,31838.4,35022.240000000005,5.61
2011-07-01 19:00:00,B4104,5.386,0.0,0.0,198.99,5.006,31838.4,35022.240000000005,0.38
2011-07-01 20:00:00,B4104,1.183,0.0,0.0,198.99,1.183,31838.4,35022.240000000005,0.0
2011-07-01 21:00:00,B4104,1.183,0.0,0.0,198.99,1.183,31838.4,35022.240000000005,0.0
2011-07-01 22:00:00,B4104,1.182,0.0,0.0,198.99,1.182,31838.4,35022.240000000005,0.0
2011-07-01 23:00:00,B4104,0.657,0.0,0.0,198.99,0.657,31838.4,35022.240000000005,0.0
2011-07-02 00:00:00,B4104,0.657,0.0,0.0,198.99,0.657,31838.4,35022.240000000005,0.0
2011-07-02 01:00:00,B4104,0.657,0.0,0.0,198.99,0.657,31838.4,35022.240000000005,0.0
2011-07-02 02:00:00,B4104,0.657,0.0,0.0,198.99,0.657,31838.4,35022.240000000005,0.0
2011-07-02 03:00:00,B4104,0.657,0.0,0.0,198.99,0.657,31838.4,35022.240000000005,0.0
2011-07-02 04:00:00,B4104,0.657,0.0,0.0,198.99,0.657,31838.4,35022.240000000005,0.0
2011-07-02 05:00:00,B4104,1.182,0.0,0.0,198.99,1.182,31838.4,35022.240000000005,0.0
2011-07-02 06:00:00,B4104,4.335,0.0,8.68,198.99,-5.505,31838.4,35022.240000000005,9.84
2011-07-02 07:00:00,B4104,1.183,0.0,11.31,198.99,-11.187,31838.4,35022.240000000005,12.37
2011-07-02 08:00:00,B4104,3.058,2.4,14.22,198.99,-11.742,31838.4,35022.240000000005,14.8
2011-07-02 09:00:00,B4104,3.058,2.4,15.51,198.99,-12.782,31838.4,35022.240000000005,15.84
2011-07-02 10:00:00,B4104,3.058,2.4,16.62,198.99,-13.922,31838.4,35022.240000000005,16.98
2011-07-02 11:00:00,B4104,3.058,2.4,17.29,198.99,-14.652000000000001,31838.4,35022.240000000005,17.71
2011-07-02 12:00:00,B4104,6.735,2.4,17.47,198.99,-11.155000000000001,31838.4,35022.240000000005,17.89
2011-07-02 13:00:00,B4104,1.183,0.0,17.0,198.99,-16.327,31838.4,35022.240000000005,17.51
2011-07-02 14:00:00,B4104,0.657,0.0,15.95,198.99,-15.913,31838.4,35022.240000000005,16.57
2011-07-02 15:00:00,B4104,0.657,0.0,14.09,198.99,-14.053,31838.4,35022.240000000005,14.71
2011-07-02 16:00:00,B4104,0.657,0.0,11.82,198.99,-11.733,31838.4,35022.240000000005,12.39
2011-07-02 17:00:00,B4104,1.183,0.0,8.76,198.99,-8.037,31838.4,35022.240000000005,9.22
2011-07-02 18:00:00,B4104,4.336,0.0,4.78,198.99,-0.944,31838.4,35022.240000000005,5.28
2011-07-02 19:00:00,B4104,5.386,0.0,0.0,198.99,5.0360000000000005,31838.4,35022.240000000005,0.35
2011-07-02 20:00:00,B4104,1.183,0.0,0.0,198.99,1.183,31838.4,35022.240000000005,0.0
2011-07-02 21:00:00,B4104,1.183,0.0,0.0,198.99,1.183,31838.4,35022.240000000005,0.0
2011-07-02 22:00:00,B4104,1.182,0.0,0.0,198.99,1.182,31838.4,35022.240000000005,0.0
2011-07-02 23:00:00,B4104,0.657,0.0,0.0,198.99,0.657,31838.4,35022.240000000005,0.0
2011-07-03 00:00:00,B4104,0.657,0.0,0.0,198.99,0.657,31838.4,35022.240000000005,0.0
2011-07-03 01:00:00,B4104,0.657,0.0,0.0,198.99,0.657,31838.4,35022.240000000005,0.0
2011-07-03 02:00:00,B4104,0.657,0.0,0.0,198.99,0.657,31838.4,35022.240000000005,0.0
2011-07-03 03:00:00,B4104,0.657,0.0,0.0,198.99,0.657,31838.4,35022.240000000005,0.0
2011-07-03 04:00:00,B4104,0.657,0.0,0.0,198.99,0.657,31838.4,35022.240000000005,0.0
2011-07-03 05:00:00,B4104,1.182,0.0,0.0,198.99,1.182,31838.4,35022.240000000005,0.0
2011-07-03 06:00:00,B4104,4.335,0.0,3.66,198.99,0.5049999999999999,31838.4,35022.240000000005,3.83
2011-07-03 07:00:00,B4104,1.183,0.0,6.51,198.99,-5.957,31838.4,35022.240000000005,7.14
2011-07-03 08:00:00,B4104,3.057,2.4,9.76,198.99,-7.312999999999999,31838.4,35022.240000000005,10.37
2011-07-03 09:00:00,B4104,3.058,2.4,13.04,198.99,-10.432,31838.4,35022.240000000005,13.49
2011-07-03 10:00:00,B4104,3.058,2.4,15.81,198.99,-13.212,31838.4,35022.240000000005,16.27
2011-07-03 11:00:00,B4104,3.058,2.4,16.92,198.99,-14.402000000000001,31838.4,35022.240000000005,17.46
2011-07-03 12:00:00,B4104,6.735,2.4,17.17,198.99,-10.955000000000002,31838.4,35022.240000000005,17.69
2011-07-03 13:00:00,B4104,1.183,0.0,16.77,198.99,-16.147,31838.4,35022.240000000005,17.33
2011-07-03 14:00:00,B4104,0.657,0.0,15.48,198.99,-15.463000000000001,31838.4,35022.240000000005,16.12
2011-07-03 15:00:00,B4104,0.657,0.0,13.52,198.99,-13.543,31838.4,35022.240000000005,14.2
2011-07-03 16:00:00,B4104,0.657,0.0,11.37,198.99,-11.343,31838.4,35022.240000000005,12.0
2011-07-03 17:00:00,B4104,1.183,0.0,8.26,198.99,-7.567,31838.4,35022.240000000005,8.75
2011-07-03 18:00:00,B4104,4.335,0.0,4.41,198.99,-0.5449999999999999,31838.4,35022.240000000005,4.88
2011-07-03 19:00:00,B4104,5.386,0.0,0.0,198.99,5.0760000000000005,31838.4,35022.240000000005,0.31
2011-07-03 20:00:00,B4104,1.183,0.0,0.0,198.99,1.183,31838.4,35022.240000000005,0.0
2011-07-03 21:00:00,B4104,1.183,0.0,0.0,198.99,1.183,31838.4,35022.240000000005,0.0
2011-07-03 22:00:00,B4104,1.183,0.0,0.0,198.99,1.183,31838.4,35022.240000000005,0.0
2011-07-03 23:00:00,B4104,0.657,0.0,0.0,198.99,0.657,31838.4,35022.240000000005,0.0
2011-07-04 00:00:00,B4104,3.057,2.4,0.0,198.99,3.057,31838.4,35022.240000000005,0.0
2011-07-04 01:00:00,B4104,3.057,2.4,0.0,198.99,3.057,31838.4,35022.240000000005,0.0
2011-07-04 02:00:00,B4104,3.057,2.4,0.0,198.99,3.057,31838.4,35022.240000000005,0.0
2011-07-04 03:00:00,B4104,3.057,2.4,0.0,198.99,3.057,31838.4,35022.240000000005,0.0
2011-07-04 04:00:00,B4104,3.057,2.4,0.0,198.99,3.057,31838.4,35022.240000000005,0.0
2011-07-04 05:00:00,B4104,1.183,0.0,0.0,198.99,1.183,31838.4,35022.240000000005,0.0
2011-07-04 06:00:00,B4104,4.336,0.0,9.88,198.99,-6.714,31838.4,35022.240000000005,11.05
2011-07-04 07:00:00,B4104,1.183,0.0,11.14,198.99,-11.007,31838.4,35022.240000000005,12.19
2011-07-04 08:00:00,B4104,0.657,0.0,12.92,198.99,-12.873,31838.4,35022.240000000005,13.53
2011-07-04 09:00:00,B4104,0.657,0.0,13.85,198.99,-13.623,31838.4,35022.240000000005,14.28
2011-07-04 10:00:00,B4104,0.657,0.0,15.51,198.99,-15.273,31838.4,35022.240000000005,15.93
2011-07-04 11:00:00,B4104,0.657,0.0,17.19,198.99,-16.933,31838.4,35022.240000000005,17.59
2011-07-04 12:00:00,B4104,4.335,0.0,17.4,198.99,-13.454999999999998,31838.4,35022.240000000005,17.79
2011-07-04 13:00:00,B4104,1.183,0.0,16.88,198.99,-16.147,31838.4,35022.240000000005,17.33
2011-07-04 14:00:00,B4104,0.657,0.0,15.82,198.99,-15.663,31838.4,35022.240000000005,16.32
2011-07-04 15:00:00,B4104,0.657,0.0,14.12,198.99,-13.993,31838.4,35022.240000000005,14.65
2011-07-04 16:00:00,B4104,0.657,0.0,11.7,198.99,-11.573,31838.4,35022.240000000005,12.23
2011-07-04 17:00:00,B4104,1.183,0.0,8.68,198.99,-7.9670000000000005,31838.4,35022.240000000005,9.15
2011-07-04 18:00:00,B4104,4.335,0.0,4.77,198.99,-0.9249999999999998,31838.4,35022.240000000005,5.26
2011-07-04 19:00:00,B4104,5.386,0.0,0.0,198.99,5.0360000000000005,31838.4,35022.240000000005,0.35
2011-07-04 20:00:00,B4104,1.183,0.0,0.0,198.99,1.183,31838.4,35022.240000000005,0.0
2011-07-04 21:00:00,B4104,1.183,0.0,0.0,198.99,1.183,31838.4,35022.240000000005,0.0
2011-07-04 22:00:00,B4104,1.182,0.0,0.0,198.99,1.182,31838.4,35022.240000000005,0.0
2011-07-04 23:00:00,B4104,0.657,0.0,0.0,198.99,0.657,31838.4,35022.240000000005,0.0
2011-07-05 00:00:00,B4104,3.057,2.4,0.0,198.99,3.057,31838.4,35022.240000000005,0.0
2011-07-05 01:00:00,B4104,3.057,2.4,0.0,198.99,3.057,31838.4,35022.240000000005,0.0
2011-07-05 02:00:00,B4104,3.057,2.4,0.0,198.99,3.057,31838.4,35022.240000000005,0.0
2011-07-05 03:00:00,B4104,3.057,2.4,0.0,198.99,3.057,31838.4,35022.240000000005,0.0
2011-07-05 04:00:00,B4104,3.057,2.4,0.0,198.99,3.057,31838.4,35022.240000000005,0.0
2011-07-05 05:00:00,B4104,1.183,0.0,0.0,198.99,1.183,31838.4,35022.240000000005,0.0
2011-07-05 06:00:00,B4104,4.336,0.0,10.04,198.99,-6.9239999999999995,31838.4,35022.240000000005,11.26
2011-07-05 07:00:00,B4104,1.183,0.0,11.51,198.99,-11.417,31838.4,35022.240000000005,12.6
2011-07-05 08:00:00,B4104,0.657,0.0,13.76,198.99,-13.643,31838.4,35022.240000000005,14.3
2011-07-05 09:00:00,B4104,0.657,0.0,15.11,198.99,-14.743,31838.4,35022.240000000005,15.4
2011-07-05 10:00:00,B4104,0.657,0.0,16.15,198.99,-15.812999999999999,31838.4,35022.240000000005,16.47
2011-07-05 11:00:00,B4104,0.657,0.0,16.81,198.99,-16.523,31838.4,35022.240000000005,17.18
2011-07-05 12:00:00,B4104,4.335,0.0,16.86,198.99,-12.915,31838.4,35022.240000000005,17.25
2011-07-05 13:00:00,B4104,1.183,0.0,16.29,198.99,-15.556999999999999,31838.4,35022.240000000005,16.74
2011-07-05 14:00:00,B4104,0.657,0.0,15.21,198.99,-15.053,31838.4,35022.240000000005,15.71
2011-07-05 15:00:00,B4104,0.657,0.0,13.55,198.99,-13.423,31838.4,35022.240000000005,14.08
2011-07-05 16:00:00,B4104,0.657,0.0,11.14,198.99,-11.013,31838.4,35022.240000000005,11.67
2011-07-05 17:00:00,B4104,1.183,0.0,8.14,198.99,-7.427,31838.4,35022.240000000005,8.61
2011-07-05 18:00:00,B4104,4.335,0.0,4.34,198.99,-0.41500000000000004,31838.4,35022.240000000005,4.75
2011-07-05 19:00:00,B4104,5.386,0.0,0.0,198.99,5.096,31838.4,35022.240000000005,0.29
2011-07-05 20:00:00,B4104,1.183,0.0,0.0,198.99,1.183,31838.4,35022.240000000005,0.0
2011-07-05 21:00:00,B4104,1.183,0.0,0.0,198.99,1.183,31838.4,35022.240000000005,0.0
2011-07-05 22:00:00,B4104,1.182,0.0,0.0,198.99,1.182,31838.4,35022.240000000005,0.0
2011-07-05 23:00:00,B4104,0.657,0.0,0.0,198.99,0.657,31838.4,35022.240000000005,0.0
2011-07-06 00:00:00,B4104,3.057,2.4,0.0,198.99,3.057,31838.4,35022.240000000005,0.0
2011-07-06 01:00:00,B4104,3.057,2.4,0.0,198.99,3.057,31838.4,35022.240000000005,0.0
2011-07-06 02:00:00,B4104,3.057,2.4,0.0,198.99,3.057,31838.4,35022.240000000005,0.0
2011-07-06 03:00:00,B4104,3.057,2.4,0.0,198.99,3.057,31838.4,35022.240000000005,0.0
2011-07-06 04:00:00,B4104,3.057,2.4,0.0,198.99,3.057,31838.4,35022.240000000005,0.0
2011-07-06 05:00:00,B4104,1.183,0.0,0.0,198.99,1.183,31838.4,35022.240000000005,0.0
2011-07-06 06:00:00,B4104,4.336,0.0,6.8,198.99,-3.0939999999999994,31838.4,35022.240000000005,7.43
2011-07-06 07:00:00,B4104,1.183,0.0,9.79,198.99,-9.547,31838.4,35022.240000000005,10.73
2011-07-06 08:00:00,B4104,0.657,0.0,12.63,198.99,-12.523,31838.4,35022.240000000005,13.18
2011-07-06 09:00:00,B4104,0.657,0.0,13.89,198.99,-13.643,31838.4,35022.240000000005,14.3
2011-07-06 10:00:00,B4104,0.657,0.0,14.59,198.99,-14.363,31838.4,35022.240000000005,15.02
2011-07-06 11:00:00,B4104,0.657,0.0,15.76,198.99,-15.533000000000001,31838.4,35022.240000000005,16.19
2011-07-06 12:00:00,B4104,4.335,0.0,16.35,198.99,-12.445,31838.4,35022.240000000005,16.78
2011-07-06 13:00:00,B4104,1.183,0.0,15.75,198.99,-15.087,31838.4,35022.240000000005,16.27
2011-07-06 14:00:00,B4104,0.657,0.0,14.33,198.99,-14.303,31838.4,35022.240000000005,14.96
2011-07-06 15:00:00,B4104,0.657,0.0,12.47,198.99,-12.453,31838.4,35022.240000000005,13.11
2011-07-06 16:00:00,B4104,0.657,0.0,10.33,198.99,-10.253,31838.4,35022.240000000005,10.91
2011-07-06 17:00:00,B4104,1.183,0.0,7.37,198.99,-6.667,31838.4,35022.240000000005,7.85
2011-07-06 18:00:00,B4104,4.335,0.0,3.93,198.99,0.025000000000000355,31838.4,35022.240000000005,4.31
2011-07-06 19:00:00,B4104,5.386,0.0,0.0,198.99,5.096,31838.4,35022.240000000005,0.29
2011-07-06 20:00:00,B4104,1.183,0.0,0.0,198.99,1.183,31838.4,35022.240000000005,0.0
2011-07-06 21:00:00,B4104,1.183,0.0,0.0,198.99,1.183,31838.4,35022.240000000005,0.0
2011-07-06 22:00:00,B4104,1.182,0.0,0.0,198.99,1.182,31838.4,35022.240000000005,0.0
2011-07-06 23:00:00,B4104,0.657,0.0,0.0,198.99,0.657,31838.4,35022.240000000005,0.0
2011-07-07 00:00:00,B4104,3.057,2.4,0.0,198.99,3.057,31838.4,35022.240000000005,0.0
2011-07-07 01:00:00,B4104,3.057,2.4,0.0,198.99,3.057,31838.4,35022.240000000005,0.0
2011-07-07 02:00:00,B4104,3.057,2.4,0.0,198.99,3.057,31838.4,35022.240000000005,0.0
2011-07-07 03:00:00,B4104,3.057,2.4,0.0,198.99,3.057,31838.4,35022.240000000005,0.0
2011-07-07 04:00:00,B4104,3.057,2.4,0.0,198.99,3.057,31838.4,35022.240000000005,0.0
2011-07-07 05:00:00,B4104,1.183,0.0,0.0,198.99,1.183,31838.4,35022.240000000005,0.0
2011-07-07 06:00:00,B4104,4.336,0.0,7.47,198.99,-4.283999999999999,31838.4,35022.240000000005,8.62
2011-07-07 07:00:00,B4104,1.183,0.0,9.96,198.99,-9.737,31838.4,35022.240000000005,10.92
2011-07-07 08:00:00,B4104,0.657,0.0,13.41,198.99,-13.353,31838.4,35022.240000000005,14.01
2011-07-07 09:00:00,B4104,0.657,0.0,15.46,198.99,-15.143,31838.4,35022.240000000005,15.8
2011-07-07 10:00:00,B4104,0.657,0.0,16.86,198.99,-16.553,31838.4,35022.240000000005,17.21
2011-07-07 11:00:00,B4104,0.657,0.0,17.62,198.99,-17.333,31838.4,35022.240000000005,17.99
2011-07-07 12:00:00,B4104,4.335,0.0,17.56,198.99,-13.645,31838.4,35022.240000000005,17.98
2011-07-07 13:00:00,B4104,1.183,0.0,16.93,198.99,-16.237000000000002,31838.4,35022.240000000005,17.42
2011-07-07 14:00:00,B4104,0.657,0.0,15.67,198.99,-15.562999999999999,31838.4,35022.240000000005,16.22
2011-07-07 15:00:00,B4104,0.657,0.0,13.89,198.99,-13.813,31838.4,35022.240000000005,14.47
2011-07-07 16:00:00,B4104,0.657,0.0,11.5,198.99,-11.393,31838.4,35022.240000000005,12.05
2011-07-07 17:00:00,B4104,1.183,0.0,8.39,198.99,-7.686999999999999,31838.4,35022.240000000005,8.87
2011-07-07 18:00:00,B4104,4.335,0.0,4.57,198.99,-0.7149999999999999,31838.4,35022.240000000005,5.05
2011-07-07 19:00:00,B4104,5.386,0.0,0.0,198.99,5.056,31838.4,35022.240000000005,0.33
2011-07-07 20:00:00,B4104,1.183,0.0,0.0,198.99,1.183,31838.4,35022.240000000005,0.0
2011-07-07 21:00:00,B4104,1.183,0.0,0.0,198.99,1.183,31838.4,35022.240000000005,0.0
2011-07-07 22:00:00,B4104,1.182,0.0,0.0,198.99,1.182,31838.4,35022.240000000005,0.0
2011-07-07 23:00:00,B4104,0.657,0.0,0.0,198.99,0.657,31838.4,35022.240000000005,0.0
2011-07-08 00:00:00,B4104,3.057,2.4,0.0,198.99,3.057,31838.4,35022.240000000005,0.0
2011-07-08 01:00:00,B4104,3.057,2.4,0.0,198.99,3.057,31838.4,35022.240000000005,0.0
2011-07-08 02:00:00,B4104,3.057,2.4,0.0,198.99,3.057,31838.4,35022.240000000005,0.0
2011-07-08 03:00:00,B4104,3.057,2.4,0.0,198.99,3.057,31838.4,35022.240000000005,0.0
2011-07-08 04:00:00,B4104,3.057,2.4,0.0,198.99,3.057,31838.4,35022.240000000005,0.0
2011-07-08 05:00:00,B4104,1.183,0.0,0.0,198.99,1.183,31838.4,35022.240000000005,0.0
2011-07-08 06:00:00,B4104,4.336,0.0,10.19,198.99,-7.103999999999999,31838.4,35022.240000000005,11.44
2011-07-08 07:00:00,B4104,1.183,0.0,11.47,198.99,-11.387,31838.4,35022.240000000005,12.57
2011-07-08 08:00:00,B4104,0.657,0.0,13.6,198.99,-13.543,31838.4,35022.240000000005,14.2
2011-07-08 09:00:00,B4104,0.657,0.0,15.19,198.99,-14.873,31838.4,35022.240000000005,15.53
2011-07-08 10:00:00,B4104,0.657,0.0,16.84,198.99,-16.503,31838.4,35022.240000000005,17.16
2011-07-08 11:00:00,B4104,0.657,0.0,17.59,198.99,-17.293,31838.4,35022.240000000005,17.95
2011-07-08 12:00:00,B4104,4.335,0.0,17.6,198.99,-13.645,31838.4,35022.240000000005,17.98
2011-07-08 13:00:00,B4104,1.183,0.0,17.08,198.99,-16.337,31838.4,35022.240000000005,17.52
2011-07-08 14:00:00,B4104,0.657,0.0,15.96,198.99,-15.803,31838.4,35022.240000000005,16.46
2011-07-08 15:00:00,B4104,0.657,0.0,14.2,198.99,-14.083,31838.4,35022.240000000005,14.74
2011-07-08 16:00:00,B4104,0.657,0.0,11.81,198.99,-11.683,31838.4,35022.240000000005,12.34
2011-07-08 17:00:00,B4104,1.183,0.0,8.73,198.99,-8.017,31838.4,35022.240000000005,9.2
2011-07-08 18:00:00,B4104,4.335,0.0,4.78,198.99,-0.9249999999999998,31838.4,35022.240000000005,5.26
2011-07-08 19:00:00,B4104,5.386,0.0,0.0,198.99,5.0360000000000005,31838.4,35022.240000000005,0.35
2011-07-08 20:00:00,B4104,1.183,0.0,0.0,198.99,1.183,31838.4,35022.240000000005,0.0
2011-07-08 21:00:00,B4104,1.183,0.0,0.0,198.99,1.183,31838.4,35022.240000000005,0.0
2011-07-08 22:00:00,B4104,1.182,0.0,0.0,198.99,1.182,31838.4,35022.240000000005,0.0
2011-07-08 23:00:00,B4104,0.657,0.0,0.0,198.99,0.657,31838.4,35022.240000000005,0.0
2011-07-09 00:00:00,B4104,0.657,0.0,0.0,198.99,0.657,31838.4,35022.240000000005,0.0
2011-07-09 01:00:00,B4104,0.657,0.0,0.0,198.99,0.657,31838.4,35022.240000000005,0.0
2011-07-09 02:00:00,B4104,0.657,0.0,0.0,198.99,0.657,31838.4,35022.240000000005,0.0
2011-07-09 03:00:00,B4104,0.657,0.0,0.0,198.99,0.657,31838.4,35022.240000000005,0.0
2011-07-09 04:00:00,B4104,0.657,0.0,0.0,198.99,0.657,31838.4,35022.240000000005,0.0
2011-07-09 05:00:00,B4104,1.182,0.0,0.0,198.99,1.182,31838.4,35022.240000000005,0.0
2011-07-09 06:00:00,B4104,4.335,0.0,10.12,198.99,-7.0249999999999995,31838.4,35022.240000000005,11.36
2011-07-09 07:00:00,B4104,1.183,0.0,11.68,198.99,-11.607,31838.4,35022.240000000005,12.79
2011-07-09 08:00:00,B4104,3.058,2.4,13.95,198.99,-11.452,31838.4,35022.240000000005,14.51
2011-07-09 09:00:00,B4104,3.058,2.4,15.15,198.99,-12.402000000000001,31838.4,35022.240000000005,15.46
2011-07-09 10:00:00,B4104,3.058,2.4,16.29,198.99,-13.552,31838.4,35022.240000000005,16.61
2011-07-09 11:00:00,B4104,3.058,2.4,17.17,198.99,-14.472000000000001,31838.4,35022.240000000005,17.53
2011-07-09 12:00:00,B4104,6.735,2.4,17.26,198.99,-10.915,31838.4,35022.240000000005,17.65
2011-07-09 13:00:00,B4104,1.183,0.0,16.65,198.99,-15.917000000000002,31838.4,35022.240000000005,17.1
2011-07-09 14:00:00,B4104,0.657,0.0,15.63,198.99,-15.483,31838.4,35022.240000000005,16.14
2011-07-09 15:00:00,B4104,0.657,0.0,13.92,198.99,-13.803,31838.4,35022.240000000005,14.46
2011-07-09 16:00:00,B4104,0.657,0.0,11.56,198.99,-11.443,31838.4,35022.240000000005,12.1
2011-07-09 17:00:00,B4104,1.183,0.0,8.57,198.99,-7.856999999999999,31838.4,35022.240000000005,9.04
2011-07-09 18:00:00,B4104,4.336,0.0,4.67,198.99,-0.8140000000000001,31838.4,35022.240000000005,5.15
2011-07-09 19:00:00,B4104,5.386,0.0,0.0,198.99,5.386,31838.4,35022.240000000005,0.0
2011-07-09 20:00:00,B4104,1.183,0.0,0.0,198.99,1.183,31838.4,35022.240000000005,0.0
2011-07-09 21:00:00,B4104,1.183,0.0,0.0,198.99,1.183,31838.4,35022.240000000005,0.0
2011-07-09 22:00:00,B4104,1.182,0.0,0.0,198.99,1.182,31838.4,35022.240000000005,0.0
2011-07-09 23:00:00,B4104,0.657,0.0,0.0,198.99,0.657,31838.4,35022.240000000005,0.0
2011-07-10 00:00:00,B4104,0.657,0.0,0.0,198.99,0.657,31838.4,35022.240000000005,0.0
2011-07-10 01:00:00,B4104,0.657,0.0,0.0,198.99,0.657,31838.4,35022.240000000005,0.0
2011-07-10 02:00:00,B4104,0.657,0.0,0.0,198.99,0.657,31838.4,35022.240000000005,0.0
2011-07-10 03:00:00,B4104,0.657,0.0,0.0,198.99,0.657,31838.4,35022.240000000005,0.0
2011-07-10 04:00:00,B4104,0.657,0.0,0.0,198.99,0.657,31838.4,35022.240000000005,0.0
2011-07-10 05:00:00,B4104,1.182,0.0,0.0,198.99,1.182,31838.4,35022.240000000005,0.0
2011-07-10 06:00:00,B4104,4.335,0.0,9.63,198.99,-6.405,31838.4,35022.240000000005,10.74
2011-07-10 07:00:00,B4104,1.183,0.0,11.0,198.99,-10.877,31838.4,35022.240000000005,12.06
2011-07-10 08:00:00,B4104,3.057,2.4,13.72,198.99,-11.232999999999999,31838.4,35022.240000000005,14.29
2011-07-10 09:00:00,B4104,3.058,2.4,15.33,198.99,-12.592,31838.4,35022.240000000005,15.65
2011-07-10 10:00:00,B4104,3.058,2.4,16.54,198.99,-13.822,31838.4,35022.240000000005,16.88
2011-07-10 11:00:00,B4104,3.058,2.4,17.3,198.99,-14.622,31838.4,35022.240000000005,17.68
2011-07-10 12:00:00,B4104,6.735,2.4,17.44,198.99,-11.094999999999999,31838.4,35022.240000000005,17.83
2011-07-10 13:00:00,B4104,1.183,0.0,16.94,198.99,-16.207,31838.4,35022.240000000005,17.39
2011-07-10 14:00:00,B4104,0.657,0.0,15.83,198.99,-15.683,31838.4,35022.240000000005,16.34
2011-07-10 15:00:00,B4104,0.657,0.0,14.17,198.99,-14.053,31838.4,35022.240000000005,14.71
2011-07-10 16:00:00,B4104,0.657,0.0,11.81,198.99,-11.683,31838.4,35022.240000000005,12.34
2011-07-10 17:00:00,B4104,1.183,0.0,8.75,198.99,-8.047,31838.4,35022.240000000005,9.23
2011-07-10 18:00:00,B4104,4.335,0.0,4.8,198.99,-0.9550000000000001,31838.4,35022.240000000005,5.29
2011-07-10 19:00:00,B4104,5.386,0.0,0.0,198.99,5.386,31838.4,35022.240000000005,0.0
2011-07-10 20:00:00,B4104,1.183,0.0,0.0,198.99,1.183,31838.4,35022.240000000005,0.0
2011-07-10 21:00:00,B4104,1.183,0.0,0.0,198.99,1.183,31838.4,35022.240000000005,0.0
2011-07-10 22:00:00,B4104,1.183,0.0,0.0,198.99,1.183,31838.4,35022.240000000005,0.0
2011-07-10 23:00:00,B4104,0.657,0.0,0.0,198.99,0.657,31838.4,35022.240000000005,0.0
2011-07-11 00:00:00,B4104,3.057,2.4,0.0,198.99,3.057,31838.4,35022.240000000005,0.0
2011-07-11 01:00:00,B4104,3.057,2.4,0.0,198.99,3.057,31838.4,35022.240000000005,0.0
2011-07-11 02:00:00,B4104,3.057,2.4,0.0,198.99,3.057,31838.4,35022.240000000005,0.0
2011-07-11 03:00:00,B4104,3.057,2.4,0.0,198.99,3.057,31838.4,35022.240000000005,0.0
2011-07-11 04:00:00,B4104,3.057,2.4,0.0,198.99,3.057,31838.4,35022.240000000005,0.0
2011-07-11 05:00:00,B4104,1.183,0.0,0.0,198.99,1.183,31838.4,35022.240000000005,0.0
2011-07-11 06:00:00,B4104,4.336,0.0,8.36,198.99,-4.8740000000000006,31838.4,35022.240000000005,9.21
2011-07-11 07:00:00,B4104,1.183,0.0,10.63,198.99,-10.477,31838.4,35022.240000000005,11.66
2011-07-11 08:00:00,B4104,0.657,0.0,13.43,198.99,-13.333,31838.4,35022.240000000005,13.99
2011-07-11 09:00:00,B4104,0.657,0.0,15.03,198.99,-14.673,31838.4,35022.240000000005,15.33
2011-07-11 10:00:00,B4104,0.657,0.0,16.18,198.99,-15.863,31838.4,35022.240000000005,16.52
2011-07-11 11:00:00,B4104,0.657,0.0,16.93,198.99,-16.653,31838.4,35022.240000000005,17.31
2011-07-11 12:00:00,B4104,4.335,0.0,16.94,198.99,-13.004999999999999,31838.4,35022.240000000005,17.34
2011-07-11 13:00:00,B4104,1.183,0.0,16.5,198.99,-15.777000000000001,31838.4,35022.240000000005,16.96
2011-07-11 14:00:00,B4104,0.657,0.0,15.37,198.99,-15.223,31838.4,35022.240000000005,15.88
2011-07-11 15:00:00,B4104,0.657,0.0,13.65,198.99,-13.543,31838.4,35022.240000000005,14.2
2011-07-11 16:00:00,B4104,0.657,0.0,11.33,198.99,-11.213,31838.4,35022.240000000005,11.87
2011-07-11 17:00:00,B4104,1.183,0.0,8.23,198.99,-7.5169999999999995,31838.4,35022.240000000005,8.7
2011-07-11 18:00:00,B4104,4.335,0.0,4.35,198.99,-0.46499999999999986,31838.4,35022.240000000005,4.8
2011-07-11 19:00:00,B4104,5.386,0.0,0.0,198.99,5.386,31838.4,35022.240000000005,0.0
2011-07-11 20:00:00,B4104,1.183,0.0,0.0,198.99,1.183,31838.4,35022.240000000005,0.0
2011-07-11 21:00:00,B4104,1.183,0.0,0.0,198.99,1.183,31838.4,35022.240000000005,0.0
2011-07-11 22:00:00,B4104,1.182,0.0,0.0,198.99,1.182,31838.4,35022.240000000005,0.0
2011-07-11 23:00:00,B4104,0.657,0.0,0.0,198.99,0.657,31838.4,35022.240000000005,0.0
2011-07-12 00:00:00,B4104,3.057,2.4,0.0,198.99,3.057,31838.4,35022.240000000005,0.0
2011-07-12 01:00:00,B4104,3.057,2.4,0.0,198.99,3.057,31838.4,35022.240000000005,0.0
2011-07-12 02:00:00,B4104,3.057,2.4,0.0,198.99,3.057,31838.4,35022.240000000005,0.0
2011-07-12 03:00:00,B4104,3.057,2.4,0.0,198.99,3.057,31838.4,35022.240000000005,0.0
2011-07-12 04:00:00,B4104,3.057,2.4,0.0,198.99,3.057,31838.4,35022.240000000005,0.0
2011-07-12 05:00:00,B4104,1.183,0.0,0.0,198.99,1.183,31838.4,35022.240000000005,0.0
2011-07-12 06:00:00,B4104,4.336,0.0,3.88,198.99,0.266,31838.4,35022.240000000005,4.07
2011-07-12 07:00:00,B4104,1.183,0.0,5.74,198.99,-5.127,31838.4,35022.240000000005,6.31
2011-07-12 08:00:00,B4104,0.657,0.0,8.4,198.99,-8.273,31838.4,35022.240000000005,8.93
2011-07-12 09:00:00,B4104,0.657,0.0,9.92,198.99,-9.793,31838.4,35022.240000000005,10.45
2011-07-12 10:00:00,B4104,0.657,0.0,11.1,198.99,-10.953,31838.4,35022.240000000005,11.61
2011-07-12 11:00:00,B4104,0.657,0.0,12.95,198.99,-12.763,31838.4,35022.240000000005,13.42
2011-07-12 12:00:00,B4104,4.335,0.0,12.34,198.99,-8.495000000000001,31838.4,35022.240000000005,12.83
2011-07-12 13:00:00,B4104,1.183,0.0,11.54,198.99,-10.907,31838.4,35022.240000000005,12.09
2011-07-12 14:00:00,B4104,0.657,0.0,11.7,198.99,-11.693,31838.4,35022.240000000005,12.35
2011-07-12 15:00:00,B4104,0.657,0.0,11.73,198.99,-11.753,31838.4,35022.240000000005,12.41
2011-07-12 16:00:00,B4104,0.657,0.0,10.67,198.99,-10.593,31838.4,35022.240000000005,11.25
2011-07-12 17:00:00,B4104,1.183,0.0,7.46,198.99,-6.757000000000001,31838.4,35022.240000000005,7.94
2011-07-12 18:00:00,B4104,4.335,0.0,3.79,198.99,0.1349999999999998,31838.4,35022.240000000005,4.2
2011-07-12 19:00:00,B4104,5.386,0.0,0.0,198.99,5.386,31838.4,35022.240000000005,0.0
2011-07-12 20:00:00,B4104,1.183,0.0,0.0,198.99,1.183,31838.4,35022.240000000005,0.0
2011-07-12 21:00:00,B4104,1.183,0.0,0.0,198.99,1.183,31838.4,35022.240000000005,0.0
2011-07-12 22:00:00,B4104,1.182,0.0,0.0,198.99,1.182,31838.4,35022.240000000005,0.0
2011-07-12 23:00:00,B4104,0.657,0.0,0.0,198.99,0.657,31838.4,35022.240000000005,0.0
2011-07-13 00:00:00,B4104,3.057,2.4,0.0,198.99,3.057,31838.4,35022.240000000005,0.0
2011-07-13 01:00:00,B4104,3.057,2.4,0.0,198.99,3.057,31838.4,35022.240000000005,0.0
2011-07-13 02:00:00,B4104,3.057,2.4,0.0,198.99,3.057,31838.4,35022.240000000005,0.0
2011-07-13 03:00:00,B4104,3.057,2.4,0.0,198.99,3.057,31838.4,35022.240000000005,0.0
2011-07-13 04:00:00,B4104,3.057,2.4,0.0,198.99,3.057,31838.4,35022.240000000005,0.0
2011-07-13 05:00:00,B4104,1.183,0.0,0.0,198.99,1.183,31838.4,35022.240000000005,0.0
2011-07-13 06:00:00,B4104,4.336,0.0,9.3,198.99,-6.054,31838.4,35022.240000000005,10.39
2011-07-13 07:00:00,B4104,1.183,0.0,10.77,198.99,-10.647,31838.4,35022.240000000005,11.83
2011-07-13 08:00:00,B4104,0.657,0.0,13.23,198.99,-13.123,31838.4,35022.240000000005,13.78
2011-07-13 09:00:00,B4104,0.657,0.0,13.68,198.99,-13.373,31838.4,35022.240000000005,14.03
2011-07-13 10:00:00,B4104,0.657,0.0,13.68,198.99,-13.503,31838.4,35022.240000000005,14.16
2011-07-13 11:00:00,B4104,0.657,0.0,14.43,198.99,-14.343,31838.4,35022.240000000005,15.0
2011-07-13 12:00:00,B4104,4.335,0.0,15.33,198.99,-11.585,31838.4,35022.240000000005,15.92
2011-07-13 13:00:00,B4104,1.183,0.0,15.69,198.99,-15.126999999999999,31838.4,35022.240000000005,16.31
2011-07-13 14:00:00,B4104,0.657,0.0,14.92,198.99,-14.853,31838.4,35022.240000000005,15.51
2011-07-13 15:00:00,B4104,0.657,0.0,13.4,198.99,-13.373,31838.4,35022.240000000005,14.03
2011-07-13 16:00:00,B4104,0.657,0.0,11.24,198.99,-11.183,31838.4,35022.240000000005,11.84
2011-07-13 17:00:00,B4104,1.183,0.0,8.4,198.99,-7.707000000000001,31838.4,35022.240000000005,8.89
2011-07-13 18:00:00,B4104,4.335,0.0,4.55,198.99,-0.6749999999999998,31838.4,35022.240000000005,5.01
2011-07-13 19:00:00,B4104,5.386,0.0,0.0,198.99,5.386,31838.4,35022.240000000005,0.0
2011-07-13 20:00:00,B4104,1.183,0.0,0.0,198.99,1.183,31838.4,35022.240000000005,0.0
2011-07-13 21:00:00,B4104,1.183,0.0,0.0,198.99,1.183,31838.4,35022.240000000005,0.0
2011-07-13 22:00:00,B4104,1.182,0.0,0.0,198.99,1.182,31838.4,35022.240000000005,0.0
2011-07-13 23:00:00,B4104,0.657,0.0,0.0,198.99,0.657,31838.4,35022.240000000005,0.0
2011-07-14 00:00:00,B4104,3.057,2.4,0.0,198.99,3.057,31838.4,35022.240000000005,0.0
2011-07-14 01:00:00,B4104,3.057,2.4,0.0,198.99,3.057,31838.4,35022.240000000005,0.0
2011-07-14 02:00:00,B4104,3.057,2.4,0.0,198.99,3.057,31838.4,35022.240000000005,0.0
2011-07-14 03:00:00,B4104,3.057,2.4,0.0,198.99,3.057,31838.4,35022.240000000005,0.0
2011-07-14 04:00:00,B4104,3.057,2.4,0.0,198.99,3.057,31838.4,35022.240000000005,0.0
2011-07-14 05:00:00,B4104,1.183,0.0,0.0,198.99,1.183,31838.4,35022.240000000005,0.0
2011-07-14 06:00:00,B4104,4.336,0.0,10.92,198.99,-8.033999999999999,31838.4,35022.240000000005,12.37
2011-07-14 07:00:00,B4104,1.183,0.0,11.93,198.99,-11.827,31838.4,35022.240000000005,13.01
2011-07-14 08:00:00,B4104,0.657,0.0,14.22,198.99,-14.103,31838.4,35022.240000000005,14.76
2011-07-14 09:00:00,B4104,0.657,0.0,15.57,198.99,-15.203,31838.4,35022.240000000005,15.86
2011-07-14 10:00:00,B4104,0.657,0.0,16.7,198.99,-16.363,31838.4,35022.240000000005,17.02
2011-07-14 11:00:00,B4104,0.657,0.0,17.31,198.99,-17.013,31838.4,35022.240000000005,17.67
2011-07-14 12:00:00,B4104,4.335,0.0,17.34,198.99,-13.395,31838.4,35022.240000000005,17.73
2011-07-14 13:00:00,B4104,1.183,0.0,16.79,198.99,-16.057,31838.4,35022.240000000005,17.24
2011-07-14 14:00:00,B4104,0.657,0.0,15.64,198.99,-15.492999999999999,31838.4,35022.240000000005,16.15
2011-07-14 15:00:00,B4104,0.657,0.0,14.0,198.99,-13.893,31838.4,35022.240000000005,14.55
2011-07-14 16:00:00,B4104,0.657,0.0,11.58,198.99,-11.463,31838.4,35022.240000000005,12.12
2011-07-14 17:00:00,B4104,1.183,0.0,8.54,198.99,-7.837,31838.4,35022.240000000005,9.02
2011-07-14 18:00:00,B4104,4.335,0.0,4.6,198.99,-0.7249999999999996,31838.4,35022.240000000005,5.06
2011-07-14 19:00:00,B4104,5.386,0.0,0.0,198.99,5.386,31838.4,35022.240000000005,0.0
2011-07-14 20:00:00,B4104,1.183,0.0,0.0,198.99,1.183,31838.4,35022.240000000005,0.0
2011-07-14 21:00:00,B4104,1.183,0.0,0.0,198.99,1.183,31838.4,35022.240000000005,0.0
2011-07-14 22:00:00,B4104,1.182,0.0,0.0,198.99,1.182,31838.4,35022.240000000005,0.0
2011-07-14 23:00:00,B4104,0.657,0.0,0.0,198.99,0.657,31838.4,35022.240000000005,0.0
2011-07-15 00:00:00,B4104,3.057,2.4,0.0,198.99,3.057,31838.4,35022.240000000005,0.0
2011-07-15 01:00:00,B4104,3.057,2.4,0.0,198.99,3.057,31838.4,35022.240000000005,0.0
2011-07-15 02:00:00,B4104,3.057,2.4,0.0,198.99,3.057,31838.4,35022.240000000005,0.0
2011-07-15 03:00:00,B4104,3.057,2.4,0.0,198.99,3.057,31838.4,35022.240000000005,0.0
2011-07-15 04:00:00,B4104,3.057,2.4,0.0,198.99,3.057,31838.4,35022.240000000005,0.0
2011-07-15 05:00:00,B4104,1.183,0.0,0.0,198.99,1.183,31838.4,35022.240000000005,0.0
2011-07-15 06:00:00,B4104,4.336,0.0,10.63,198.99,-7.703999999999999,31838.4,35022.240000000005,12.04
2011-07-15 07:00:00,B4104,1.183,0.0,11.6,198.99,-11.477,31838.4,35022.240000000005,12.66
2011-07-15 08:00:00,B4104,0.657,0.0,13.84,198.99,-13.713,31838.4,35022.240000000005,14.37
2011-07-15 09:00:00,B4104,0.657,0.0,15.15,198.99,-14.783,31838.4,35022.240000000005,15.44
2011-07-15 10:00:00,B4104,0.657,0.0,16.26,198.99,-15.922999999999998,31838.4,35022.240000000005,16.58
2011-07-15 11:00:00,B4104,0.657,0.0,16.94,198.99,-16.653,31838.4,35022.240000000005,17.31
2011-07-15 12:00:00,B4104,4.335,0.0,16.92,198.99,-12.974999999999998,31838.4,35022.240000000005,17.31
2011-07-15 13:00:00,B4104,1.183,0.0,16.33,198.99,-15.587,31838.4,35022.240000000005,16.77
2011-07-15 14:00:00,B4104,0.657,0.0,15.26,198.99,-15.113,31838.4,35022.240000000005,15.77
2011-07-15 15:00:00,B4104,0.657,0.0,13.58,198.99,-13.473,31838.4,35022.240000000005,14.13
2011-07-15 16:00:00,B4104,0.657,0.0,11.25,198.99,-11.133,31838.4,35022.240000000005,11.79
2011-07-15 17:00:00,B4104,1.183,0.0,8.33,198.99,-7.617000000000001,31838.4,35022.240000000005,8.8
2011-07-15 18:00:00,B4104,4.335,0.0,4.46,198.99,-0.5650000000000004,31838.4,35022.240000000005,4.9
2011-07-15 19:00:00,B4104,5.386,0.0,0.0,198.99,5.386,31838.4,35022.240000000005,0.0
2011-07-15 20:00:00,B4104,1.183,0.0,0.0,198.99,1.183,31838.4,35022.240000000005,0.0
2011-07-15 21:00:00,B4104,1.183,0.0,0.0,198.99,1.183,31838.4,35022.240000000005,0.0
2011-07-15 22:00:00,B4104,1.182,0.0,0.0,198.99,1.182,31838.4,35022.240000000005,0.0
2011-07-15 23:00:00,B4104,0.657,0.0,0.0,198.99,0.657,31838.4,35022.240000000005,0.0
2011-07-16 00:00:00,B4104,0.657,0.0,0.0,198.99,0.657,31838.4,35022.240000000005,0.0
2011-07-16 01:00:00,B4104,0.657,0.0,0.0,198.99,0.657,31838.4,35022.240000000005,0.0
2011-07-16 02:00:00,B4104,0.657,0.0,0.0,198.99,0.657,31838.4,35022.240000000005,0.0
2011-07-16 03:00:00,B4104,0.657,0.0,0.0,198.99,0.657,31838.4,35022.240000000005,0.0
2011-07-16 04:00:00,B4104,0.657,0.0,0.0,198.99,0.657,31838.4,35022.240000000005,0.0
2011-07-16 05:00:00,B4104,1.182,0.0,0.0,198.99,1.182,31838.4,35022.240000000005,0.0
2011-07-16 06:00:00,B4104,4.335,0.0,10.62,198.99,-7.735,31838.4,35022.240000000005,12.07
2011-07-16 07:00:00,B4104,1.183,0.0,11.55,198.99,-11.377,31838.4,35022.240000000005,12.56
2011-07-16 08:00:00,B4104,3.058,2.4,13.56,198.99,-11.022,31838.4,35022.240000000005,14.08
2011-07-16 09:00:00,B4104,3.058,2.4,14.75,198.99,-11.972,31838.4,35022.240000000005,15.03
2011-07-16 10:00:00,B4104,3.058,2.4,15.78,198.99,-13.042000000000002,31838.4,35022.240000000005,16.1
2011-07-16 11:00:00,B4104,3.058,2.4,16.46,198.99,-13.762,31838.4,35022.240000000005,16.82
2011-07-16 12:00:00,B4104,6.735,2.4,16.54,198.99,-10.185000000000002,31838.4,35022.240000000005,16.92
2011-07-16 13:00:00,B4104,1.183,0.0,16.0,198.99,-15.267,31838.4,35022.240000000005,16.45
2011-07-16 14:00:00,B4104,0.657,0.0,14.97,198.99,-14.823,31838.4,35022.240000000005,15.48
2011-07-16 15:00:00,B4104,0.657,0.0,13.33,198.99,-13.193,31838.4,35022.240000000005,13.85
2011-07-16 16:00:00,B4104,0.657,0.0,11.05,198.99,-10.913,31838.4,35022.240000000005,11.57
2011-07-16 17:00:00,B4104,1.183,0.0,8.16,198.99,-7.436999999999999,31838.4,35022.240000000005,8.62
2011-07-16 18:00:00,B4104,4.336,0.0,4.38,198.99,-0.484,31838.4,35022.240000000005,4.82
2011-07-16 19:00:00,B4104,5.386,0.0,0.0,198.99,5.386,31838.4,35022.240000000005,0.0
2011-07-16 20:00:00,B4104,1.183,0.0,0.0,198.99,1.183,31838.4,35022.240000000005,0.0
2011-07-16 21:00:00,B4104,1.183,0.0,0.0,198.99,1.183,31838.4,35022.240000000005,0.0
2011-07-16 22:00:00,B4104,1.182,0.0,0.0,198.99,1.182,31838.4,35022.240000000005,0.0
2011-07-16 23:00:00,B4104,0.657,0.0,0.0,198.99,0.657,31838.4,35022.240000000005,0.0
2011-07-17 00:00:00,B4104,0.657,0.0,0.0,198.99,0.657,31838.4,35022.240000000005,0.0
2011-07-17 01:00:00,B4104,0.657,0.0,0.0,198.99,0.657,31838.4,35022.240000000005,0.0
2011-07-17 02:00:00,B4104,0.657,0.0,0.0,198.99,0.657,31838.4,35022.240000000005,0.0
2011-07-17 03:00:00,B4104,0.657,0.0,0.0,198.99,0.657,31838.4,35022.240000000005,0.0
2011-07-17 04:00:00,B4104,0.657,0.0,0.0,198.99,0.657,31838.4,35022.240000000005,0.0
2011-07-17 05:00:00,B4104,1.182,0.0,0.0,198.99,1.182,31838.4,35022.240000000005,0.0
2011-07-17 06:00:00,B4104,4.335,0.0,10.48,198.99,-7.565,31838.4,35022.240000000005,11.9
2011-07-17 07:00:00,B4104,1.183,0.0,11.26,198.99,-11.067,31838.4,35022.240000000005,12.25
2011-07-17 08:00:00,B4104,3.057,2.4,13.4,198.99,-10.853,31838.4,35022.240000000005,13.91
2011-07-17 09:00:00,B4104,3.058,2.4,14.68,198.99,-11.902000000000001,31838.4,35022.240000000005,14.96
2011-07-17 10:00:00,B4104,3.058,2.4,15.66,198.99,-12.912,31838.4,35022.240000000005,15.97
2011-07-17 11:00:00,B4104,3.058,2.4,16.7,198.99,-14.012,31838.4,35022.240000000005,17.07
2011-07-17 12:00:00,B4104,6.735,2.4,16.47,198.99,-10.125,31838.4,35022.240000000005,16.86
2011-07-17 13:00:00,B4104,1.183,0.0,16.0,198.99,-15.317,31838.4,35022.240000000005,16.5
2011-07-17 14:00:00,B4104,0.657,0.0,14.76,198.99,-14.693,31838.4,35022.240000000005,15.35
2011-07-17 15:00:00,B4104,0.657,0.0,12.84,198.99,-12.783,31838.4,35022.240000000005,13.44
2011-07-17 16:00:00,B4104,0.657,0.0,10.46,198.99,-10.383,31838.4,35022.240000000005,11.04
2011-07-17 17:00:00,B4104,1.183,0.0,7.83,198.99,-7.1370000000000005,31838.4,35022.240000000005,8.32
2011-07-17 18:00:00,B4104,4.335,0.0,4.22,198.99,-0.3150000000000004,31838.4,35022.240000000005,4.65
2011-07-17 19:00:00,B4104,5.386,0.0,0.0,198.99,5.386,31838.4,35022.240000000005,0.0
2011-07-17 20:00:00,B4104,1.183,0.0,0.0,198.99,1.183,31838.4,35022.240000000005,0.0
2011-07-17 21:00:00,B4104,1.183,0.0,0.0,198.99,1.183,31838.4,35022.240000000005,0.0
2011-07-17 22:00:00,B4104,1.183,0.0,0.0,198.99,1.183,31838.4,35022.240000000005,0.0
2011-07-17 23:00:00,B4104,0.657,0.0,0.0,198.99,0.657,31838.4,35022.240000000005,0.0
2011-07-18 00:00:00,B4104,3.057,2.4,0.0,198.99,3.057,31838.4,35022.240000000005,0.0
2011-07-18 01:00:00,B4104,3.057,2.4,0.0,198.99,3.057,31838.4,35022.240000000005,0.0
2011-07-18 02:00:00,B4104,3.057,2.4,0.0,198.99,3.057,31838.4,35022.240000000005,0.0
2011-07-18 03:00:00,B4104,3.057,2.4,0.0,198.99,3.057,31838.4,35022.240000000005,0.0
2011-07-18 04:00:00,B4104,3.057,2.4,0.0,198.99,3.057,31838.4,35022.240000000005,0.0
2011-07-18 05:00:00,B4104,1.183,0.0,0.0,198.99,1.183,31838.4,35022.240000000005,0.0
2011-07-18 06:00:00,B4104,4.336,0.0,10.64,198.99,-7.754,31838.4,35022.240000000005,12.09
2011-07-18 07:00:00,B4104,1.183,0.0,11.39,198.99,-11.217,31838.4,35022.240000000005,12.4
2011-07-18 08:00:00,B4104,0.657,0.0,13.6,198.99,-13.453,31838.4,35022.240000000005,14.11
2011-07-18 09:00:00,B4104,0.657,0.0,14.9,198.99,-14.523,31838.4,35022.240000000005,15.18
2011-07-18 10:00:00,B4104,0.657,0.0,15.99,198.99,-15.652999999999999,31838.4,35022.240000000005,16.31
2011-07-18 11:00:00,B4104,0.657,0.0,16.64,198.99,-16.343,31838.4,35022.240000000005,17.0
2011-07-18 12:00:00,B4104,4.335,0.0,16.78,198.99,-12.825,31838.4,35022.240000000005,17.16
2011-07-18 13:00:00,B4104,1.183,0.0,16.22,198.99,-15.477,31838.4,35022.240000000005,16.66
2011-07-18 14:00:00,B4104,0.657,0.0,15.2,198.99,-15.053,31838.4,35022.240000000005,15.71
2011-07-18 15:00:00,B4104,0.657,0.0,13.5,198.99,-13.383,31838.4,35022.240000000005,14.04
2011-07-18 16:00:00,B4104,0.657,0.0,11.17,198.99,-11.053,31838.4,35022.240000000005,11.71
2011-07-18 17:00:00,B4104,1.183,0.0,8.15,198.99,-7.447000000000001,31838.4,35022.240000000005,8.63
2011-07-18 18:00:00,B4104,4.335,0.0,4.27,198.99,-0.3650000000000002,31838.4,35022.240000000005,4.7
2011-07-18 19:00:00,B4104,5.386,0.0,0.0,198.99,5.386,31838.4,35022.240000000005,0.0
2011-07-18 20:00:00,B4104,1.183,0.0,0.0,198.99,1.183,31838.4,35022.240000000005,0.0
2011-07-18 21:00:00,B4104,1.183,0.0,0.0,198.99,1.183,31838.4,35022.240000000005,0.0
2011-07-18 22:00:00,B4104,1.182,0.0,0.0,198.99,1.182,31838.4,35022.240000000005,0.0
2011-07-18 23:00:00,B4104,0.657,0.0,0.0,198.99,0.657,31838.4,35022.240000000005,0.0
2011-07-19 00:00:00,B4104,3.057,2.4,0.0,198.99,3.057,31838.4,35022.240000000005,0.0
2011-07-19 01:00:00,B4104,3.057,2.4,0.0,198.99,3.057,31838.4,35022.240000000005,0.0
2011-07-19 02:00:00,B4104,3.057,2.4,0.0,198.99,3.057,31838.4,35022.240000000005,0.0
2011-07-19 03:00:00,B4104,3.057,2.4,0.0,198.99,3.057,31838.4,35022.240000000005,0.0
2011-07-19 04:00:00,B4104,3.057,2.4,0.0,198.99,3.057,31838.4,35022.240000000005,0.0
2011-07-19 05:00:00,B4104,1.183,0.0,0.0,198.99,1.183,31838.4,35022.240000000005,0.0
2011-07-19 06:00:00,B4104,4.336,0.0,1.22,198.99,3.016,31838.4,35022.240000000005,1.32
2011-07-19 07:00:00,B4104,1.183,0.0,11.06,198.99,-10.867,31838.4,35022.240000000005,12.05
2011-07-19 08:00:00,B4104,0.657,0.0,13.4,198.99,-13.253,31838.4,35022.240000000005,13.91
2011-07-19 09:00:00,B4104,0.657,0.0,14.64,198.99,-14.263,31838.4,35022.240000000005,14.92
2011-07-19 10:00:00,B4104,0.657,0.0,15.73,198.99,-15.402999999999999,31838.4,35022.240000000005,16.06
2011-07-19 11:00:00,B4104,0.657,0.0,16.42,198.99,-16.133,31838.4,35022.240000000005,16.79
2011-07-19 12:00:00,B4104,4.335,0.0,16.46,198.99,-12.504999999999999,31838.4,35022.240000000005,16.84
2011-07-19 13:00:00,B4104,1.183,0.0,15.87,198.99,-15.137,31838.4,35022.240000000005,16.32
2011-07-19 14:00:00,B4104,0.657,0.0,14.79,198.99,-14.633,31838.4,35022.240000000005,15.29
2011-07-19 15:00:00,B4104,0.657,0.0,13.09,198.99,-12.963,31838.4,35022.240000000005,13.62
2011-07-19 16:00:00,B4104,0.657,0.0,10.84,198.99,-10.713,31838.4,35022.240000000005,11.37
2011-07-19 17:00:00,B4104,1.183,0.0,7.92,198.99,-7.207000000000001,31838.4,35022.240000000005,8.39
2011-07-19 18:00:00,B4104,4.335,0.0,4.16,198.99,-0.2450000000000001,31838.4,35022.240000000005,4.58
2011-07-19 19:00:00,B4104,5.386,0.0,0.0,198.99,5.386,31838.4,35022.240000000005,0.0
2011-07-19 20:00:00,B4104,1.183,0.0,0.0,198.99,1.183,31838.4,35022.240000000005,0.0
2011-07-19 21:00:00,B4104,1.183,0.0,0.0,198.99,1.183,31838.4,35022.240000000005,0.0
2011-07-19 22:00:00,B4104,1.182,0.0,0.0,198.99,1.182,31838.4,35022.240000000005,0.0
2011-07-19 23:00:00,B4104,0.657,0.0,0.0,198.99,0.657,31838.4,35022.240000000005,0.0
2011-07-20 00:00:00,B4104,3.057,2.4,0.0,198.99,3.057,31838.4,35022.240000000005,0.0
2011-07-20 01:00:00,B4104,3.057,2.4,0.0,198.99,3.057,31838.4,35022.240000000005,0.0
2011-07-20 02:00:00,B4104,3.057,2.4,0.0,198.99,3.057,31838.4,35022.240000000005,0.0
2011-07-20 03:00:00,B4104,3.057,2.4,0.0,198.99,3.057,31838.4,35022.240000000005,0.0
2011-07-20 04:00:00,B4104,3.057,2.4,0.0,198.99,3.057,31838.4,35022.240000000005,0.0
2011-07-20 05:00:00,B4104,1.183,0.0,0.0,198.99,1.183,31838.4,35022.240000000005,0.0
2011-07-20 06:00:00,B4104,4.336,0.0,1.2,198.99,3.0460000000000003,31838.4,35022.240000000005,1.29
2011-07-20 07:00:00,B4104,1.183,0.0,10.99,198.99,-10.787,31838.4,35022.240000000005,11.97
2011-07-20 08:00:00,B4104,0.657,0.0,13.23,198.99,-13.083,31838.4,35022.240000000005,13.74
2011-07-20 09:00:00,B4104,0.657,0.0,14.36,198.99,-13.993,31838.4,35022.240000000005,14.65
2011-07-20 10:00:00,B4104,0.657,0.0,15.4,198.99,-15.063,31838.4,35022.240000000005,15.72
2011-07-20 11:00:00,B4104,0.657,0.0,16.14,198.99,-15.853000000000002,31838.4,35022.240000000005,16.51
2011-07-20 12:00:00,B4104,4.335,0.0,16.06,198.99,-12.125,31838.4,35022.240000000005,16.46
2011-07-20 13:00:00,B4104,1.183,0.0,15.51,198.99,-14.787,31838.4,35022.240000000005,15.97
2011-07-20 14:00:00,B4104,0.657,0.0,14.71,198.99,-14.593,31838.4,35022.240000000005,15.25
2011-07-20 15:00:00,B4104,0.657,0.0,12.75,198.99,-12.673,31838.4,35022.240000000005,13.33
2011-07-20 16:00:00,B4104,0.657,0.0,10.45,198.99,-10.353,31838.4,35022.240000000005,11.01
2011-07-20 17:00:00,B4104,1.183,0.0,7.43,198.99,-6.737,31838.4,35022.240000000005,7.92
2011-07-20 18:00:00,B4104,4.335,0.0,3.74,198.99,0.20500000000000007,31838.4,35022.240000000005,4.13
2011-07-20 19:00:00,B4104,5.386,0.0,0.0,198.99,5.386,31838.4,35022.240000000005,0.0
2011-07-20 20:00:00,B4104,1.183,0.0,0.0,198.99,1.183,31838.4,35022.240000000005,0.0
2011-07-20 21:00:00,B4104,1.183,0.0,0.0,198.99,1.183,31838.4,35022.240000000005,0.0
2011-07-20 22:00:00,B4104,1.182,0.0,0.0,198.99,1.182,31838.4,35022.240000000005,0.0
2011-07-20 23:00:00,B4104,0.657,0.0,0.0,198.99,0.657,31838.4,35022.240000000005,0.0
2011-07-21 00:00:00,B4104,3.057,2.4,0.0,198.99,3.057,31838.4,35022.240000000005,0.0
2011-07-21 01:00:00,B4104,3.057,2.4,0.0,198.99,3.057,31838.4,35022.240000000005,0.0
2011-07-21 02:00:00,B4104,3.057,2.4,0.0,198.99,3.057,31838.4,35022.240000000005,0.0
2011-07-21 03:00:00,B4104,3.057,2.4,0.0,198.99,3.057,31838.4,35022.240000000005,0.0
2011-07-21 04:00:00,B4104,3.057,2.4,0.0,198.99,3.057,31838.4,35022.240000000005,0.0
2011-07-21 05:00:00,B4104,1.183,0.0,0.0,198.99,1.183,31838.4,35022.240000000005,0.0
2011-07-21 06:00:00,B4104,4.336,0.0,2.09,198.99,2.176,31838.4,35022.240000000005,2.16
2011-07-21 07:00:00,B4104,1.183,0.0,6.66,198.99,-6.127,31838.4,35022.240000000005,7.31
2011-07-21 08:00:00,B4104,0.657,0.0,8.84,198.99,-8.803,31838.4,35022.240000000005,9.46
2011-07-21 09:00:00,B4104,0.657,0.0,11.28,198.99,-11.173,31838.4,35022.240000000005,11.83
2011-07-21 10:00:00,B4104,0.657,0.0,14.13,198.99,-14.003,31838.4,35022.240000000005,14.66
2011-07-21 11:00:00,B4104,0.657,0.0,15.69,198.99,-15.582999999999998,31838.4,35022.240000000005,16.24
2011-07-21 12:00:00,B4104,4.335,0.0,15.85,198.99,-12.044999999999998,31838.4,35022.240000000005,16.38
2011-07-21 13:00:00,B4104,1.183,0.0,15.3,198.99,-14.697000000000001,31838.4,35022.240000000005,15.88
2011-07-21 14:00:00,B4104,0.657,0.0,14.2,198.99,-14.173,31838.4,35022.240000000005,14.83
2011-07-21 15:00:00,B4104,0.657,0.0,12.66,198.99,-12.633,31838.4,35022.240000000005,13.29
2011-07-21 16:00:00,B4104,0.657,0.0,10.64,198.99,-10.573,31838.4,35022.240000000005,11.23
2011-07-21 17:00:00,B4104,1.183,0.0,7.47,198.99,-6.767,31838.4,35022.240000000005,7.95
2011-07-21 18:00:00,B4104,4.335,0.0,3.68,198.99,0.27500000000000036,31838.4,35022.240000000005,4.06
2011-07-21 19:00:00,B4104,5.386,0.0,0.0,198.99,5.386,31838.4,35022.240000000005,0.0
2011-07-21 20:00:00,B4104,1.183,0.0,0.0,198.99,1.183,31838.4,35022.240000000005,0.0
2011-07-21 21:00:00,B4104,1.183,0.0,0.0,198.99,1.183,31838.4,35022.240000000005,0.0
2011-07-21 22:00:00,B4104,1.182,0.0,0.0,198.99,1.182,31838.4,35022.240000000005,0.0
2011-07-21 23:00:00,B4104,0.657,0.0,0.0,198.99,0.657,31838.4,35022.240000000005,0.0
2011-07-22 00:00:00,B4104,3.057,2.4,0.0,198.99,3.057,31838.4,35022.240000000005,0.0
2011-07-22 01:00:00,B4104,3.057,2.4,0.0,198.99,3.057,31838.4,35022.240000000005,0.0
2011-07-22 02:00:00,B4104,3.057,2.4,0.0,198.99,3.057,31838.4,35022.240000000005,0.0
2011-07-22 03:00:00,B4104,3.057,2.4,0.0,198.99,3.057,31838.4,35022.240000000005,0.0
2011-07-22 04:00:00,B4104,3.057,2.4,0.0,198.99,3.057,31838.4,35022.240000000005,0.0
2011-07-22 05:00:00,B4104,1.183,0.0,0.0,198.99,1.183,31838.4,35022.240000000005,0.0
2011-07-22 06:00:00,B4104,4.336,0.0,2.07,198.99,2.176,31838.4,35022.240000000005,2.16
2011-07-22 07:00:00,B4104,1.183,0.0,8.7,198.99,-8.407,31838.4,35022.240000000005,9.59
2011-07-22 08:00:00,B4104,0.657,0.0,12.11,198.99,-11.963,31838.4,35022.240000000005,12.62
2011-07-22 09:00:00,B4104,0.657,0.0,14.17,198.99,-13.863,31838.4,35022.240000000005,14.52
2011-07-22 10:00:00,B4104,0.657,0.0,15.48,198.99,-15.213,31838.4,35022.240000000005,15.87
2011-07-22 11:00:00,B4104,0.657,0.0,16.22,198.99,-15.983,31838.4,35022.240000000005,16.64
2011-07-22 12:00:00,B4104,4.335,0.0,16.37,198.99,-12.454999999999998,31838.4,35022.240000000005,16.79
2011-07-22 13:00:00,B4104,1.183,0.0,15.85,198.99,-15.137,31838.4,35022.240000000005,16.32
2011-07-22 14:00:00,B4104,0.657,0.0,14.82,198.99,-14.683,31838.4,35022.240000000005,15.34
2011-07-22 15:00:00,B4104,0.657,0.0,13.11,198.99,-13.003,31838.4,35022.240000000005,13.66
2011-07-22 16:00:00,B4104,0.657,0.0,10.74,198.99,-10.633,31838.4,35022.240000000005,11.29
2011-07-22 17:00:00,B4104,1.183,0.0,7.78,198.99,-7.077,31838.4,35022.240000000005,8.26
2011-07-22 18:00:00,B4104,4.335,0.0,4.0,198.99,-0.06500000000000039,31838.4,35022.240000000005,4.4
2011-07-22 19:00:00,B4104,5.386,0.0,0.0,198.99,5.386,31838.4,35022.240000000005,0.0
2011-07-22 20:00:00,B4104,1.183,0.0,0.0,198.99,1.183,31838.4,35022.240000000005,0.0
2011-07-22 21:00:00,B4104,1.183,0.0,0.0,198.99,1.183,31838.4,35022.240000000005,0.0
2011-07-22 22:00:00,B4104,1.182,0.0,0.0,198.99,1.182,31838.4,35022.240000000005,0.0
2011-07-22 23:00:00,B4104,0.657,0.0,0.0,198.99,0.657,31838.4,35022.240000000005,0.0
2011-07-23 00:00:00,B4104,0.657,0.0,0.0,198.99,0.657,31838.4,35022.240000000005,0.0
2011-07-23 01:00:00,B4104,0.657,0.0,0.0,198.99,0.657,31838.4,35022.240000000005,0.0
2011-07-23 02:00:00,B4104,0.657,0.0,0.0,198.99,0.657,31838.4,35022.240000000005,0.0
2011-07-23 03:00:00,B4104,0.657,0.0,0.0,198.99,0.657,31838.4,35022.240000000005,0.0
2011-07-23 04:00:00,B4104,0.657,0.0,0.0,198.99,0.657,31838.4,35022.240000000005,0.0
2011-07-23 05:00:00,B4104,1.182,0.0,0.0,198.99,1.182,31838.4,35022.240000000005,0.0
2011-07-23 06:00:00,B4104,4.335,0.0,1.61,198.99,2.625,31838.4,35022.240000000005,1.71
2011-07-23 07:00:00,B4104,1.183,0.0,9.96,198.99,-9.797,31838.4,35022.240000000005,10.98
2011-07-23 08:00:00,B4104,3.058,2.4,12.81,198.99,-10.272,31838.4,35022.240000000005,13.33
2011-07-23 09:00:00,B4104,3.058,2.4,14.29,198.99,-11.572000000000001,31838.4,35022.240000000005,14.63
2011-07-23 10:00:00,B4104,3.058,2.4,15.19,198.99,-12.532,31838.4,35022.240000000005,15.59
2011-07-23 11:00:00,B4104,3.058,2.4,16.08,198.99,-13.462,31838.4,35022.240000000005,16.52
2011-07-23 12:00:00,B4104,6.735,2.4,15.99,198.99,-9.695,31838.4,35022.240000000005,16.43
2011-07-23 13:00:00,B4104,1.183,0.0,15.6,198.99,-14.907,31838.4,35022.240000000005,16.09
2011-07-23 14:00:00,B4104,0.657,0.0,14.68,198.99,-14.573,31838.4,35022.240000000005,15.23
2011-07-23 15:00:00,B4104,0.657,0.0,13.06,198.99,-12.973,31838.4,35022.240000000005,13.63
2011-07-23 16:00:00,B4104,0.657,0.0,10.59,198.99,-10.493,31838.4,35022.240000000005,11.15
2011-07-23 17:00:00,B4104,1.183,0.0,7.35,198.99,-6.667,31838.4,35022.240000000005,7.85
2011-07-23 18:00:00,B4104,4.336,0.0,3.65,198.99,0.30600000000000005,31838.4,35022.240000000005,4.03
2011-07-23 19:00:00,B4104,5.386,0.0,0.0,198.99,5.386,31838.4,35022.240000000005,0.0
2011-07-23 20:00:00,B4104,1.183,0.0,0.0,198.99,1.183,31838.4,35022.240000000005,0.0
2011-07-23 21:00:00,B4104,1.183,0.0,0.0,198.99,1.183,31838.4,35022.240000000005,0.0
2011-07-23 22:00:00,B4104,1.182,0.0,0.0,198.99,1.182,31838.4,35022.240000000005,0.0
2011-07-23 23:00:00,B4104,0.657,0.0,0.0,198.99,0.657,31838.4,35022.240000000005,0.0
2011-07-24 00:00:00,B4104,0.657,0.0,0.0,198.99,0.657,31838.4,35022.240000000005,0.0
2011-07-24 01:00:00,B4104,0.657,0.0,0.0,198.99,0.657,31838.4,35022.240000000005,0.0
2011-07-24 02:00:00,B4104,0.657,0.0,0.0,198.99,0.657,31838.4,35022.240000000005,0.0
2011-07-24 03:00:00,B4104,0.657,0.0,0.0,198.99,0.657,31838.4,35022.240000000005,0.0
2011-07-24 04:00:00,B4104,0.657,0.0,0.0,198.99,0.657,31838.4,35022.240000000005,0.0
2011-07-24 05:00:00,B4104,1.182,0.0,0.0,198.99,1.182,31838.4,35022.240000000005,0.0
2011-07-24 06:00:00,B4104,4.335,0.0,2.19,198.99,2.075,31838.4,35022.240000000005,2.26
2011-07-24 07:00:00,B4104,1.183,0.0,6.82,198.99,-6.317,31838.4,35022.240000000005,7.5
2011-07-24 08:00:00,B4104,3.057,2.4,10.11,198.99,-7.622999999999999,31838.4,35022.240000000005,10.68
2011-07-24 09:00:00,B4104,3.058,2.4,12.98,198.99,-10.352,31838.4,35022.240000000005,13.41
2011-07-24 10:00:00,B4104,3.058,2.4,15.09,198.99,-12.442,31838.4,35022.240000000005,15.5
2011-07-24 11:00:00,B4104,3.058,2.4,16.32,198.99,-13.692,31838.4,35022.240000000005,16.75
2011-07-24 12:00:00,B4104,6.735,2.4,16.55,198.99,-10.235,31838.4,35022.240000000005,16.97
2011-07-24 13:00:00,B4104,1.183,0.0,16.07,198.99,-15.367,31838.4,35022.240000000005,16.55
2011-07-24 14:00:00,B4104,0.657,0.0,15.03,198.99,-14.903,31838.4,35022.240000000005,15.56
2011-07-24 15:00:00,B4104,0.657,0.0,13.29,198.99,-13.213,31838.4,35022.240000000005,13.87
2011-07-24 16:00:00,B4104,0.657,0.0,10.96,198.99,-10.873,31838.4,35022.240000000005,11.53
2011-07-24 17:00:00,B4104,1.183,0.0,7.88,198.99,-7.197000000000001,31838.4,35022.240000000005,8.38
2011-07-24 18:00:00,B4104,4.335,0.0,3.99,198.99,-0.06500000000000039,31838.4,35022.240000000005,4.4
2011-07-24 19:00:00,B4104,5.386,0.0,0.0,198.99,5.386,31838.4,35022.240000000005,0.0
2011-07-24 20:00:00,B4104,1.183,0.0,0.0,198.99,1.183,31838.4,35022.240000000005,0.0
2011-07-24 21:00:00,B4104,1.183,0.0,0.0,198.99,1.183,31838.4,35022.240000000005,0.0
2011-07-24 22:00:00,B4104,1.183,0.0,0.0,198.99,1.183,31838.4,35022.240000000005,0.0
2011-07-24 23:00:00,B4104,0.657,0.0,0.0,198.99,0.657,31838.4,35022.240000000005,0.0
2011-07-25 00:00:00,B4104,3.057,2.4,0.0,198.99,3.057,31838.4,35022.240000000005,0.0
2011-07-25 01:00:00,B4104,3.057,2.4,0.0,198.99,3.057,31838.4,35022.240000000005,0.0
2011-07-25 02:00:00,B4104,3.057,2.4,0.0,198.99,3.057,31838.4,35022.240000000005,0.0
2011-07-25 03:00:00,B4104,3.057,2.4,0.0,198.99,3.057,31838.4,35022.240000000005,0.0
2011-07-25 04:00:00,B4104,3.057,2.4,0.0,198.99,3.057,31838.4,35022.240000000005,0.0
2011-07-25 05:00:00,B4104,1.183,0.0,0.0,198.99,1.183,31838.4,35022.240000000005,0.0
2011-07-25 06:00:00,B4104,4.336,0.0,2.11,198.99,2.116,31838.4,35022.240000000005,2.22
2011-07-25 07:00:00,B4104,1.183,0.0,7.79,198.99,-7.407,31838.4,35022.240000000005,8.59
2011-07-25 08:00:00,B4104,0.657,0.0,10.35,198.99,-10.233,31838.4,35022.240000000005,10.89
2011-07-25 09:00:00,B4104,0.657,0.0,12.48,198.99,-12.323,31838.4,35022.240000000005,12.98
2011-07-25 10:00:00,B4104,0.657,0.0,14.41,198.99,-14.273,31838.4,35022.240000000005,14.93
2011-07-25 11:00:00,B4104,0.657,0.0,15.69,198.99,-15.523,31838.4,35022.240000000005,16.18
2011-07-25 12:00:00,B4104,4.335,0.0,16.18,198.99,-12.344999999999999,31838.4,35022.240000000005,16.68
2011-07-25 13:00:00,B4104,1.183,0.0,15.52,198.99,-14.927,31838.4,35022.240000000005,16.11
2011-07-25 14:00:00,B4104,0.657,0.0,14.49,198.99,-14.473,31838.4,35022.240000000005,15.13
2011-07-25 15:00:00,B4104,0.657,0.0,12.9,198.99,-12.853,31838.4,35022.240000000005,13.51
2011-07-25 16:00:00,B4104,0.657,0.0,10.57,198.99,-10.473,31838.4,35022.240000000005,11.13
2011-07-25 17:00:00,B4104,1.183,0.0,7.44,198.99,-6.747,31838.4,35022.240000000005,7.93
2011-07-25 18:00:00,B4104,4.335,0.0,3.54,198.99,0.4249999999999998,31838.4,35022.240000000005,3.91
2011-07-25 19:00:00,B4104,5.386,0.0,0.0,198.99,5.386,31838.4,35022.240000000005,0.0
2011-07-25 20:00:00,B4104,1.183,0.0,0.0,198.99,1.183,31838.4,35022.240000000005,0.0
2011-07-25 21:00:00,B4104,1.183,0.0,0.0,198.99,1.183,31838.4,35022.240000000005,0.0
2011-07-25 22:00:00,B4104,1.182,0.0,0.0,198.99,1.182,31838.4,35022.240000000005,0.0
2011-07-25 23:00:00,B4104,0.657,0.0,0.0,198.99,0.657,31838.4,35022.240000000005,0.0
2011-07-26 00:00:00,B4104,3.057,2.4,0.0,198.99,3.057,31838.4,35022.240000000005,0.0
2011-07-26 01:00:00,B4104,3.057,2.4,0.0,198.99,3.057,31838.4,35022.240000000005,0.0
2011-07-26 02:00:00,B4104,3.057,2.4,0.0,198.99,3.057,31838.4,35022.240000000005,0.0
2011-07-26 03:00:00,B4104,3.057,2.4,0.0,198.99,3.057,31838.4,35022.240000000005,0.0
2011-07-26 04:00:00,B4104,3.057,2.4,0.0,198.99,3.057,31838.4,35022.240000000005,0.0
2011-07-26 05:00:00,B4104,1.183,0.0,0.0,198.99,1.183,31838.4,35022.240000000005,0.0
2011-07-26 06:00:00,B4104,4.336,0.0,1.29,198.99,3.016,31838.4,35022.240000000005,1.32
2011-07-26 07:00:00,B4104,1.183,0.0,3.52,198.99,-2.6870000000000003,31838.4,35022.240000000005,3.87
2011-07-26 08:00:00,B4104,0.657,0.0,5.8,198.99,-5.623,31838.4,35022.240000000005,6.28
2011-07-26 09:00:00,B4104,0.657,0.0,7.49,198.99,-7.4030000000000005,31838.4,35022.240000000005,8.06
2011-07-26 10:00:00,B4104,0.657,0.0,9.87,198.99,-9.823,31838.4,35022.240000000005,10.48
2011-07-26 11:00:00,B4104,0.657,0.0,12.75,198.99,-12.693,31838.4,35022.240000000005,13.35
2011-07-26 12:00:00,B4104,4.335,0.0,13.71,198.99,-9.965,31838.4,35022.240000000005,14.3
2011-07-26 13:00:00,B4104,1.183,0.0,13.81,198.99,-13.247,31838.4,35022.240000000005,14.43
2011-07-26 14:00:00,B4104,0.657,0.0,13.21,198.99,-13.173,31838.4,35022.240000000005,13.83
2011-07-26 15:00:00,B4104,0.657,0.0,11.68,198.99,-11.683,31838.4,35022.240000000005,12.34
2011-07-26 16:00:00,B4104,0.657,0.0,9.12,198.99,-9.083,31838.4,35022.240000000005,9.74
2011-07-26 17:00:00,B4104,1.183,0.0,6.28,198.99,-5.607,31838.4,35022.240000000005,6.79
2011-07-26 18:00:00,B4104,4.335,0.0,3.0,198.99,0.9950000000000001,31838.4,35022.240000000005,3.34
2011-07-26 19:00:00,B4104,5.386,0.0,0.0,198.99,5.386,31838.4,35022.240000000005,0.0
2011-07-26 20:00:00,B4104,1.183,0.0,0.0,198.99,1.183,31838.4,35022.240000000005,0.0
2011-07-26 21:00:00,B4104,1.183,0.0,0.0,198.99,1.183,31838.4,35022.240000000005,0.0
2011-07-26 22:00:00,B4104,1.182,0.0,0.0,198.99,1.182,31838.4,35022.240000000005,0.0
2011-07-26 23:00:00,B4104,0.657,0.0,0.0,198.99,0.657,31838.4,35022.240000000005,0.0
2011-07-27 00:00:00,B4104,3.057,2.4,0.0,198.99,3.057,31838.4,35022.240000000005,0.0
2011-07-27 01:00:00,B4104,3.057,2.4,0.0,198.99,3.057,31838.4,35022.240000000005,0.0
2011-07-27 02:00:00,B4104,3.057,2.4,0.0,198.99,3.057,31838.4,35022.240000000005,0.0
2011-07-27 03:00:00,B4104,3.057,2.4,0.0,198.99,3.057,31838.4,35022.240000000005,0.0
2011-07-27 04:00:00,B4104,3.057,2.4,0.0,198.99,3.057,31838.4,35022.240000000005,0.0
2011-07-27 05:00:00,B4104,1.183,0.0,0.0,198.99,1.183,31838.4,35022.240000000005,0.0
2011-07-27 06:00:00,B4104,4.336,0.0,1.54,198.99,2.716,31838.4,35022.240000000005,1.62
2011-07-27 07:00:00,B4104,1.183,0.0,6.74,198.99,-6.257000000000001,31838.4,35022.240000000005,7.44
2011-07-27 08:00:00,B4104,0.657,0.0,9.19,198.99,-9.103,31838.4,35022.240000000005,9.76
2011-07-27 09:00:00,B4104,0.657,0.0,12.23,198.99,-12.033,31838.4,35022.240000000005,12.69
2011-07-27 10:00:00,B4104,0.657,0.0,14.85,198.99,-14.653,31838.4,35022.240000000005,15.31
2011-07-27 11:00:00,B4104,0.657,0.0,15.92,198.99,-15.733,31838.4,35022.240000000005,16.39
2011-07-27 12:00:00,B4104,4.335,0.0,15.97,198.99,-12.075,31838.4,35022.240000000005,16.41
2011-07-27 13:00:00,B4104,1.183,0.0,15.49,198.99,-14.797,31838.4,35022.240000000005,15.98
2011-07-27 14:00:00,B4104,0.657,0.0,14.48,198.99,-14.363,31838.4,35022.240000000005,15.02
2011-07-27 15:00:00,B4104,0.657,0.0,12.79,198.99,-12.703,31838.4,35022.240000000005,13.36
2011-07-27 16:00:00,B4104,0.657,0.0,10.4,198.99,-10.303,31838.4,35022.240000000005,10.96
2011-07-27 17:00:00,B4104,1.183,0.0,7.38,198.99,-6.687,31838.4,35022.240000000005,7.87
2011-07-27 18:00:00,B4104,4.335,0.0,3.61,198.99,0.355,31838.4,35022.240000000005,3.98
2011-07-27 19:00:00,B4104,5.386,0.0,0.0,198.99,5.386,31838.4,35022.240000000005,0.0
2011-07-27 20:00:00,B4104,1.183,0.0,0.0,198.99,1.183,31838.4,35022.240000000005,0.0
2011-07-27 21:00:00,B4104,1.183,0.0,0.0,198.99,1.183,31838.4,35022.240000000005,0.0
2011-07-27 22:00:00,B4104,1.182,0.0,0.0,198.99,1.182,31838.4,35022.240000000005,0.0
2011-07-27 23:00:00,B4104,0.657,0.0,0.0,198.99,0.657,31838.4,35022.240000000005,0.0
2011-07-28 00:00:00,B4104,3.057,2.4,0.0,198.99,3.057,31838.4,35022.240000000005,0.0
2011-07-28 01:00:00,B4104,3.057,2.4,0.0,198.99,3.057,31838.4,35022.240000000005,0.0
2011-07-28 02:00:00,B4104,3.057,2.4,0.0,198.99,3.057,31838.4,35022.240000000005,0.0
2011-07-28 03:00:00,B4104,3.057,2.4,0.0,198.99,3.057,31838.4,35022.240000000005,0.0
2011-07-28 04:00:00,B4104,3.057,2.4,0.0,198.99,3.057,31838.4,35022.240000000005,0.0
2011-07-28 05:00:00,B4104,1.183,0.0,0.0,198.99,1.183,31838.4,35022.240000000005,0.0
2011-07-28 06:00:00,B4104,4.336,0.0,2.08,198.99,2.196,31838.4,35022.240000000005,2.14
2011-07-28 07:00:00,B4104,1.183,0.0,7.16,198.99,-6.7170000000000005,31838.4,35022.240000000005,7.9
2011-07-28 08:00:00,B4104,0.657,0.0,9.86,198.99,-9.753,31838.4,35022.240000000005,10.41
2011-07-28 09:00:00,B4104,0.657,0.0,11.58,198.99,-11.383,31838.4,35022.240000000005,12.04
2011-07-28 10:00:00,B4104,0.657,0.0,13.31,198.99,-13.163,31838.4,35022.240000000005,13.82
2011-07-28 11:00:00,B4104,0.657,0.0,14.71,198.99,-14.603,31838.4,35022.240000000005,15.26
2011-07-28 12:00:00,B4104,4.335,0.0,15.49,198.99,-11.675,31838.4,35022.240000000005,16.01
2011-07-28 13:00:00,B4104,1.183,0.0,15.05,198.99,-14.417,31838.4,35022.240000000005,15.6
2011-07-28 14:00:00,B4104,0.657,0.0,14.15,198.99,-14.083,31838.4,35022.240000000005,14.74
2011-07-28 15:00:00,B4104,0.657,0.0,12.49,198.99,-12.423,31838.4,35022.240000000005,13.08
2011-07-28 16:00:00,B4104,0.657,0.0,10.01,198.99,-9.933,31838.4,35022.240000000005,10.59
2011-07-28 17:00:00,B4104,1.183,0.0,6.68,198.99,-5.987,31838.4,35022.240000000005,7.17
2011-07-28 18:00:00,B4104,4.335,0.0,2.98,198.99,1.0350000000000001,31838.4,35022.240000000005,3.3
2011-07-28 19:00:00,B4104,5.386,0.0,0.0,198.99,5.386,31838.4,35022.240000000005,0.0
2011-07-28 20:00:00,B4104,1.183,0.0,0.0,198.99,1.183,31838.4,35022.240000000005,0.0
2011-07-28 21:00:00,B4104,1.183,0.0,0.0,198.99,1.183,31838.4,35022.240000000005,0.0
2011-07-28 22:00:00,B4104,1.182,0.0,0.0,198.99,1.182,31838.4,35022.240000000005,0.0
2011-07-28 23:00:00,B4104,0.657,0.0,0.0,198.99,0.657,31838.4,35022.240000000005,0.0
2011-07-29 00:00:00,B4104,3.057,2.4,0.0,198.99,3.057,31838.4,35022.240000000005,0.0
2011-07-29 01:00:00,B4104,3.057,2.4,0.0,198.99,3.057,31838.4,35022.240000000005,0.0
2011-07-29 02:00:00,B4104,3.057,2.4,0.0,198.99,3.057,31838.4,35022.240000000005,0.0
2011-07-29 03:00:00,B4104,3.057,2.4,0.0,198.99,3.057,31838.4,35022.240000000005,0.0
2011-07-29 04:00:00,B4104,3.057,2.4,0.0,198.99,3.057,31838.4,35022.240000000005,0.0
2011-07-29 05:00:00,B4104,1.183,0.0,0.0,198.99,1.183,31838.4,35022.240000000005,0.0
2011-07-29 06:00:00,B4104,4.336,0.0,1.64,198.99,2.6060000000000003,31838.4,35022.240000000005,1.73
2011-07-29 07:00:00,B4104,1.183,0.0,9.17,198.99,-8.947000000000001,31838.4,35022.240000000005,10.13
2011-07-29 08:00:00,B4104,0.657,0.0,12.19,198.99,-12.013,31838.4,35022.240000000005,12.67
2011-07-29 09:00:00,B4104,0.657,0.0,14.04,198.99,-13.713,31838.4,35022.240000000005,14.37
2011-07-29 10:00:00,B4104,0.657,0.0,15.06,198.99,-14.823,31838.4,35022.240000000005,15.48
2011-07-29 11:00:00,B4104,0.657,0.0,15.77,198.99,-15.582999999999998,31838.4,35022.240000000005,16.24
2011-07-29 12:00:00,B4104,4.335,0.0,16.07,198.99,-12.184999999999999,31838.4,35022.240000000005,16.52
2011-07-29 13:00:00,B4104,1.183,0.0,15.61,198.99,-14.917000000000002,31838.4,35022.240000000005,16.1
2011-07-29 14:00:00,B4104,0.657,0.0,14.56,198.99,-14.453,31838.4,35022.240000000005,15.11
2011-07-29 15:00:00,B4104,0.657,0.0,12.79,198.99,-12.723,31838.4,35022.240000000005,13.38
2011-07-29 16:00:00,B4104,0.657,0.0,10.46,198.99,-10.383,31838.4,35022.240000000005,11.04
2011-07-29 17:00:00,B4104,1.183,0.0,7.47,198.99,-6.797000000000001,31838.4,35022.240000000005,7.98
2011-07-29 18:00:00,B4104,4.335,0.0,3.7,198.99,0.23500000000000032,31838.4,35022.240000000005,4.1
2011-07-29 19:00:00,B4104,5.386,0.0,0.0,198.99,5.386,31838.4,35022.240000000005,0.0
2011-07-29 20:00:00,B4104,1.183,0.0,0.0,198.99,1.183,31838.4,35022.240000000005,0.0
2011-07-29 21:00:00,B4104,1.183,0.0,0.0,198.99,1.183,31838.4,35022.240000000005,0.0
2011-07-29 22:00:00,B4104,1.182,0.0,0.0,198.99,1.182,31838.4,35022.240000000005,0.0
2011-07-29 23:00:00,B4104,0.657,0.0,0.0,198.99,0.657,31838.4,35022.240000000005,0.0
2011-07-30 00:00:00,B4104,0.657,0.0,0.0,198.99,0.657,31838.4,35022.240000000005,0.0
2011-07-30 01:00:00,B4104,0.657,0.0,0.0,198.99,0.657,31838.4,35022.240000000005,0.0
2011-07-30 02:00:00,B4104,0.657,0.0,0.0,198.99,0.657,31838.4,35022.240000000005,0.0
2011-07-30 03:00:00,B4104,0.657,0.0,0.0,198.99,0.657,31838.4,35022.240000000005,0.0
2011-07-30 04:00:00,B4104,0.657,0.0,0.0,198.99,0.657,31838.4,35022.240000000005,0.0
2011-07-30 05:00:00,B4104,1.182,0.0,0.0,198.99,1.182,31838.4,35022.240000000005,0.0
2011-07-30 06:00:00,B4104,4.335,0.0,1.43,198.99,2.825,31838.4,35022.240000000005,1.51
2011-07-30 07:00:00,B4104,1.183,0.0,9.25,198.99,-9.027000000000001,31838.4,35022.240000000005,10.21
2011-07-30 08:00:00,B4104,3.058,2.4,11.73,198.99,-9.172,31838.4,35022.240000000005,12.23
2011-07-30 09:00:00,B4104,3.058,2.4,13.6,198.99,-10.912,31838.4,35022.240000000005,13.97
2011-07-30 10:00:00,B4104,3.058,2.4,14.98,198.99,-12.352,31838.4,35022.240000000005,15.41
2011-07-30 11:00:00,B4104,3.058,2.4,15.75,198.99,-13.172,31838.4,35022.240000000005,16.23
2011-07-30 12:00:00,B4104,6.735,2.4,15.92,198.99,-9.675,31838.4,35022.240000000005,16.41
2011-07-30 13:00:00,B4104,1.183,0.0,15.59,198.99,-14.927,31838.4,35022.240000000005,16.11
2011-07-30 14:00:00,B4104,0.657,0.0,14.66,198.99,-14.563,31838.4,35022.240000000005,15.22
2011-07-30 15:00:00,B4104,0.657,0.0,12.9,198.99,-12.823,31838.4,35022.240000000005,13.48
2011-07-30 16:00:00,B4104,0.657,0.0,10.5,198.99,-10.423,31838.4,35022.240000000005,11.08
2011-07-30 17:00:00,B4104,1.183,0.0,7.43,198.99,-6.757000000000001,31838.4,35022.240000000005,7.94
2011-07-30 18:00:00,B4104,4.336,0.0,3.64,198.99,0.3160000000000007,31838.4,35022.240000000005,4.02
2011-07-30 19:00:00,B4104,5.386,0.0,0.0,198.99,5.386,31838.4,35022.240000000005,0.0
2011-07-30 20:00:00,B4104,1.183,0.0,0.0,198.99,1.183,31838.4,35022.240000000005,0.0
2011-07-30 21:00:00,B4104,1.183,0.0,0.0,198.99,1.183,31838.4,35022.240000000005,0.0
2011-07-30 22:00:00,B4104,1.182,0.0,0.0,198.99,1.182,31838.4,35022.240000000005,0.0
2011-07-30 23:00:00,B4104,0.657,0.0,0.0,198.99,0.657,31838.4,35022.240000000005,0.0
2011-07-31 00:00:00,B4104,0.657,0.0,0.0,198.99,0.657,31838.4,35022.240000000005,0.0
2011-07-31 01:00:00,B4104,0.657,0.0,0.0,198.99,0.657,31838.4,35022.240000000005,0.0
2011-07-31 02:00:00,B4104,0.657,0.0,0.0,198.99,0.657,31838.4,35022.240000000005,0.0
2011-07-31 03:00:00,B4104,0.657,0.0,0.0,198.99,0.657,31838.4,35022.240000000005,0.0
2011-07-31 04:00:00,B4104,0.657,0.0,0.0,198.99,0.657,31838.4,35022.240000000005,0.0
2011-07-31 05:00:00,B4104,1.182,0.0,0.0,198.99,1.182,31838.4,35022.240000000005,0.0
2011-07-31 06:00:00,B4104,4.335,0.0,1.36,198.99,2.895,31838.4,35022.240000000005,1.44
2011-07-31 07:00:00,B4104,1.183,0.0,8.02,198.99,-7.667,31838.4,35022.240000000005,8.85
2011-07-31 08:00:00,B4104,3.057,2.4,10.1,198.99,-7.593,31838.4,35022.240000000005,10.65
2011-07-31 09:00:00,B4104,3.058,2.4,12.55,198.99,-9.952,31838.4,35022.240000000005,13.01
2011-07-31 10:00:00,B4104,3.058,2.4,14.23,198.99,-11.622,31838.4,35022.240000000005,14.68
2011-07-31 11:00:00,B4104,3.058,2.4,15.24,198.99,-12.632,31838.4,35022.240000000005,15.69
2011-07-31 12:00:00,B4104,6.735,2.4,15.53,198.99,-9.235,31838.4,35022.240000000005,15.97
2011-07-31 13:00:00,B4104,1.183,0.0,15.02,198.99,-14.327,31838.4,35022.240000000005,15.51
2011-07-31 14:00:00,B4104,0.657,0.0,13.93,198.99,-13.813,31838.4,35022.240000000005,14.47
2011-07-31 15:00:00,B4104,0.657,0.0,12.23,198.99,-12.153,31838.4,35022.240000000005,12.81
2011-07-31 16:00:00,B4104,0.657,0.0,9.87,198.99,-9.783,31838.4,35022.240000000005,10.44
2011-07-31 17:00:00,B4104,1.183,0.0,6.91,198.99,-6.227,31838.4,35022.240000000005,7.41
2011-07-31 18:00:00,B4104,4.335,0.0,2.42,198.99,1.705,31838.4,35022.240000000005,2.63
2011-07-31 19:00:00,B4104,5.386,0.0,0.0,198.99,5.386,31838.4,35022.240000000005,0.0
2011-07-31 20:00:00,B4104,1.183,0.0,0.0,198.99,1.183,31838.4,35022.240000000005,0.0
2011-07-31 21:00:00,B4104,1.183,0.0,0.0,198.99,1.183,31838.4,35022.240000000005,0.0
2011-07-31 22:00:00,B4104,1.183,0.0,0.0,198.99,1.183,31838.4,35022.240000000005,0.0
2011-07-31 23:00:00,B4104,0.657,0.0,0.0,198.99,0.657,31838.4,35022.240000000005,0.0
2011-08-01 00:00:00,B4104,3.057,2.4,0.0,198.99,3.057,31838.4,35022.240000000005,0.0
2011-08-01 01:00:00,B4104,3.057,2.4,0.0,198.99,3.057,31838.4,35022.240000000005,0.0
2011-08-01 02:00:00,B4104,3.057,2.4,0.0,198.99,3.057,31838.4,35022.240000000005,0.0
2011-08-01 03:00:00,B4104,3.057,2.4,0.0,198.99,3.057,31838.4,35022.240000000005,0.0
2011-08-01 04:00:00,B4104,3.057,2.4,0.0,198.99,3.057,31838.4,35022.240000000005,0.0
2011-08-01 05:00:00,B4104,1.183,0.0,0.0,198.99,1.183,31838.4,35022.240000000005,0.0
2011-08-01 06:00:00,B4104,4.336,0.0,1.36,198.99,2.8960000000000004,31838.4,35022.240000000005,1.44
2011-08-01 07:00:00,B4104,1.183,0.0,9.41,198.99,-9.227,31838.4,35022.240000000005,10.41
2011-08-01 08:00:00,B4104,0.657,0.0,12.08,198.99,-11.883,31838.4,35022.240000000005,12.54
2011-08-01 09:00:00,B4104,0.657,0.0,13.47,198.99,-13.173,31838.4,35022.240000000005,13.83
2011-08-01 10:00:00,B4104,0.657,0.0,14.68,198.99,-14.433,31838.4,35022.240000000005,15.09
2011-08-01 11:00:00,B4104,0.657,0.0,15.79,198.99,-15.553,31838.4,35022.240000000005,16.21
2011-08-01 12:00:00,B4104,4.335,0.0,16.0,198.99,-12.085,31838.4,35022.240000000005,16.42
2011-08-01 13:00:00,B4104,1.183,0.0,15.49,198.99,-14.787,31838.4,35022.240000000005,15.97
2011-08-01 14:00:00,B4104,0.657,0.0,14.4,198.99,-14.283,31838.4,35022.240000000005,14.94
2011-08-01 15:00:00,B4104,0.657,0.0,12.7,198.99,-12.613,31838.4,35022.240000000005,13.27
2011-08-01 16:00:00,B4104,0.657,0.0,10.34,198.99,-10.253,31838.4,35022.240000000005,10.91
2011-08-01 17:00:00,B4104,1.183,0.0,7.43,198.99,-6.747,31838.4,35022.240000000005,7.93
2011-08-01 18:00:00,B4104,4.335,0.0,2.59,198.99,1.5350000000000001,31838.4,35022.240000000005,2.8
2011-08-01 19:00:00,B4104,5.386,0.0,0.0,198.99,5.386,31838.4,35022.240000000005,0.0
2011-08-01 20:00:00,B4104,1.183,0.0,0.0,198.99,1.183,31838.4,35022.240000000005,0.0
2011-08-01 21:00:00,B4104,1.183,0.0,0.0,198.99,1.183,31838.4,35022.240000000005,0.0
2011-08-01 22:00:00,B4104,1.182,0.0,0.0,198.99,1.182,31838.4,35022.240000000005,0.0
2011-08-01 23:00:00,B4104,0.657,0.0,0.0,198.99,0.657,31838.4,35022.240000000005,0.0
2011-08-02 00:00:00,B4104,3.057,2.4,0.0,198.99,3.057,31838.4,35022.240000000005,0.0
2011-08-02 01:00:00,B4104,3.057,2.4,0.0,198.99,3.057,31838.4,35022.240000000005,0.0
2011-08-02 02:00:00,B4104,3.057,2.4,0.0,198.99,3.057,31838.4,35022.240000000005,0.0
2011-08-02 03:00:00,B4104,3.057,2.4,0.0,198.99,3.057,31838.4,35022.240000000005,0.0
2011-08-02 04:00:00,B4104,3.057,2.4,0.0,198.99,3.057,31838.4,35022.240000000005,0.0
2011-08-02 05:00:00,B4104,1.183,0.0,0.0,198.99,1.183,31838.4,35022.240000000005,0.0
2011-08-02 06:00:00,B4104,4.336,0.0,1.85,198.99,2.426,31838.4,35022.240000000005,1.91
2011-08-02 07:00:00,B4104,1.183,0.0,7.28,198.99,-6.856999999999999,31838.4,35022.240000000005,8.04
2011-08-02 08:00:00,B4104,0.657,0.0,10.62,198.99,-10.473,31838.4,35022.240000000005,11.13
2011-08-02 09:00:00,B4104,0.657,0.0,12.89,198.99,-12.623,31838.4,35022.240000000005,13.28
2011-08-02 10:00:00,B4104,0.657,0.0,14.5,198.99,-14.253,31838.4,35022.240000000005,14.91
2011-08-02 11:00:00,B4104,0.657,0.0,15.42,198.99,-15.193,31838.4,35022.240000000005,15.85
2011-08-02 12:00:00,B4104,4.335,0.0,15.55,198.99,-11.645,31838.4,35022.240000000005,15.98
2011-08-02 13:00:00,B4104,1.183,0.0,15.01,198.99,-14.297,31838.4,35022.240000000005,15.48
2011-08-02 14:00:00,B4104,0.657,0.0,14.0,198.99,-13.883,31838.4,35022.240000000005,14.54
2011-08-02 15:00:00,B4104,0.657,0.0,12.33,198.99,-12.243,31838.4,35022.240000000005,12.9
2011-08-02 16:00:00,B4104,0.657,0.0,10.02,198.99,-9.933,31838.4,35022.240000000005,10.59
2011-08-02 17:00:00,B4104,1.183,0.0,7.01,198.99,-6.317,31838.4,35022.240000000005,7.5
2011-08-02 18:00:00,B4104,4.335,0.0,2.39,198.99,1.745,31838.4,35022.240000000005,2.59
2011-08-02 19:00:00,B4104,5.386,0.0,0.0,198.99,5.386,31838.4,35022.240000000005,0.0
2011-08-02 20:00:00,B4104,1.183,0.0,0.0,198.99,1.183,31838.4,35022.240000000005,0.0
2011-08-02 21:00:00,B4104,1.183,0.0,0.0,198.99,1.183,31838.4,35022.240000000005,0.0
2011-08-02 22:00:00,B4104,1.182,0.0,0.0,198.99,1.182,31838.4,35022.240000000005,0.0
2011-08-02 23:00:00,B4104,0.657,0.0,0.0,198.99,0.657,31838.4,35022.240000000005,0.0
2011-08-03 00:00:00,B4104,3.057,2.4,0.0,198.99,3.057,31838.4,35022.240000000005,0.0
2011-08-03 01:00:00,B4104,3.057,2.4,0.0,198.99,3.057,31838.4,35022.240000000005,0.0
2011-08-03 02:00:00,B4104,3.057,2.4,0.0,198.99,3.057,31838.4,35022.240000000005,0.0
2011-08-03 03:00:00,B4104,3.057,2.4,0.0,198.99,3.057,31838.4,35022.240000000005,0.0
2011-08-03 04:00:00,B4104,3.057,2.4,0.0,198.99,3.057,31838.4,35022.240000000005,0.0
2011-08-03 05:00:00,B4104,1.183,0.0,0.0,198.99,1.183,31838.4,35022.240000000005,0.0
2011-08-03 06:00:00,B4104,4.336,0.0,1.74,198.99,2.516,31838.4,35022.240000000005,1.82
2011-08-03 07:00:00,B4104,1.183,0.0,8.36,198.99,-8.067,31838.4,35022.240000000005,9.25
2011-08-03 08:00:00,B4104,0.657,0.0,11.88,198.99,-11.683,31838.4,35022.240000000005,12.34
2011-08-03 09:00:00,B4104,0.657,0.0,13.78,198.99,-13.453,31838.4,35022.240000000005,14.11
2011-08-03 10:00:00,B4104,0.657,0.0,15.11,198.99,-14.833,31838.4,35022.240000000005,15.49
2011-08-03 11:00:00,B4104,0.657,0.0,15.79,198.99,-15.562999999999999,31838.4,35022.240000000005,16.22
2011-08-03 12:00:00,B4104,4.335,0.0,15.87,198.99,-11.985,31838.4,35022.240000000005,16.32
2011-08-03 13:00:00,B4104,1.183,0.0,15.42,198.99,-14.737,31838.4,35022.240000000005,15.92
2011-08-03 14:00:00,B4104,0.657,0.0,14.33,198.99,-14.233,31838.4,35022.240000000005,14.89
2011-08-03 15:00:00,B4104,0.657,0.0,12.55,198.99,-12.483,31838.4,35022.240000000005,13.14
2011-08-03 16:00:00,B4104,0.657,0.0,10.07,198.99,-9.993,31838.4,35022.240000000005,10.65
2011-08-03 17:00:00,B4104,1.183,0.0,6.96,198.99,-6.277,31838.4,35022.240000000005,7.46
2011-08-03 18:00:00,B4104,4.335,0.0,2.35,198.99,1.7850000000000001,31838.4,35022.240000000005,2.55
2011-08-03 19:00:00,B4104,5.386,0.0,0.0,198.99,5.386,31838.4,35022.240000000005,0.0
2011-08-03 20:00:00,B4104,1.183,0.0,0.0,198.99,1.183,31838.4,35022.240000000005,0.0
2011-08-03 21:00:00,B4104,1.183,0.0,0.0,198.99,1.183,31838.4,35022.240000000005,0.0
2011-08-03 22:00:00,B4104,1.182,0.0,0.0,198.99,1.182,31838.4,35022.240000000005,0.0
2011-08-03 23:00:00,B4104,0.657,0.0,0.0,198.99,0.657,31838.4,35022.240000000005,0.0
2011-08-04 00:00:00,B4104,3.057,2.4,0.0,198.99,3.057,31838.4,35022.240000000005,0.0
2011-08-04 01:00:00,B4104,3.057,2.4,0.0,198.99,3.057,31838.4,35022.240000000005,0.0
2011-08-04 02:00:00,B4104,3.057,2.4,0.0,198.99,3.057,31838.4,35022.240000000005,0.0
2011-08-04 03:00:00,B4104,3.057,2.4,0.0,198.99,3.057,31838.4,35022.240000000005,0.0
2011-08-04 04:00:00,B4104,3.057,2.4,0.0,198.99,3.057,31838.4,35022.240000000005,0.0
2011-08-04 05:00:00,B4104,1.183,0.0,0.0,198.99,1.183,31838.4,35022.240000000005,0.0
2011-08-04 06:00:00,B4104,4.336,0.0,1.2,198.99,3.0660000000000003,31838.4,35022.240000000005,1.27
2011-08-04 07:00:00,B4104,1.183,0.0,8.12,198.99,-7.807,31838.4,35022.240000000005,8.99
2011-08-04 08:00:00,B4104,0.657,0.0,10.29,198.99,-10.093,31838.4,35022.240000000005,10.75
2011-08-04 09:00:00,B4104,0.657,0.0,11.99,198.99,-11.763,31838.4,35022.240000000005,12.42
2011-08-04 10:00:00,B4104,0.657,0.0,13.27,198.99,-13.143,31838.4,35022.240000000005,13.8
2011-08-04 11:00:00,B4104,0.657,0.0,14.47,198.99,-14.363,31838.4,35022.240000000005,15.02
2011-08-04 12:00:00,B4104,4.335,0.0,15.02,198.99,-11.215,31838.4,35022.240000000005,15.55
2011-08-04 13:00:00,B4104,1.183,0.0,14.48,198.99,-13.897,31838.4,35022.240000000005,15.08
2011-08-04 14:00:00,B4104,0.657,0.0,13.42,198.99,-13.453,31838.4,35022.240000000005,14.11
2011-08-04 15:00:00,B4104,0.657,0.0,11.79,198.99,-11.833,31838.4,35022.240000000005,12.49
2011-08-04 16:00:00,B4104,0.657,0.0,9.4,198.99,-9.413,31838.4,35022.240000000005,10.07
2011-08-04 17:00:00,B4104,1.183,0.0,6.45,198.99,-5.807,31838.4,35022.240000000005,6.99
2011-08-04 18:00:00,B4104,4.335,0.0,2.19,198.99,1.9449999999999998,31838.4,35022.240000000005,2.39
2011-08-04 19:00:00,B4104,5.386,0.0,0.0,198.99,5.386,31838.4,35022.240000000005,0.0
2011-08-04 20:00:00,B4104,1.183,0.0,0.0,198.99,1.183,31838.4,35022.240000000005,0.0
2011-08-04 21:00:00,B4104,1.183,0.0,0.0,198.99,1.183,31838.4,35022.240000000005,0.0
2011-08-04 22:00:00,B4104,1.182,0.0,0.0,198.99,1.182,31838.4,35022.240000000005,0.0
2011-08-04 23:00:00,B4104,0.657,0.0,0.0,198.99,0.657,31838.4,35022.240000000005,0.0
2011-08-05 00:00:00,B4104,3.057,2.4,0.0,198.99,3.057,31838.4,35022.240000000005,0.0
2011-08-05 01:00:00,B4104,3.057,2.4,0.0,198.99,3.057,31838.4,35022.240000000005,0.0
2011-08-05 02:00:00,B4104,3.057,2.4,0.0,198.99,3.057,31838.4,35022.240000000005,0.0
2011-08-05 03:00:00,B4104,3.057,2.4,0.0,198.99,3.057,31838.4,35022.240000000005,0.0
2011-08-05 04:00:00,B4104,3.057,2.4,0.0,198.99,3.057,31838.4,35022.240000000005,0.0
2011-08-05 05:00:00,B4104,1.183,0.0,0.0,198.99,1.183,31838.4,35022.240000000005,0.0
2011-08-05 06:00:00,B4104,4.336,0.0,1.32,198.99,2.9460000000000006,31838.4,35022.240000000005,1.39
2011-08-05 07:00:00,B4104,1.183,0.0,8.71,198.99,-8.417,31838.4,35022.240000000005,9.6
2011-08-05 08:00:00,B4104,0.657,0.0,11.47,198.99,-11.223,31838.4,35022.240000000005,11.88
2011-08-05 09:00:00,B4104,0.657,0.0,13.17,198.99,-12.843,31838.4,35022.240000000005,13.5
2011-08-05 10:00:00,B4104,0.657,0.0,14.39,198.99,-14.103,31838.4,35022.240000000005,14.76
2011-08-05 11:00:00,B4104,0.657,0.0,15.22,198.99,-14.963,31838.4,35022.240000000005,15.62
2011-08-05 12:00:00,B4104,4.335,0.0,15.34,198.99,-11.425,31838.4,35022.240000000005,15.76
2011-08-05 13:00:00,B4104,1.183,0.0,14.81,198.99,-14.097,31838.4,35022.240000000005,15.28
2011-08-05 14:00:00,B4104,0.657,0.0,13.76,198.99,-13.643,31838.4,35022.240000000005,14.3
2011-08-05 15:00:00,B4104,0.657,0.0,12.03,198.99,-11.943,31838.4,35022.240000000005,12.6
2011-08-05 16:00:00,B4104,0.657,0.0,9.66,198.99,-9.563,31838.4,35022.240000000005,10.22
2011-08-05 17:00:00,B4104,1.183,0.0,6.76,198.99,-6.077,31838.4,35022.240000000005,7.26
2011-08-05 18:00:00,B4104,4.335,0.0,2.23,198.99,1.915,31838.4,35022.240000000005,2.42
2011-08-05 19:00:00,B4104,5.386,0.0,0.0,198.99,5.386,31838.4,35022.240000000005,0.0
2011-08-05 20:00:00,B4104,1.183,0.0,0.0,198.99,1.183,31838.4,35022.240000000005,0.0
2011-08-05 21:00:00,B4104,1.183,0.0,0.0,198.99,1.183,31838.4,35022.240000000005,0.0
2011-08-05 22:00:00,B4104,1.182,0.0,0.0,198.99,1.182,31838.4,35022.240000000005,0.0
2011-08-05 23:00:00,B4104,0.657,0.0,0.0,198.99,0.657,31838.4,35022.240000000005,0.0
2011-08-06 00:00:00,B4104,0.657,0.0,0.0,198.99,0.657,31838.4,35022.240000000005,0.0
2011-08-06 01:00:00,B4104,0.657,0.0,0.0,198.99,0.657,31838.4,35022.240000000005,0.0
2011-08-06 02:00:00,B4104,0.657,0.0,0.0,198.99,0.657,31838.4,35022.240000000005,0.0
2011-08-06 03:00:00,B4104,0.657,0.0,0.0,198.99,0.657,31838.4,35022.240000000005,0.0
2011-08-06 04:00:00,B4104,0.657,0.0,0.0,198.99,0.657,31838.4,35022.240000000005,0.0
2011-08-06 05:00:00,B4104,1.182,0.0,0.0,198.99,1.182,31838.4,35022.240000000005,0.0
2011-08-06 06:00:00,B4104,4.335,0.0,1.12,198.99,3.145,31838.4,35022.240000000005,1.19
2011-08-06 07:00:00,B4104,1.183,0.0,8.71,198.99,-8.367,31838.4,35022.240000000005,9.55
2011-08-06 08:00:00,B4104,3.058,2.4,11.34,198.99,-8.672,31838.4,35022.240000000005,11.73
2011-08-06 09:00:00,B4104,3.058,2.4,13.06,198.99,-10.322000000000001,31838.4,35022.240000000005,13.38
2011-08-06 10:00:00,B4104,3.058,2.4,14.15,198.99,-11.462,31838.4,35022.240000000005,14.52
2011-08-06 11:00:00,B4104,3.058,2.4,14.95,198.99,-12.302,31838.4,35022.240000000005,15.36
2011-08-06 12:00:00,B4104,6.735,2.4,14.96,198.99,-8.645,31838.4,35022.240000000005,15.38
2011-08-06 13:00:00,B4104,1.183,0.0,14.47,198.99,-13.757,31838.4,35022.240000000005,14.94
2011-08-06 14:00:00,B4104,0.657,0.0,13.43,198.99,-13.303,31838.4,35022.240000000005,13.96
2011-08-06 15:00:00,B4104,0.657,0.0,11.7,198.99,-11.613,31838.4,35022.240000000005,12.27
2011-08-06 16:00:00,B4104,0.657,0.0,9.34,198.99,-9.233,31838.4,35022.240000000005,9.89
2011-08-06 17:00:00,B4104,1.183,0.0,6.52,198.99,-5.827,31838.4,35022.240000000005,7.01
2011-08-06 18:00:00,B4104,4.336,0.0,2.13,198.99,2.0160000000000005,31838.4,35022.240000000005,2.32
2011-08-06 19:00:00,B4104,5.386,0.0,0.0,198.99,5.386,31838.4,35022.240000000005,0.0
2011-08-06 20:00:00,B4104,1.183,0.0,0.0,198.99,1.183,31838.4,35022.240000000005,0.0
2011-08-06 21:00:00,B4104,1.183,0.0,0.0,198.99,1.183,31838.4,35022.240000000005,0.0
2011-08-06 22:00:00,B4104,1.182,0.0,0.0,198.99,1.182,31838.4,35022.240000000005,0.0
2011-08-06 23:00:00,B4104,0.657,0.0,0.0,198.99,0.657,31838.4,35022.240000000005,0.0
2011-08-07 00:00:00,B4104,0.657,0.0,0.0,198.99,0.657,31838.4,35022.240000000005,0.0
2011-08-07 01:00:00,B4104,0.657,0.0,0.0,198.99,0.657,31838.4,35022.240000000005,0.0
2011-08-07 02:00:00,B4104,0.657,0.0,0.0,198.99,0.657,31838.4,35022.240000000005,0.0
2011-08-07 03:00:00,B4104,0.657,0.0,0.0,198.99,0.657,31838.4,35022.240000000005,0.0
2011-08-07 04:00:00,B4104,0.657,0.0,0.0,198.99,0.657,31838.4,35022.240000000005,0.0
2011-08-07 05:00:00,B4104,1.182,0.0,0.0,198.99,1.182,31838.4,35022.240000000005,0.0
2011-08-07 06:00:00,B4104,4.335,0.0,0.97,198.99,3.295,31838.4,35022.240000000005,1.04
2011-08-07 07:00:00,B4104,1.183,0.0,8.8,198.99,-8.387,31838.4,35022.240000000005,9.57
2011-08-07 08:00:00,B4104,3.057,2.4,11.09,198.99,-8.423,31838.4,35022.240000000005,11.48
2011-08-07 09:00:00,B4104,3.058,2.4,12.76,198.99,-10.032,31838.4,35022.240000000005,13.09
2011-08-07 10:00:00,B4104,3.058,2.4,13.97,198.99,-11.292,31838.4,35022.240000000005,14.35
2011-08-07 11:00:00,B4104,3.058,2.4,14.71,198.99,-12.072000000000001,31838.4,35022.240000000005,15.13
2011-08-07 12:00:00,B4104,6.735,2.4,14.75,198.99,-8.454999999999998,31838.4,35022.240000000005,15.19
2011-08-07 13:00:00,B4104,1.183,0.0,14.3,198.99,-13.597,31838.4,35022.240000000005,14.78
2011-08-07 14:00:00,B4104,0.657,0.0,13.22,198.99,-13.113,31838.4,35022.240000000005,13.77
2011-08-07 15:00:00,B4104,0.657,0.0,11.64,198.99,-11.563,31838.4,35022.240000000005,12.22
2011-08-07 16:00:00,B4104,0.657,0.0,9.34,198.99,-9.273,31838.4,35022.240000000005,9.93
2011-08-07 17:00:00,B4104,1.183,0.0,6.32,198.99,-5.657,31838.4,35022.240000000005,6.84
2011-08-07 18:00:00,B4104,4.335,0.0,2.05,198.99,2.0949999999999998,31838.4,35022.240000000005,2.24
2011-08-07 19:00:00,B4104,5.386,0.0,0.0,198.99,5.386,31838.4,35022.240000000005,0.0
2011-08-07 20:00:00,B4104,1.183,0.0,0.0,198.99,1.183,31838.4,35022.240000000005,0.0
2011-08-07 21:00:00,B4104,1.183,0.0,0.0,198.99,1.183,31838.4,35022.240000000005,0.0
2011-08-07 22:00:00,B4104,1.183,0.0,0.0,198.99,1.183,31838.4,35022.240000000005,0.0
2011-08-07 23:00:00,B4104,0.657,0.0,0.0,198.99,0.657,31838.4,35022.240000000005,0.0
2011-08-08 00:00:00,B4104,3.057,2.4,0.0,198.99,3.057,31838.4,35022.240000000005,0.0
2011-08-08 01:00:00,B4104,3.057,2.4,0.0,198.99,3.057,31838.4,35022.240000000005,0.0
2011-08-08 02:00:00,B4104,3.057,2.4,0.0,198.99,3.057,31838.4,35022.240000000005,0.0
2011-08-08 03:00:00,B4104,3.057,2.4,0.0,198.99,3.057,31838.4,35022.240000000005,0.0
2011-08-08 04:00:00,B4104,3.057,2.4,0.0,198.99,3.057,31838.4,35022.240000000005,0.0
2011-08-08 05:00:00,B4104,1.183,0.0,0.0,198.99,1.183,31838.4,35022.240000000005,0.0
2011-08-08 06:00:00,B4104,4.336,0.0,1.17,198.99,3.1060000000000003,31838.4,35022.240000000005,1.23
2011-08-08 07:00:00,B4104,1.183,0.0,7.65,198.99,-7.237,31838.4,35022.240000000005,8.42
2011-08-08 08:00:00,B4104,0.657,0.0,10.09,198.99,-9.833,31838.4,35022.240000000005,10.49
2011-08-08 09:00:00,B4104,0.657,0.0,12.07,198.99,-11.773,31838.4,35022.240000000005,12.43
2011-08-08 10:00:00,B4104,0.657,0.0,13.65,198.99,-13.393,31838.4,35022.240000000005,14.05
2011-08-08 11:00:00,B4104,0.657,0.0,14.65,198.99,-14.443,31838.4,35022.240000000005,15.1
2011-08-08 12:00:00,B4104,4.335,0.0,14.76,198.99,-10.875,31838.4,35022.240000000005,15.21
2011-08-08 13:00:00,B4104,1.183,0.0,14.29,198.99,-13.607,31838.4,35022.240000000005,14.79
2011-08-08 14:00:00,B4104,0.657,0.0,13.3,198.99,-13.213,31838.4,35022.240000000005,13.87
2011-08-08 15:00:00,B4104,0.657,0.0,11.43,198.99,-11.363,31838.4,35022.240000000005,12.02
2011-08-08 16:00:00,B4104,0.657,0.0,9.16,198.99,-9.093,31838.4,35022.240000000005,9.75
2011-08-08 17:00:00,B4104,1.183,0.0,6.35,198.99,-5.6770000000000005,31838.4,35022.240000000005,6.86
2011-08-08 18:00:00,B4104,4.335,0.0,2.02,198.99,2.135,31838.4,35022.240000000005,2.2
2011-08-08 19:00:00,B4104,5.386,0.0,0.0,198.99,5.386,31838.4,35022.240000000005,0.0
2011-08-08 20:00:00,B4104,1.183,0.0,0.0,198.99,1.183,31838.4,35022.240000000005,0.0
2011-08-08 21:00:00,B4104,1.183,0.0,0.0,198.99,1.183,31838.4,35022.240000000005,0.0
2011-08-08 22:00:00,B4104,1.182,0.0,0.0,198.99,1.182,31838.4,35022.240000000005,0.0
2011-08-08 23:00:00,B4104,0.657,0.0,0.0,198.99,0.657,31838.4,35022.240000000005,0.0
2011-08-09 00:00:00,B4104,3.057,2.4,0.0,198.99,3.057,31838.4,35022.240000000005,0.0
2011-08-09 01:00:00,B4104,3.057,2.4,0.0,198.99,3.057,31838.4,35022.240000000005,0.0
2011-08-09 02:00:00,B4104,3.057,2.4,0.0,198.99,3.057,31838.4,35022.240000000005,0.0
2011-08-09 03:00:00,B4104,3.057,2.4,0.0,198.99,3.057,31838.4,35022.240000000005,0.0
2011-08-09 04:00:00,B4104,3.057,2.4,0.0,198.99,3.057,31838.4,35022.240000000005,0.0
2011-08-09 05:00:00,B4104,1.183,0.0,0.0,198.99,1.183,31838.4,35022.240000000005,0.0
2011-08-09 06:00:00,B4104,4.336,0.0,1.17,198.99,3.1060000000000003,31838.4,35022.240000000005,1.23
2011-08-09 07:00:00,B4104,1.183,0.0,8.26,198.99,-7.877000000000001,31838.4,35022.240000000005,9.06
2011-08-09 08:00:00,B4104,0.657,0.0,10.81,198.99,-10.543,31838.4,35022.240000000005,11.2
2011-08-09 09:00:00,B4104,0.657,0.0,12.61,198.99,-12.293,31838.4,35022.240000000005,12.95
2011-08-09 10:00:00,B4104,0.657,0.0,14.04,198.99,-13.773,31838.4,35022.240000000005,14.43
2011-08-09 11:00:00,B4104,0.657,0.0,14.85,198.99,-14.623,31838.4,35022.240000000005,15.28
2011-08-09 12:00:00,B4104,4.335,0.0,14.97,198.99,-11.085,31838.4,35022.240000000005,15.42
2011-08-09 13:00:00,B4104,1.183,0.0,14.4,198.99,-13.737,31838.4,35022.240000000005,14.92
2011-08-09 14:00:00,B4104,0.657,0.0,13.38,198.99,-13.313,31838.4,35022.240000000005,13.97
2011-08-09 15:00:00,B4104,0.657,0.0,11.72,198.99,-11.653,31838.4,35022.240000000005,12.31
2011-08-09 16:00:00,B4104,0.657,0.0,9.35,198.99,-9.283,31838.4,35022.240000000005,9.94
2011-08-09 17:00:00,B4104,1.183,0.0,6.27,198.99,-5.597,31838.4,35022.240000000005,6.78
2011-08-09 18:00:00,B4104,4.335,0.0,1.98,198.99,2.175,31838.4,35022.240000000005,2.16
2011-08-09 19:00:00,B4104,5.386,0.0,0.0,198.99,5.386,31838.4,35022.240000000005,0.0
2011-08-09 20:00:00,B4104,1.183,0.0,0.0,198.99,1.183,31838.4,35022.240000000005,0.0
2011-08-09 21:00:00,B4104,1.183,0.0,0.0,198.99,1.183,31838.4,35022.240000000005,0.0
2011-08-09 22:00:00,B4104,1.182,0.0,0.0,198.99,1.182,31838.4,35022.240000000005,0.0
2011-08-09 23:00:00,B4104,0.657,0.0,0.0,198.99,0.657,31838.4,35022.240000000005,0.0
2011-08-10 00:00:00,B4104,3.057,2.4,0.0,198.99,3.057,31838.4,35022.240000000005,0.0
2011-08-10 01:00:00,B4104,3.057,2.4,0.0,198.99,3.057,31838.4,35022.240000000005,0.0
2011-08-10 02:00:00,B4104,3.057,2.4,0.0,198.99,3.057,31838.4,35022.240000000005,0.0
2011-08-10 03:00:00,B4104,3.057,2.4,0.0,198.99,3.057,31838.4,35022.240000000005,0.0
2011-08-10 04:00:00,B4104,3.057,2.4,0.0,198.99,3.057,31838.4,35022.240000000005,0.0
2011-08-10 05:00:00,B4104,1.183,0.0,0.0,198.99,1.183,31838.4,35022.240000000005,0.0
2011-08-10 06:00:00,B4104,4.336,0.0,1.68,198.99,2.6060000000000003,31838.4,35022.240000000005,1.73
2011-08-10 07:00:00,B4104,1.183,0.0,6.89,198.99,-6.457,31838.4,35022.240000000005,7.64
2011-08-10 08:00:00,B4104,0.657,0.0,10.13,198.99,-9.893,31838.4,35022.240000000005,10.55
2011-08-10 09:00:00,B4104,0.657,0.0,12.54,198.99,-12.283,31838.4,35022.240000000005,12.94
2011-08-10 10:00:00,B4104,0.657,0.0,13.97,198.99,-13.773,31838.4,35022.240000000005,14.43
2011-08-10 11:00:00,B4104,0.657,0.0,14.82,198.99,-14.633,31838.4,35022.240000000005,15.29
2011-08-10 12:00:00,B4104,4.335,0.0,14.97,198.99,-11.125,31838.4,35022.240000000005,15.46
2011-08-10 13:00:00,B4104,1.183,0.0,14.48,198.99,-13.827,31838.4,35022.240000000005,15.01
2011-08-10 14:00:00,B4104,0.657,0.0,13.41,198.99,-13.333,31838.4,35022.240000000005,13.99
2011-08-10 15:00:00,B4104,0.657,0.0,11.68,198.99,-11.633,31838.4,35022.240000000005,12.29
2011-08-10 16:00:00,B4104,0.657,0.0,9.19,198.99,-9.133,31838.4,35022.240000000005,9.79
2011-08-10 17:00:00,B4104,1.183,0.0,6.09,198.99,-5.4270000000000005,31838.4,35022.240000000005,6.61
2011-08-10 18:00:00,B4104,4.335,0.0,1.91,198.99,2.235,31838.4,35022.240000000005,2.1
2011-08-10 19:00:00,B4104,5.386,0.0,0.0,198.99,5.386,31838.4,35022.240000000005,0.0
2011-08-10 20:00:00,B4104,1.183,0.0,0.0,198.99,1.183,31838.4,35022.240000000005,0.0
2011-08-10 21:00:00,B4104,1.183,0.0,0.0,198.99,1.183,31838.4,35022.240000000005,0.0
2011-08-10 22:00:00,B4104,1.182,0.0,0.0,198.99,1.182,31838.4,35022.240000000005,0.0
2011-08-10 23:00:00,B4104,0.657,0.0,0.0,198.99,0.657,31838.4,35022.240000000005,0.0
2011-08-11 00:00:00,B4104,3.057,2.4,0.0,198.99,3.057,31838.4,35022.240000000005,0.0
2011-08-11 01:00:00,B4104,3.057,2.4,0.0,198.99,3.057,31838.4,35022.240000000005,0.0
2011-08-11 02:00:00,B4104,3.057,2.4,0.0,198.99,3.057,31838.4,35022.240000000005,0.0
2011-08-11 03:00:00,B4104,3.057,2.4,0.0,198.99,3.057,31838.4,35022.240000000005,0.0
2011-08-11 04:00:00,B4104,3.057,2.4,0.0,198.99,3.057,31838.4,35022.240000000005,0.0
2011-08-11 05:00:00,B4104,1.183,0.0,0.0,198.99,1.183,31838.4,35022.240000000005,0.0
2011-08-11 06:00:00,B4104,4.336,0.0,1.45,198.99,2.8260000000000005,31838.4,35022.240000000005,1.51
2011-08-11 07:00:00,B4104,1.183,0.0,6.36,198.99,-5.857,31838.4,35022.240000000005,7.04
2011-08-11 08:00:00,B4104,0.657,0.0,9.47,198.99,-9.253,31838.4,35022.240000000005,9.91
2011-08-11 09:00:00,B4104,0.657,0.0,12.21,198.99,-11.953,31838.4,35022.240000000005,12.61
2011-08-11 10:00:00,B4104,0.657,0.0,13.71,198.99,-13.513,31838.4,35022.240000000005,14.17
2011-08-11 11:00:00,B4104,0.657,0.0,14.64,198.99,-14.483,31838.4,35022.240000000005,15.14
2011-08-11 12:00:00,B4104,4.335,0.0,14.75,198.99,-10.954999999999998,31838.4,35022.240000000005,15.29
2011-08-11 13:00:00,B4104,1.183,0.0,14.02,198.99,-13.487,31838.4,35022.240000000005,14.67
2011-08-11 14:00:00,B4104,0.657,0.0,12.77,198.99,-12.863,31838.4,35022.240000000005,13.52
2011-08-11 15:00:00,B4104,0.657,0.0,11.29,198.99,-11.383,31838.4,35022.240000000005,12.04
2011-08-11 16:00:00,B4104,0.657,0.0,8.92,198.99,-8.943,31838.4,35022.240000000005,9.6
2011-08-11 17:00:00,B4104,1.183,0.0,5.78,198.99,-5.157,31838.4,35022.240000000005,6.34
2011-08-11 18:00:00,B4104,4.335,0.0,1.79,198.99,2.365,31838.4,35022.240000000005,1.97
2011-08-11 19:00:00,B4104,5.386,0.0,0.0,198.99,5.386,31838.4,35022.240000000005,0.0
2011-08-11 20:00:00,B4104,1.183,0.0,0.0,198.99,1.183,31838.4,35022.240000000005,0.0
2011-08-11 21:00:00,B4104,1.183,0.0,0.0,198.99,1.183,31838.4,35022.240000000005,0.0
2011-08-11 22:00:00,B4104,1.182,0.0,0.0,198.99,1.182,31838.4,35022.240000000005,0.0
2011-08-11 23:00:00,B4104,0.657,0.0,0.0,198.99,0.657,31838.4,35022.240000000005,0.0
2011-08-12 00:00:00,B4104,3.057,2.4,0.0,198.99,3.057,31838.4,35022.240000000005,0.0
2011-08-12 01:00:00,B4104,3.057,2.4,0.0,198.99,3.057,31838.4,35022.240000000005,0.0
2011-08-12 02:00:00,B4104,3.057,2.4,0.0,198.99,3.057,31838.4,35022.240000000005,0.0
2011-08-12 03:00:00,B4104,3.057,2.4,0.0,198.99,3.057,31838.4,35022.240000000005,0.0
2011-08-12 04:00:00,B4104,3.057,2.4,0.0,198.99,3.057,31838.4,35022.240000000005,0.0
2011-08-12 05:00:00,B4104,1.183,0.0,0.0,198.99,1.183,31838.4,35022.240000000005,0.0
2011-08-12 06:00:00,B4104,4.336,0.0,1.51,198.99,2.8260000000000005,31838.4,35022.240000000005,1.51
2011-08-12 07:00:00,B4104,1.183,0.0,3.31,198.99,-2.417,31838.4,35022.240000000005,3.6
2011-08-12 08:00:00,B4104,0.657,0.0,5.53,198.99,-5.373,31838.4,35022.240000000005,6.03
2011-08-12 09:00:00,B4104,0.657,0.0,7.47,198.99,-7.423,31838.4,35022.240000000005,8.08
2011-08-12 10:00:00,B4104,0.657,0.0,8.33,198.99,-8.353,31838.4,35022.240000000005,9.01
2011-08-12 11:00:00,B4104,0.657,0.0,10.76,198.99,-10.853,31838.4,35022.240000000005,11.51
2011-08-12 12:00:00,B4104,4.335,0.0,12.59,198.99,-8.975000000000001,31838.4,35022.240000000005,13.31
2011-08-12 13:00:00,B4104,1.183,0.0,11.11,198.99,-10.677,31838.4,35022.240000000005,11.86
2011-08-12 14:00:00,B4104,0.657,0.0,9.33,198.99,-9.493,31838.4,35022.240000000005,10.15
2011-08-12 15:00:00,B4104,0.657,0.0,7.95,198.99,-8.083,31838.4,35022.240000000005,8.74
2011-08-12 16:00:00,B4104,0.657,0.0,6.28,198.99,-6.343,31838.4,35022.240000000005,7.0
2011-08-12 17:00:00,B4104,1.183,0.0,3.6,198.99,-2.867,31838.4,35022.240000000005,4.05
2011-08-12 18:00:00,B4104,4.335,0.0,0.0,198.99,4.235,31838.4,35022.240000000005,0.1
2011-08-12 19:00:00,B4104,5.386,0.0,0.0,198.99,5.386,31838.4,35022.240000000005,0.0
2011-08-12 20:00:00,B4104,1.183,0.0,0.0,198.99,1.183,31838.4,35022.240000000005,0.0
2011-08-12 21:00:00,B4104,1.183,0.0,0.0,198.99,1.183,31838.4,35022.240000000005,0.0
2011-08-12 22:00:00,B4104,1.182,0.0,0.0,198.99,1.182,31838.4,35022.240000000005,0.0
2011-08-12 23:00:00,B4104,0.657,0.0,0.0,198.99,0.657,31838.4,35022.240000000005,0.0
2011-08-13 00:00:00,B4104,0.657,0.0,0.0,198.99,0.657,31838.4,35022.240000000005,0.0
2011-08-13 01:00:00,B4104,0.657,0.0,0.0,198.99,0.657,31838.4,35022.240000000005,0.0
2011-08-13 02:00:00,B4104,0.657,0.0,0.0,198.99,0.657,31838.4,35022.240000000005,0.0
2011-08-13 03:00:00,B4104,0.657,0.0,0.0,198.99,0.657,31838.4,35022.240000000005,0.0
2011-08-13 04:00:00,B4104,0.657,0.0,0.0,198.99,0.657,31838.4,35022.240000000005,0.0
2011-08-13 05:00:00,B4104,1.182,0.0,0.0,198.99,1.182,31838.4,35022.240000000005,0.0
2011-08-13 06:00:00,B4104,4.335,0.0,0.0,198.99,4.335,31838.4,35022.240000000005,0.0
2011-08-13 07:00:00,B4104,1.183,0.0,2.46,198.99,-1.3070000000000002,31838.4,35022.240000000005,2.49
2011-08-13 08:00:00,B4104,3.058,2.4,4.45,198.99,-1.8120000000000003,31838.4,35022.240000000005,4.87
2011-08-13 09:00:00,B4104,3.058,2.4,6.58,198.99,-4.042,31838.4,35022.240000000005,7.1
2011-08-13 10:00:00,B4104,3.058,2.4,8.1,198.99,-5.622,31838.4,35022.240000000005,8.68
2011-08-13 11:00:00,B4104,3.058,2.4,9.86,198.99,-7.412000000000001,31838.4,35022.240000000005,10.47
2011-08-13 12:00:00,B4104,6.735,2.4,10.88,198.99,-4.8549999999999995,31838.4,35022.240000000005,11.59
2011-08-13 13:00:00,B4104,1.183,0.0,10.34,198.99,-9.977,31838.4,35022.240000000005,11.16
2011-08-13 14:00:00,B4104,0.657,0.0,9.92,198.99,-10.093,31838.4,35022.240000000005,10.75
2011-08-13 15:00:00,B4104,0.657,0.0,9.12,198.99,-9.303,31838.4,35022.240000000005,9.96
2011-08-13 16:00:00,B4104,0.657,0.0,7.47,198.99,-7.553000000000001,31838.4,35022.240000000005,8.21
2011-08-13 17:00:00,B4104,1.183,0.0,5.12,198.99,-4.487,31838.4,35022.240000000005,5.67
2011-08-13 18:00:00,B4104,4.336,0.0,1.66,198.99,2.5060000000000002,31838.4,35022.240000000005,1.83
2011-08-13 19:00:00,B4104,5.386,0.0,0.0,198.99,5.386,31838.4,35022.240000000005,0.0
2011-08-13 20:00:00,B4104,1.183,0.0,0.0,198.99,1.183,31838.4,35022.240000000005,0.0
2011-08-13 21:00:00,B4104,1.183,0.0,0.0,198.99,1.183,31838.4,35022.240000000005,0.0
2011-08-13 22:00:00,B4104,1.182,0.0,0.0,198.99,1.182,31838.4,35022.240000000005,0.0
2011-08-13 23:00:00,B4104,0.657,0.0,0.0,198.99,0.657,31838.4,35022.240000000005,0.0
2011-08-14 00:00:00,B4104,0.657,0.0,0.0,198.99,0.657,31838.4,35022.240000000005,0.0
2011-08-14 01:00:00,B4104,0.657,0.0,0.0,198.99,0.657,31838.4,35022.240000000005,0.0
2011-08-14 02:00:00,B4104,0.657,0.0,0.0,198.99,0.657,31838.4,35022.240000000005,0.0
2011-08-14 03:00:00,B4104,0.657,0.0,0.0,198.99,0.657,31838.4,35022.240000000005,0.0
2011-08-14 04:00:00,B4104,0.657,0.0,0.0,198.99,0.657,31838.4,35022.240000000005,0.0
2011-08-14 05:00:00,B4104,1.182,0.0,0.0,198.99,1.182,31838.4,35022.240000000005,0.0
2011-08-14 06:00:00,B4104,4.335,0.0,0.93,198.99,3.355,31838.4,35022.240000000005,0.98
2011-08-14 07:00:00,B4104,1.183,0.0,7.93,198.99,-7.4670000000000005,31838.4,35022.240000000005,8.65
2011-08-14 08:00:00,B4104,3.057,2.4,10.44,198.99,-7.722999999999999,31838.4,35022.240000000005,10.78
2011-08-14 09:00:00,B4104,3.058,2.4,12.11,198.99,-9.402000000000001,31838.4,35022.240000000005,12.46
2011-08-14 10:00:00,B4104,3.058,2.4,13.41,198.99,-10.772,31838.4,35022.240000000005,13.83
2011-08-14 11:00:00,B4104,3.058,2.4,14.25,198.99,-11.632,31838.4,35022.240000000005,14.69
2011-08-14 12:00:00,B4104,6.735,2.4,14.4,198.99,-8.114999999999998,31838.4,35022.240000000005,14.85
2011-08-14 13:00:00,B4104,1.183,0.0,13.89,198.99,-13.217,31838.4,35022.240000000005,14.4
2011-08-14 14:00:00,B4104,0.657,0.0,12.9,198.99,-12.823,31838.4,35022.240000000005,13.48
2011-08-14 15:00:00,B4104,0.657,0.0,11.2,198.99,-11.153,31838.4,35022.240000000005,11.81
2011-08-14 16:00:00,B4104,0.657,0.0,8.82,198.99,-8.763,31838.4,35022.240000000005,9.42
2011-08-14 17:00:00,B4104,1.183,0.0,5.82,198.99,-5.157,31838.4,35022.240000000005,6.34
2011-08-14 18:00:00,B4104,4.335,0.0,1.73,198.99,2.435,31838.4,35022.240000000005,1.9
2011-08-14 19:00:00,B4104,5.386,0.0,0.0,198.99,5.386,31838.4,35022.240000000005,0.0
2011-08-14 20:00:00,B4104,1.183,0.0,0.0,198.99,1.183,31838.4,35022.240000000005,0.0
2011-08-14 21:00:00,B4104,1.183,0.0,0.0,198.99,1.183,31838.4,35022.240000000005,0.0
2011-08-14 22:00:00,B4104,1.183,0.0,0.0,198.99,1.183,31838.4,35022.240000000005,0.0
2011-08-14 23:00:00,B4104,0.657,0.0,0.0,198.99,0.657,31838.4,35022.240000000005,0.0
2011-08-15 00:00:00,B4104,3.057,2.4,0.0,198.99,3.057,31838.4,35022.240000000005,0.0
2011-08-15 01:00:00,B4104,3.057,2.4,0.0,198.99,3.057,31838.4,35022.240000000005,0.0
2011-08-15 02:00:00,B4104,3.057,2.4,0.0,198.99,3.057,31838.4,35022.240000000005,0.0
2011-08-15 03:00:00,B4104,3.057,2.4,0.0,198.99,3.057,31838.4,35022.240000000005,0.0
2011-08-15 04:00:00,B4104,3.057,2.4,0.0,198.99,3.057,31838.4,35022.240000000005,0.0
2011-08-15 05:00:00,B4104,1.183,0.0,0.0,198.99,1.183,31838.4,35022.240000000005,0.0
2011-08-15 06:00:00,B4104,4.336,0.0,0.0,198.99,4.336,31838.4,35022.240000000005,0.0
2011-08-15 07:00:00,B4104,1.183,0.0,7.32,198.99,-6.917,31838.4,35022.240000000005,8.1
2011-08-15 08:00:00,B4104,0.657,0.0,10.16,198.99,-9.863,31838.4,35022.240000000005,10.52
2011-08-15 09:00:00,B4104,0.657,0.0,11.92,198.99,-11.633,31838.4,35022.240000000005,12.29
2011-08-15 10:00:00,B4104,0.657,0.0,13.29,198.99,-13.043,31838.4,35022.240000000005,13.7
2011-08-15 11:00:00,B4104,0.657,0.0,14.24,198.99,-14.043,31838.4,35022.240000000005,14.7
2011-08-15 12:00:00,B4104,4.335,0.0,14.31,198.99,-10.445,31838.4,35022.240000000005,14.78
2011-08-15 13:00:00,B4104,1.183,0.0,13.89,198.99,-13.227,31838.4,35022.240000000005,14.41
2011-08-15 14:00:00,B4104,0.657,0.0,12.84,198.99,-12.773,31838.4,35022.240000000005,13.43
2011-08-15 15:00:00,B4104,0.657,0.0,11.14,198.99,-11.113,31838.4,35022.240000000005,11.77
2011-08-15 16:00:00,B4104,0.657,0.0,8.75,198.99,-8.703,31838.4,35022.240000000005,9.36
2011-08-15 17:00:00,B4104,1.183,0.0,5.75,198.99,-5.097,31838.4,35022.240000000005,6.28
2011-08-15 18:00:00,B4104,4.335,0.0,1.65,198.99,2.5149999999999997,31838.4,35022.240000000005,1.82
2011-08-15 19:00:00,B4104,5.386,0.0,0.0,198.99,5.386,31838.4,35022.240000000005,0.0
2011-08-15 20:00:00,B4104,1.183,0.0,0.0,198.99,1.183,31838.4,35022.240000000005,0.0
2011-08-15 21:00:00,B4104,1.183,0.0,0.0,198.99,1.183,31838.4,35022.240000000005,0.0
2011-08-15 22:00:00,B4104,1.182,0.0,0.0,198.99,1.182,31838.4,35022.240000000005,0.0
2011-08-15 23:00:00,B4104,0.657,0.0,0.0,198.99,0.657,31838.4,35022.240000000005,0.0
2011-08-16 00:00:00,B4104,3.057,2.4,0.0,198.99,3.057,31838.4,35022.240000000005,0.0
2011-08-16 01:00:00,B4104,3.057,2.4,0.0,198.99,3.057,31838.4,35022.240000000005,0.0
2011-08-16 02:00:00,B4104,3.057,2.4,0.0,198.99,3.057,31838.4,35022.240000000005,0.0
2011-08-16 03:00:00,B4104,3.057,2.4,0.0,198.99,3.057,31838.4,35022.240000000005,0.0
2011-08-16 04:00:00,B4104,3.057,2.4,0.0,198.99,3.057,31838.4,35022.240000000005,0.0
2011-08-16 05:00:00,B4104,1.183,0.0,0.0,198.99,1.183,31838.4,35022.240000000005,0.0
2011-08-16 06:00:00,B4104,4.336,0.0,0.0,198.99,4.336,31838.4,35022.240000000005,0.0
2011-08-16 07:00:00,B4104,1.183,0.0,7.63,198.99,-7.157,31838.4,35022.240000000005,8.34
2011-08-16 08:00:00,B4104,0.657,0.0,9.68,198.99,-9.343,31838.4,35022.240000000005,10.0
2011-08-16 09:00:00,B4104,0.657,0.0,11.2,198.99,-10.933,31838.4,35022.240000000005,11.59
2011-08-16 10:00:00,B4104,0.657,0.0,12.71,198.99,-12.493,31838.4,35022.240000000005,13.15
2011-08-16 11:00:00,B4104,0.657,0.0,13.73,198.99,-13.563,31838.4,35022.240000000005,14.22
2011-08-16 12:00:00,B4104,4.335,0.0,14.0,198.99,-10.225000000000001,31838.4,35022.240000000005,14.56
2011-08-16 13:00:00,B4104,1.183,0.0,13.76,198.99,-13.157,31838.4,35022.240000000005,14.34
2011-08-16 14:00:00,B4104,0.657,0.0,12.68,198.99,-12.613,31838.4,35022.240000000005,13.27
2011-08-16 15:00:00,B4104,0.657,0.0,10.97,198.99,-10.943,31838.4,35022.240000000005,11.6
2011-08-16 16:00:00,B4104,0.657,0.0,8.54,198.99,-8.503,31838.4,35022.240000000005,9.16
2011-08-16 17:00:00,B4104,1.183,0.0,5.54,198.99,-4.897,31838.4,35022.240000000005,6.08
2011-08-16 18:00:00,B4104,4.335,0.0,1.58,198.99,2.585,31838.4,35022.240000000005,1.75
2011-08-16 19:00:00,B4104,5.386,0.0,0.0,198.99,5.386,31838.4,35022.240000000005,0.0
2011-08-16 20:00:00,B4104,1.183,0.0,0.0,198.99,1.183,31838.4,35022.240000000005,0.0
2011-08-16 21:00:00,B4104,1.183,0.0,0.0,198.99,1.183,31838.4,35022.240000000005,0.0
2011-08-16 22:00:00,B4104,1.182,0.0,0.0,198.99,1.182,31838.4,35022.240000000005,0.0
2011-08-16 23:00:00,B4104,0.657,0.0,0.0,198.99,0.657,31838.4,35022.240000000005,0.0
2011-08-17 00:00:00,B4104,3.057,2.4,0.0,198.99,3.057,31838.4,35022.240000000005,0.0
2011-08-17 01:00:00,B4104,3.057,2.4,0.0,198.99,3.057,31838.4,35022.240000000005,0.0
2011-08-17 02:00:00,B4104,3.057,2.4,0.0,198.99,3.057,31838.4,35022.240000000005,0.0
2011-08-17 03:00:00,B4104,3.057,2.4,0.0,198.99,3.057,31838.4,35022.240000000005,0.0
2011-08-17 04:00:00,B4104,3.057,2.4,0.0,198.99,3.057,31838.4,35022.240000000005,0.0
2011-08-17 05:00:00,B4104,1.183,0.0,0.0,198.99,1.183,31838.4,35022.240000000005,0.0
2011-08-17 06:00:00,B4104,4.336,0.0,0.0,198.99,4.336,31838.4,35022.240000000005,0.0
2011-08-17 07:00:00,B4104,1.183,0.0,7.13,198.99,-6.667,31838.4,35022.240000000005,7.85
2011-08-17 08:00:00,B4104,0.657,0.0,9.15,198.99,-8.833,31838.4,35022.240000000005,9.49
2011-08-17 09:00:00,B4104,0.657,0.0,11.14,198.99,-10.873,31838.4,35022.240000000005,11.53
2011-08-17 10:00:00,B4104,0.657,0.0,12.7,198.99,-12.493,31838.4,35022.240000000005,13.15
2011-08-17 11:00:00,B4104,0.657,0.0,13.68,198.99,-13.503,31838.4,35022.240000000005,14.16
2011-08-17 12:00:00,B4104,4.335,0.0,13.88,198.99,-10.024999999999999,31838.4,35022.240000000005,14.36
2011-08-17 13:00:00,B4104,1.183,0.0,13.42,198.99,-12.767,31838.4,35022.240000000005,13.95
2011-08-17 14:00:00,B4104,0.657,0.0,12.36,198.99,-12.283,31838.4,35022.240000000005,12.94
2011-08-17 15:00:00,B4104,0.657,0.0,10.57,198.99,-10.543,31838.4,35022.240000000005,11.2
2011-08-17 16:00:00,B4104,0.657,0.0,8.2,198.99,-8.173,31838.4,35022.240000000005,8.83
2011-08-17 17:00:00,B4104,1.183,0.0,5.2,198.99,-4.537,31838.4,35022.240000000005,5.72
2011-08-17 18:00:00,B4104,4.335,0.0,1.42,198.99,2.755,31838.4,35022.240000000005,1.58
2011-08-17 19:00:00,B4104,5.386,0.0,0.0,198.99,5.386,31838.4,35022.240000000005,0.0
2011-08-17 20:00:00,B4104,1.183,0.0,0.0,198.99,1.183,31838.4,35022.240000000005,0.0
2011-08-17 21:00:00,B4104,1.183,0.0,0.0,198.99,1.183,31838.4,35022.240000000005,0.0
2011-08-17 22:00:00,B4104,1.182,0.0,0.0,198.99,1.182,31838.4,35022.240000000005,0.0
2011-08-17 23:00:00,B4104,0.657,0.0,0.0,198.99,0.657,31838.4,35022.240000000005,0.0
2011-08-18 00:00:00,B4104,3.057,2.4,0.0,198.99,3.057,31838.4,35022.240000000005,0.0
2011-08-18 01:00:00,B4104,3.057,2.4,0.0,198.99,3.057,31838.4,35022.240000000005,0.0
2011-08-18 02:00:00,B4104,3.057,2.4,0.0,198.99,3.057,31838.4,35022.240000000005,0.0
2011-08-18 03:00:00,B4104,3.057,2.4,0.0,198.99,3.057,31838.4,35022.240000000005,0.0
2011-08-18 04:00:00,B4104,3.057,2.4,0.0,198.99,3.057,31838.4,35022.240000000005,0.0
2011-08-18 05:00:00,B4104,1.183,0.0,0.0,198.99,1.183,31838.4,35022.240000000005,0.0
2011-08-18 06:00:00,B4104,4.336,0.0,0.0,198.99,4.336,31838.4,35022.240000000005,0.0
2011-08-18 07:00:00,B4104,1.183,0.0,5.28,198.99,-4.697,31838.4,35022.240000000005,5.88
2011-08-18 08:00:00,B4104,0.657,0.0,7.95,198.99,-7.683,31838.4,35022.240000000005,8.34
2011-08-18 09:00:00,B4104,0.657,0.0,10.08,198.99,-9.923,31838.4,35022.240000000005,10.58
2011-08-18 10:00:00,B4104,0.657,0.0,11.33,198.99,-11.323,31838.4,35022.240000000005,11.98
2011-08-18 11:00:00,B4104,0.657,0.0,11.6,198.99,-11.713,31838.4,35022.240000000005,12.37
2011-08-18 12:00:00,B4104,4.335,0.0,12.08,198.99,-8.555,31838.4,35022.240000000005,12.89
2011-08-18 13:00:00,B4104,1.183,0.0,12.21,198.99,-11.827,31838.4,35022.240000000005,13.01
2011-08-18 14:00:00,B4104,0.657,0.0,10.9,198.99,-11.043,31838.4,35022.240000000005,11.7
2011-08-18 15:00:00,B4104,0.657,0.0,9.39,198.99,-9.503,31838.4,35022.240000000005,10.16
2011-08-18 16:00:00,B4104,0.657,0.0,7.34,198.99,-7.343,31838.4,35022.240000000005,8.0
2011-08-18 17:00:00,B4104,1.183,0.0,4.77,198.99,-4.1370000000000005,31838.4,35022.240000000005,5.32
2011-08-18 18:00:00,B4104,4.335,0.0,1.34,198.99,2.835,31838.4,35022.240000000005,1.5
2011-08-18 19:00:00,B4104,5.386,0.0,0.0,198.99,5.386,31838.4,35022.240000000005,0.0
2011-08-18 20:00:00,B4104,1.183,0.0,0.0,198.99,1.183,31838.4,35022.240000000005,0.0
2011-08-18 21:00:00,B4104,1.183,0.0,0.0,198.99,1.183,31838.4,35022.240000000005,0.0
2011-08-18 22:00:00,B4104,1.182,0.0,0.0,198.99,1.182,31838.4,35022.240000000005,0.0
2011-08-18 23:00:00,B4104,0.657,0.0,0.0,198.99,0.657,31838.4,35022.240000000005,0.0
2011-08-19 00:00:00,B4104,3.057,2.4,0.0,198.99,3.057,31838.4,35022.240000000005,0.0
2011-08-19 01:00:00,B4104,3.057,2.4,0.0,198.99,3.057,31838.4,35022.240000000005,0.0
2011-08-19 02:00:00,B4104,3.057,2.4,0.0,198.99,3.057,31838.4,35022.240000000005,0.0
2011-08-19 03:00:00,B4104,3.057,2.4,0.0,198.99,3.057,31838.4,35022.240000000005,0.0
2011-08-19 04:00:00,B4104,3.057,2.4,0.0,198.99,3.057,31838.4,35022.240000000005,0.0
2011-08-19 05:00:00,B4104,1.183,0.0,0.0,198.99,1.183,31838.4,35022.240000000005,0.0
2011-08-19 06:00:00,B4104,4.336,0.0,0.0,198.99,4.336,31838.4,35022.240000000005,0.0
2011-08-19 07:00:00,B4104,1.183,0.0,4.78,198.99,-4.117,31838.4,35022.240000000005,5.3
2011-08-19 08:00:00,B4104,0.657,0.0,7.41,198.99,-7.203,31838.4,35022.240000000005,7.86
2011-08-19 09:00:00,B4104,0.657,0.0,9.6,198.99,-9.453,31838.4,35022.240000000005,10.11
2011-08-19 10:00:00,B4104,0.657,0.0,11.85,198.99,-11.733,31838.4,35022.240000000005,12.39
2011-08-19 11:00:00,B4104,0.657,0.0,13.41,198.99,-13.313,31838.4,35022.240000000005,13.97
2011-08-19 12:00:00,B4104,4.335,0.0,13.6,198.99,-9.785,31838.4,35022.240000000005,14.12
2011-08-19 13:00:00,B4104,1.183,0.0,13.22,198.99,-12.627,31838.4,35022.240000000005,13.81
2011-08-19 14:00:00,B4104,0.657,0.0,12.1,198.99,-12.093,31838.4,35022.240000000005,12.75
2011-08-19 15:00:00,B4104,0.657,0.0,10.4,198.99,-10.423,31838.4,35022.240000000005,11.08
2011-08-19 16:00:00,B4104,0.657,0.0,8.0,198.99,-8.003,31838.4,35022.240000000005,8.66
2011-08-19 17:00:00,B4104,1.183,0.0,5.18,198.99,-4.557,31838.4,35022.240000000005,5.74
2011-08-19 18:00:00,B4104,4.335,0.0,1.42,198.99,2.745,31838.4,35022.240000000005,1.59
2011-08-19 19:00:00,B4104,5.386,0.0,0.0,198.99,5.386,31838.4,35022.240000000005,0.0
2011-08-19 20:00:00,B4104,1.183,0.0,0.0,198.99,1.183,31838.4,35022.240000000005,0.0
2011-08-19 21:00:00,B4104,1.183,0.0,0.0,198.99,1.183,31838.4,35022.240000000005,0.0
2011-08-19 22:00:00,B4104,1.182,0.0,0.0,198.99,1.182,31838.4,35022.240000000005,0.0
2011-08-19 23:00:00,B4104,0.657,0.0,0.0,198.99,0.657,31838.4,35022.240000000005,0.0
2011-08-20 00:00:00,B4104,0.657,0.0,0.0,198.99,0.657,31838.4,35022.240000000005,0.0
2011-08-20 01:00:00,B4104,0.657,0.0,0.0,198.99,0.657,31838.4,35022.240000000005,0.0
2011-08-20 02:00:00,B4104,0.657,0.0,0.0,198.99,0.657,31838.4,35022.240000000005,0.0
2011-08-20 03:00:00,B4104,0.657,0.0,0.0,198.99,0.657,31838.4,35022.240000000005,0.0
2011-08-20 04:00:00,B4104,0.657,0.0,0.0,198.99,0.657,31838.4,35022.240000000005,0.0
2011-08-20 05:00:00,B4104,1.182,0.0,0.0,198.99,1.182,31838.4,35022.240000000005,0.0
2011-08-20 06:00:00,B4104,4.335,0.0,0.0,198.99,4.335,31838.4,35022.240000000005,0.0
2011-08-20 07:00:00,B4104,1.183,0.0,6.04,198.99,-5.527,31838.4,35022.240000000005,6.71
2011-08-20 08:00:00,B4104,3.058,2.4,8.63,198.99,-5.981999999999999,31838.4,35022.240000000005,9.04
2011-08-20 09:00:00,B4104,3.058,2.4,10.71,198.99,-8.132,31838.4,35022.240000000005,11.19
2011-08-20 10:00:00,B4104,3.058,2.4,12.36,198.99,-9.832,31838.4,35022.240000000005,12.89
2011-08-20 11:00:00,B4104,3.058,2.4,13.05,198.99,-10.552,31838.4,35022.240000000005,13.61
2011-08-20 12:00:00,B4104,6.735,2.4,13.29,198.99,-7.095,31838.4,35022.240000000005,13.83
2011-08-20 13:00:00,B4104,1.183,0.0,13.01,198.99,-12.387,31838.4,35022.240000000005,13.57
2011-08-20 14:00:00,B4104,0.657,0.0,11.98,198.99,-11.933,31838.4,35022.240000000005,12.59
2011-08-20 15:00:00,B4104,0.657,0.0,10.28,198.99,-10.253,31838.4,35022.240000000005,10.91
2011-08-20 16:00:00,B4104,0.657,0.0,7.87,198.99,-7.813000000000001,31838.4,35022.240000000005,8.47
2011-08-20 17:00:00,B4104,1.183,0.0,4.9,198.99,-4.237,31838.4,35022.240000000005,5.42
2011-08-20 18:00:00,B4104,4.336,0.0,1.28,198.99,2.9060000000000006,31838.4,35022.240000000005,1.43
2011-08-20 19:00:00,B4104,5.386,0.0,0.0,198.99,5.386,31838.4,35022.240000000005,0.0
2011-08-20 20:00:00,B4104,1.183,0.0,0.0,198.99,1.183,31838.4,35022.240000000005,0.0
2011-08-20 21:00:00,B4104,1.183,0.0,0.0,198.99,1.183,31838.4,35022.240000000005,0.0
2011-08-20 22:00:00,B4104,1.182,0.0,0.0,198.99,1.182,31838.4,35022.240000000005,0.0
2011-08-20 23:00:00,B4104,0.657,0.0,0.0,198.99,0.657,31838.4,35022.240000000005,0.0
2011-08-21 00:00:00,B4104,0.657,0.0,0.0,198.99,0.657,31838.4,35022.240000000005,0.0
2011-08-21 01:00:00,B4104,0.657,0.0,0.0,198.99,0.657,31838.4,35022.240000000005,0.0
2011-08-21 02:00:00,B4104,0.657,0.0,0.0,198.99,0.657,31838.4,35022.240000000005,0.0
2011-08-21 03:00:00,B4104,0.657,0.0,0.0,198.99,0.657,31838.4,35022.240000000005,0.0
2011-08-21 04:00:00,B4104,0.657,0.0,0.0,198.99,0.657,31838.4,35022.240000000005,0.0
2011-08-21 05:00:00,B4104,1.182,0.0,0.0,198.99,1.182,31838.4,35022.240000000005,0.0
2011-08-21 06:00:00,B4104,4.335,0.0,0.0,198.99,4.335,31838.4,35022.240000000005,0.0
2011-08-21 07:00:00,B4104,1.183,0.0,1.78,198.99,-0.597,31838.4,35022.240000000005,1.78
2011-08-21 08:00:00,B4104,3.057,2.4,3.02,198.99,-0.24299999999999988,31838.4,35022.240000000005,3.3
2011-08-21 09:00:00,B4104,3.058,2.4,3.55,198.99,-0.8320000000000003,31838.4,35022.240000000005,3.89
2011-08-21 10:00:00,B4104,3.058,2.4,4.04,198.99,-1.362,31838.4,35022.240000000005,4.42
2011-08-21 11:00:00,B4104,3.058,2.4,5.01,198.99,-2.442,31838.4,35022.240000000005,5.5
2011-08-21 12:00:00,B4104,6.735,2.4,5.93,198.99,0.23500000000000032,31838.4,35022.240000000005,6.5
2011-08-21 13:00:00,B4104,1.183,0.0,6.41,198.99,-5.857,31838.4,35022.240000000005,7.04
2011-08-21 14:00:00,B4104,0.657,0.0,6.66,198.99,-6.703,31838.4,35022.240000000005,7.36
2011-08-21 15:00:00,B4104,0.657,0.0,5.78,198.99,-5.803,31838.4,35022.240000000005,6.46
2011-08-21 16:00:00,B4104,0.657,0.0,3.1,198.99,-2.843,31838.4,35022.240000000005,3.5
2011-08-21 17:00:00,B4104,1.183,0.0,0.0,198.99,1.103,31838.4,35022.240000000005,0.08
2011-08-21 18:00:00,B4104,4.335,0.0,0.0,198.99,4.335,31838.4,35022.240000000005,0.0
2011-08-21 19:00:00,B4104,5.386,0.0,0.0,198.99,5.386,31838.4,35022.240000000005,0.0
2011-08-21 20:00:00,B4104,1.183,0.0,0.0,198.99,1.183,31838.4,35022.240000000005,0.0
2011-08-21 21:00:00,B4104,1.183,0.0,0.0,198.99,1.183,31838.4,35022.240000000005,0.0
2011-08-21 22:00:00,B4104,1.183,0.0,0.0,198.99,1.183,31838.4,35022.240000000005,0.0
2011-08-21 23:00:00,B4104,0.657,0.0,0.0,198.99,0.657,31838.4,35022.240000000005,0.0
2011-08-22 00:00:00,B4104,3.057,2.4,0.0,198.99,3.057,31838.4,35022.240000000005,0.0
2011-08-22 01:00:00,B4104,3.057,2.4,0.0,198.99,3.057,31838.4,35022.240000000005,0.0
2011-08-22 02:00:00,B4104,3.057,2.4,0.0,198.99,3.057,31838.4,35022.240000000005,0.0
2011-08-22 03:00:00,B4104,3.057,2.4,0.0,198.99,3.057,31838.4,35022.240000000005,0.0
2011-08-22 04:00:00,B4104,3.057,2.4,0.0,198.99,3.057,31838.4,35022.240000000005,0.0
2011-08-22 05:00:00,B4104,1.183,0.0,0.0,198.99,1.183,31838.4,35022.240000000005,0.0
2011-08-22 06:00:00,B4104,4.336,0.0,0.0,198.99,4.336,31838.4,35022.240000000005,0.0
2011-08-22 07:00:00,B4104,1.183,0.0,3.0,198.99,-2.0869999999999997,31838.4,35022.240000000005,3.27
2011-08-22 08:00:00,B4104,0.657,0.0,5.47,198.99,-5.213,31838.4,35022.240000000005,5.87
2011-08-22 09:00:00,B4104,0.657,0.0,8.25,198.99,-8.103,31838.4,35022.240000000005,8.76
2011-08-22 10:00:00,B4104,0.657,0.0,10.4,198.99,-10.283,31838.4,35022.240000000005,10.94
2011-08-22 11:00:00,B4104,0.657,0.0,11.79,198.99,-11.673,31838.4,35022.240000000005,12.33
2011-08-22 12:00:00,B4104,4.335,0.0,12.74,198.99,-8.985,31838.4,35022.240000000005,13.32
2011-08-22 13:00:00,B4104,1.183,0.0,12.67,198.99,-12.107,31838.4,35022.240000000005,13.29
2011-08-22 14:00:00,B4104,0.657,0.0,11.73,198.99,-11.743,31838.4,35022.240000000005,12.4
2011-08-22 15:00:00,B4104,0.657,0.0,10.04,198.99,-10.083,31838.4,35022.240000000005,10.74
2011-08-22 16:00:00,B4104,0.657,0.0,7.61,198.99,-7.6530000000000005,31838.4,35022.240000000005,8.31
2011-08-22 17:00:00,B4104,1.183,0.0,4.54,198.99,-3.9370000000000003,31838.4,35022.240000000005,5.12
2011-08-22 18:00:00,B4104,4.335,0.0,0.0,198.99,4.185,31838.4,35022.240000000005,0.15
2011-08-22 19:00:00,B4104,5.386,0.0,0.0,198.99,5.386,31838.4,35022.240000000005,0.0
2011-08-22 20:00:00,B4104,1.183,0.0,0.0,198.99,1.183,31838.4,35022.240000000005,0.0
2011-08-22 21:00:00,B4104,1.183,0.0,0.0,198.99,1.183,31838.4,35022.240000000005,0.0
2011-08-22 22:00:00,B4104,1.182,0.0,0.0,198.99,1.182,31838.4,35022.240000000005,0.0
2011-08-22 23:00:00,B4104,0.657,0.0,0.0,198.99,0.657,31838.4,35022.240000000005,0.0
2011-08-23 00:00:00,B4104,3.057,2.4,0.0,198.99,3.057,31838.4,35022.240000000005,0.0
2011-08-23 01:00:00,B4104,3.057,2.4,0.0,198.99,3.057,31838.4,35022.240000000005,0.0
2011-08-23 02:00:00,B4104,3.057,2.4,0.0,198.99,3.057,31838.4,35022.240000000005,0.0
2011-08-23 03:00:00,B4104,3.057,2.4,0.0,198.99,3.057,31838.4,35022.240000000005,0.0
2011-08-23 04:00:00,B4104,3.057,2.4,0.0,198.99,3.057,31838.4,35022.240000000005,0.0
2011-08-23 05:00:00,B4104,1.183,0.0,0.0,198.99,1.183,31838.4,35022.240000000005,0.0
2011-08-23 06:00:00,B4104,4.336,0.0,0.0,198.99,4.336,31838.4,35022.240000000005,0.0
2011-08-23 07:00:00,B4104,1.183,0.0,6.66,198.99,-6.117,31838.4,35022.240000000005,7.3
2011-08-23 08:00:00,B4104,0.657,0.0,9.19,198.99,-8.833,31838.4,35022.240000000005,9.49
2011-08-23 09:00:00,B4104,0.657,0.0,11.11,198.99,-10.813,31838.4,35022.240000000005,11.47
2011-08-23 10:00:00,B4104,0.657,0.0,12.49,198.99,-12.273,31838.4,35022.240000000005,12.93
2011-08-23 11:00:00,B4104,0.657,0.0,13.27,198.99,-13.083,31838.4,35022.240000000005,13.74
2011-08-23 12:00:00,B4104,4.335,0.0,13.54,198.99,-9.695,31838.4,35022.240000000005,14.03
2011-08-23 13:00:00,B4104,1.183,0.0,13.06,198.99,-12.427,31838.4,35022.240000000005,13.61
2011-08-23 14:00:00,B4104,0.657,0.0,11.94,198.99,-11.883,31838.4,35022.240000000005,12.54
2011-08-23 15:00:00,B4104,0.657,0.0,10.4,198.99,-10.393,31838.4,35022.240000000005,11.05
2011-08-23 16:00:00,B4104,0.657,0.0,8.03,198.99,-8.023,31838.4,35022.240000000005,8.68
2011-08-23 17:00:00,B4104,1.183,0.0,5.0,198.99,-4.367,31838.4,35022.240000000005,5.55
2011-08-23 18:00:00,B4104,4.335,0.0,1.25,198.99,2.925,31838.4,35022.240000000005,1.41
2011-08-23 19:00:00,B4104,5.386,0.0,0.0,198.99,5.386,31838.4,35022.240000000005,0.0
2011-08-23 20:00:00,B4104,1.183,0.0,0.0,198.99,1.183,31838.4,35022.240000000005,0.0
2011-08-23 21:00:00,B4104,1.183,0.0,0.0,198.99,1.183,31838.4,35022.240000000005,0.0
2011-08-23 22:00:00,B4104,1.182,0.0,0.0,198.99,1.182,31838.4,35022.240000000005,0.0
2011-08-23 23:00:00,B4104,0.657,0.0,0.0,198.99,0.657,31838.4,35022.240000000005,0.0
2011-08-24 00:00:00,B4104,3.057,2.4,0.0,198.99,3.057,31838.4,35022.240000000005,0.0
2011-08-24 01:00:00,B4104,3.057,2.4,0.0,198.99,3.057,31838.4,35022.240000000005,0.0
2011-08-24 02:00:00,B4104,3.057,2.4,0.0,198.99,3.057,31838.4,35022.240000000005,0.0
2011-08-24 03:00:00,B4104,3.057,2.4,0.0,198.99,3.057,31838.4,35022.240000000005,0.0
2011-08-24 04:00:00,B4104,3.057,2.4,0.0,198.99,3.057,31838.4,35022.240000000005,0.0
2011-08-24 05:00:00,B4104,1.183,0.0,0.0,198.99,1.183,31838.4,35022.240000000005,0.0
2011-08-24 06:00:00,B4104,4.336,0.0,0.0,198.99,4.336,31838.4,35022.240000000005,0.0
2011-08-24 07:00:00,B4104,1.183,0.0,6.37,198.99,-5.807,31838.4,35022.240000000005,6.99
2011-08-24 08:00:00,B4104,0.657,0.0,8.76,198.99,-8.393,31838.4,35022.240000000005,9.05
2011-08-24 09:00:00,B4104,0.657,0.0,10.61,198.99,-10.313,31838.4,35022.240000000005,10.97
2011-08-24 10:00:00,B4104,0.657,0.0,11.88,198.99,-11.643,31838.4,35022.240000000005,12.3
2011-08-24 11:00:00,B4104,0.657,0.0,12.67,198.99,-12.483,31838.4,35022.240000000005,13.14
2011-08-24 12:00:00,B4104,4.335,0.0,12.97,198.99,-9.125,31838.4,35022.240000000005,13.46
2011-08-24 13:00:00,B4104,1.183,0.0,12.48,198.99,-11.837,31838.4,35022.240000000005,13.02
2011-08-24 14:00:00,B4104,0.657,0.0,11.34,198.99,-11.283,31838.4,35022.240000000005,11.94
2011-08-24 15:00:00,B4104,0.657,0.0,9.84,198.99,-9.823,31838.4,35022.240000000005,10.48
2011-08-24 16:00:00,B4104,0.657,0.0,7.51,198.99,-7.473000000000001,31838.4,35022.240000000005,8.13
2011-08-24 17:00:00,B4104,1.183,0.0,4.56,198.99,-3.907,31838.4,35022.240000000005,5.09
2011-08-24 18:00:00,B4104,4.335,0.0,0.0,198.99,4.185,31838.4,35022.240000000005,0.15
2011-08-24 19:00:00,B4104,5.386,0.0,0.0,198.99,5.386,31838.4,35022.240000000005,0.0
2011-08-24 20:00:00,B4104,1.183,0.0,0.0,198.99,1.183,31838.4,35022.240000000005,0.0
2011-08-24 21:00:00,B4104,1.183,0.0,0.0,198.99,1.183,31838.4,35022.240000000005,0.0
2011-08-24 22:00:00,B4104,1.182,0.0,0.0,198.99,1.182,31838.4,35022.240000000005,0.0
2011-08-24 23:00:00,B4104,0.657,0.0,0.0,198.99,0.657,31838.4,35022.240000000005,0.0
2011-08-25 00:00:00,B4104,3.057,2.4,0.0,198.99,3.057,31838.4,35022.240000000005,0.0
2011-08-25 01:00:00,B4104,3.057,2.4,0.0,198.99,3.057,31838.4,35022.240000000005,0.0
2011-08-25 02:00:00,B4104,3.057,2.4,0.0,198.99,3.057,31838.4,35022.240000000005,0.0
2011-08-25 03:00:00,B4104,3.057,2.4,0.0,198.99,3.057,31838.4,35022.240000000005,0.0
2011-08-25 04:00:00,B4104,3.057,2.4,0.0,198.99,3.057,31838.4,35022.240000000005,0.0
2011-08-25 05:00:00,B4104,1.183,0.0,0.0,198.99,1.183,31838.4,35022.240000000005,0.0
2011-08-25 06:00:00,B4104,4.336,0.0,0.0,198.99,4.336,31838.4,35022.240000000005,0.0
2011-08-25 07:00:00,B4104,1.183,0.0,6.04,198.99,-5.437,31838.4,35022.240000000005,6.62
2011-08-25 08:00:00,B4104,0.657,0.0,8.48,198.99,-8.113,31838.4,35022.240000000005,8.77
2011-08-25 09:00:00,B4104,0.657,0.0,10.32,198.99,-10.013,31838.4,35022.240000000005,10.67
2011-08-25 10:00:00,B4104,0.657,0.0,11.65,198.99,-11.413,31838.4,35022.240000000005,12.07
2011-08-25 11:00:00,B4104,0.657,0.0,12.44,198.99,-12.243,31838.4,35022.240000000005,12.9
2011-08-25 12:00:00,B4104,4.335,0.0,12.8,198.99,-8.954999999999998,31838.4,35022.240000000005,13.29
2011-08-25 13:00:00,B4104,1.183,0.0,12.33,198.99,-11.687,31838.4,35022.240000000005,12.87
2011-08-25 14:00:00,B4104,0.657,0.0,11.3,198.99,-11.243,31838.4,35022.240000000005,11.9
2011-08-25 15:00:00,B4104,0.657,0.0,9.65,198.99,-9.623,31838.4,35022.240000000005,10.28
2011-08-25 16:00:00,B4104,0.657,0.0,7.32,198.99,-7.283,31838.4,35022.240000000005,7.94
2011-08-25 17:00:00,B4104,1.183,0.0,4.48,198.99,-3.8369999999999997,31838.4,35022.240000000005,5.02
2011-08-25 18:00:00,B4104,4.335,0.0,0.0,198.99,4.185,31838.4,35022.240000000005,0.15
2011-08-25 19:00:00,B4104,5.386,0.0,0.0,198.99,5.386,31838.4,35022.240000000005,0.0
2011-08-25 20:00:00,B4104,1.183,0.0,0.0,198.99,1.183,31838.4,35022.240000000005,0.0
2011-08-25 21:00:00,B4104,1.183,0.0,0.0,198.99,1.183,31838.4,35022.240000000005,0.0
2011-08-25 22:00:00,B4104,1.182,0.0,0.0,198.99,1.182,31838.4,35022.240000000005,0.0
2011-08-25 23:00:00,B4104,0.657,0.0,0.0,198.99,0.657,31838.4,35022.240000000005,0.0
2011-08-26 00:00:00,B4104,3.057,2.4,0.0,198.99,3.057,31838.4,35022.240000000005,0.0
2011-08-26 01:00:00,B4104,3.057,2.4,0.0,198.99,3.057,31838.4,35022.240000000005,0.0
2011-08-26 02:00:00,B4104,3.057,2.4,0.0,198.99,3.057,31838.4,35022.240000000005,0.0
2011-08-26 03:00:00,B4104,3.057,2.4,0.0,198.99,3.057,31838.4,35022.240000000005,0.0
2011-08-26 04:00:00,B4104,3.057,2.4,0.0,198.99,3.057,31838.4,35022.240000000005,0.0
2011-08-26 05:00:00,B4104,1.183,0.0,0.0,198.99,1.183,31838.4,35022.240000000005,0.0
2011-08-26 06:00:00,B4104,4.336,0.0,0.0,198.99,4.336,31838.4,35022.240000000005,0.0
2011-08-26 07:00:00,B4104,1.183,0.0,6.08,198.99,-5.487,31838.4,35022.240000000005,6.67
2011-08-26 08:00:00,B4104,0.657,0.0,8.52,198.99,-8.143,31838.4,35022.240000000005,8.8
2011-08-26 09:00:00,B4104,0.657,0.0,10.4,198.99,-10.103,31838.4,35022.240000000005,10.76
2011-08-26 10:00:00,B4104,0.657,0.0,11.72,198.99,-11.483,31838.4,35022.240000000005,12.14
2011-08-26 11:00:00,B4104,0.657,0.0,12.61,198.99,-12.433,31838.4,35022.240000000005,13.09
2011-08-26 12:00:00,B4104,4.335,0.0,12.84,198.99,-9.004999999999999,31838.4,35022.240000000005,13.34
2011-08-26 13:00:00,B4104,1.183,0.0,12.43,198.99,-11.797,31838.4,35022.240000000005,12.98
2011-08-26 14:00:00,B4104,0.657,0.0,11.37,198.99,-11.333,31838.4,35022.240000000005,11.99
2011-08-26 15:00:00,B4104,0.657,0.0,9.74,198.99,-9.733,31838.4,35022.240000000005,10.39
2011-08-26 16:00:00,B4104,0.657,0.0,7.45,198.99,-7.423,31838.4,35022.240000000005,8.08
2011-08-26 17:00:00,B4104,1.183,0.0,4.47,198.99,-3.827,31838.4,35022.240000000005,5.01
2011-08-26 18:00:00,B4104,4.335,0.0,0.0,198.99,4.185,31838.4,35022.240000000005,0.15
2011-08-26 19:00:00,B4104,5.386,0.0,0.0,198.99,5.386,31838.4,35022.240000000005,0.0
2011-08-26 20:00:00,B4104,1.183,0.0,0.0,198.99,1.183,31838.4,35022.240000000005,0.0
2011-08-26 21:00:00,B4104,1.183,0.0,0.0,198.99,1.183,31838.4,35022.240000000005,0.0
2011-08-26 22:00:00,B4104,1.182,0.0,0.0,198.99,1.182,31838.4,35022.240000000005,0.0
2011-08-26 23:00:00,B4104,0.657,0.0,0.0,198.99,0.657,31838.4,35022.240000000005,0.0
2011-08-27 00:00:00,B4104,0.657,0.0,0.0,198.99,0.657,31838.4,35022.240000000005,0.0
2011-08-27 01:00:00,B4104,0.657,0.0,0.0,198.99,0.657,31838.4,35022.240000000005,0.0
2011-08-27 02:00:00,B4104,0.657,0.0,0.0,198.99,0.657,31838.4,35022.240000000005,0.0
2011-08-27 03:00:00,B4104,0.657,0.0,0.0,198.99,0.657,31838.4,35022.240000000005,0.0
2011-08-27 04:00:00,B4104,0.657,0.0,0.0,198.99,0.657,31838.4,35022.240000000005,0.0
2011-08-27 05:00:00,B4104,1.182,0.0,0.0,198.99,1.182,31838.4,35022.240000000005,0.0
2011-08-27 06:00:00,B4104,4.335,0.0,0.0,198.99,4.335,31838.4,35022.240000000005,0.0
2011-08-27 07:00:00,B4104,1.183,0.0,5.45,198.99,-4.827,31838.4,35022.240000000005,6.01
2011-08-27 08:00:00,B4104,3.058,2.4,7.91,198.99,-5.162000000000001,31838.4,35022.240000000005,8.22
2011-08-27 09:00:00,B4104,3.058,2.4,9.93,198.99,-7.272,31838.4,35022.240000000005,10.33
2011-08-27 10:00:00,B4104,3.058,2.4,11.14,198.99,-8.562,31838.4,35022.240000000005,11.62
2011-08-27 11:00:00,B4104,3.058,2.4,12.0,198.99,-9.472,31838.4,35022.240000000005,12.53
2011-08-27 12:00:00,B4104,6.735,2.4,12.52,198.99,-6.345,31838.4,35022.240000000005,13.08
2011-08-27 13:00:00,B4104,1.183,0.0,12.17,198.99,-11.577,31838.4,35022.240000000005,12.76
2011-08-27 14:00:00,B4104,0.657,0.0,11.02,198.99,-10.993,31838.4,35022.240000000005,11.65
2011-08-27 15:00:00,B4104,0.657,0.0,9.33,198.99,-9.343,31838.4,35022.240000000005,10.0
2011-08-27 16:00:00,B4104,0.657,0.0,7.1,198.99,-7.083,31838.4,35022.240000000005,7.74
2011-08-27 17:00:00,B4104,1.183,0.0,4.24,198.99,-3.577,31838.4,35022.240000000005,4.76
2011-08-27 18:00:00,B4104,4.336,0.0,0.0,198.99,4.186,31838.4,35022.240000000005,0.15
2011-08-27 19:00:00,B4104,5.386,0.0,0.0,198.99,5.386,31838.4,35022.240000000005,0.0
2011-08-27 20:00:00,B4104,1.183,0.0,0.0,198.99,1.183,31838.4,35022.240000000005,0.0
2011-08-27 21:00:00,B4104,1.183,0.0,0.0,198.99,1.183,31838.4,35022.240000000005,0.0
2011-08-27 22:00:00,B4104,1.182,0.0,0.0,198.99,1.182,31838.4,35022.240000000005,0.0
2011-08-27 23:00:00,B4104,0.657,0.0,0.0,198.99,0.657,31838.4,35022.240000000005,0.0
2011-08-28 00:00:00,B4104,0.657,0.0,0.0,198.99,0.657,31838.4,35022.240000000005,0.0
2011-08-28 01:00:00,B4104,0.657,0.0,0.0,198.99,0.657,31838.4,35022.240000000005,0.0
2011-08-28 02:00:00,B4104,0.657,0.0,0.0,198.99,0.657,31838.4,35022.240000000005,0.0
2011-08-28 03:00:00,B4104,0.657,0.0,0.0,198.99,0.657,31838.4,35022.240000000005,0.0
2011-08-28 04:00:00,B4104,0.657,0.0,0.0,198.99,0.657,31838.4,35022.240000000005,0.0
2011-08-28 05:00:00,B4104,1.182,0.0,0.0,198.99,1.182,31838.4,35022.240000000005,0.0
2011-08-28 06:00:00,B4104,4.335,0.0,0.0,198.99,4.335,31838.4,35022.240000000005,0.0
2011-08-28 07:00:00,B4104,1.183,0.0,4.23,198.99,-3.487,31838.4,35022.240000000005,4.67
2011-08-28 08:00:00,B4104,3.057,2.4,7.36,198.99,-4.773,31838.4,35022.240000000005,7.83
2011-08-28 09:00:00,B4104,3.058,2.4,9.59,198.99,-7.072000000000001,31838.4,35022.240000000005,10.13
2011-08-28 10:00:00,B4104,3.058,2.4,11.13,198.99,-8.652000000000001,31838.4,35022.240000000005,11.71
2011-08-28 11:00:00,B4104,3.058,2.4,12.06,198.99,-9.622,31838.4,35022.240000000005,12.68
2011-08-28 12:00:00,B4104,6.735,2.4,12.37,198.99,-6.255,31838.4,35022.240000000005,12.99
2011-08-28 13:00:00,B4104,1.183,0.0,11.86,198.99,-11.327,31838.4,35022.240000000005,12.51
2011-08-28 14:00:00,B4104,0.657,0.0,10.64,198.99,-10.713,31838.4,35022.240000000005,11.37
2011-08-28 15:00:00,B4104,0.657,0.0,9.02,198.99,-9.133,31838.4,35022.240000000005,9.79
2011-08-28 16:00:00,B4104,0.657,0.0,6.83,198.99,-6.893,31838.4,35022.240000000005,7.55
2011-08-28 17:00:00,B4104,1.183,0.0,4.07,198.99,-3.457,31838.4,35022.240000000005,4.64
2011-08-28 18:00:00,B4104,4.335,0.0,0.0,198.99,4.195,31838.4,35022.240000000005,0.14
2011-08-28 19:00:00,B4104,5.386,0.0,0.0,198.99,5.386,31838.4,35022.240000000005,0.0
2011-08-28 20:00:00,B4104,1.183,0.0,0.0,198.99,1.183,31838.4,35022.240000000005,0.0
2011-08-28 21:00:00,B4104,1.183,0.0,0.0,198.99,1.183,31838.4,35022.240000000005,0.0
2011-08-28 22:00:00,B4104,1.183,0.0,0.0,198.99,1.183,31838.4,35022.240000000005,0.0
2011-08-28 23:00:00,B4104,0.657,0.0,0.0,198.99,0.657,31838.4,35022.240000000005,0.0
2011-08-29 00:00:00,B4104,3.057,2.4,0.0,198.99,3.057,31838.4,35022.240000000005,0.0
2011-08-29 01:00:00,B4104,3.057,2.4,0.0,198.99,3.057,31838.4,35022.240000000005,0.0
2011-08-29 02:00:00,B4104,3.057,2.4,0.0,198.99,3.057,31838.4,35022.240000000005,0.0
2011-08-29 03:00:00,B4104,3.057,2.4,0.0,198.99,3.057,31838.4,35022.240000000005,0.0
2011-08-29 04:00:00,B4104,3.057,2.4,0.0,198.99,3.057,31838.4,35022.240000000005,0.0
2011-08-29 05:00:00,B4104,1.183,0.0,0.0,198.99,1.183,31838.4,35022.240000000005,0.0
2011-08-29 06:00:00,B4104,4.336,0.0,0.0,198.99,4.336,31838.4,35022.240000000005,0.0
2011-08-29 07:00:00,B4104,1.183,0.0,2.44,198.99,-1.4869999999999999,31838.4,35022.240000000005,2.67
2011-08-29 08:00:00,B4104,0.657,0.0,5.35,198.99,-5.083,31838.4,35022.240000000005,5.74
2011-08-29 09:00:00,B4104,0.657,0.0,9.03,198.99,-8.843,31838.4,35022.240000000005,9.5
2011-08-29 10:00:00,B4104,0.657,0.0,11.05,198.99,-10.873,31838.4,35022.240000000005,11.53
2011-08-29 11:00:00,B4104,0.657,0.0,12.04,198.99,-11.923,31838.4,35022.240000000005,12.58
2011-08-29 12:00:00,B4104,4.335,0.0,12.44,198.99,-8.665,31838.4,35022.240000000005,13.0
2011-08-29 13:00:00,B4104,1.183,0.0,12.16,198.99,-11.587,31838.4,35022.240000000005,12.77
2011-08-29 14:00:00,B4104,0.657,0.0,11.1,198.99,-11.093,31838.4,35022.240000000005,11.75
2011-08-29 15:00:00,B4104,0.657,0.0,9.41,198.99,-9.433,31838.4,35022.240000000005,10.09
2011-08-29 16:00:00,B4104,0.657,0.0,7.08,198.99,-7.073,31838.4,35022.240000000005,7.73
2011-08-29 17:00:00,B4104,1.183,0.0,4.12,198.99,-3.487,31838.4,35022.240000000005,4.67
2011-08-29 18:00:00,B4104,4.335,0.0,0.0,198.99,4.185,31838.4,35022.240000000005,0.15
2011-08-29 19:00:00,B4104,5.386,0.0,0.0,198.99,5.386,31838.4,35022.240000000005,0.0
2011-08-29 20:00:00,B4104,1.183,0.0,0.0,198.99,1.183,31838.4,35022.240000000005,0.0
2011-08-29 21:00:00,B4104,1.183,0.0,0.0,198.99,1.183,31838.4,35022.240000000005,0.0
2011-08-29 22:00:00,B4104,1.182,0.0,0.0,198.99,1.182,31838.4,35022.240000000005,0.0
2011-08-29 23:00:00,B4104,0.657,0.0,0.0,198.99,0.657,31838.4,35022.240000000005,0.0
2011-08-30 00:00:00,B4104,3.057,2.4,0.0,198.99,3.057,31838.4,35022.240000000005,0.0
2011-08-30 01:00:00,B4104,3.057,2.4,0.0,198.99,3.057,31838.4,35022.240000000005,0.0
2011-08-30 02:00:00,B4104,3.057,2.4,0.0,198.99,3.057,31838.4,35022.240000000005,0.0
2011-08-30 03:00:00,B4104,3.057,2.4,0.0,198.99,3.057,31838.4,35022.240000000005,0.0
2011-08-30 04:00:00,B4104,3.057,2.4,0.0,198.99,3.057,31838.4,35022.240000000005,0.0
2011-08-30 05:00:00,B4104,1.183,0.0,0.0,198.99,1.183,31838.4,35022.240000000005,0.0
2011-08-30 06:00:00,B4104,4.336,0.0,0.0,198.99,4.336,31838.4,35022.240000000005,0.0
2011-08-30 07:00:00,B4104,1.183,0.0,5.15,198.99,-4.457,31838.4,35022.240000000005,5.64
2011-08-30 08:00:00,B4104,0.657,0.0,7.74,198.99,-7.4030000000000005,31838.4,35022.240000000005,8.06
2011-08-30 09:00:00,B4104,0.657,0.0,9.72,198.99,-9.453,31838.4,35022.240000000005,10.11
2011-08-30 10:00:00,B4104,0.657,0.0,11.2,198.99,-11.003,31838.4,35022.240000000005,11.66
2011-08-30 11:00:00,B4104,0.657,0.0,12.17,198.99,-12.033,31838.4,35022.240000000005,12.69
2011-08-30 12:00:00,B4104,4.335,0.0,12.49,198.99,-8.684999999999999,31838.4,35022.240000000005,13.02
2011-08-30 13:00:00,B4104,1.183,0.0,12.09,198.99,-11.487,31838.4,35022.240000000005,12.67
2011-08-30 14:00:00,B4104,0.657,0.0,11.11,198.99,-11.103,31838.4,35022.240000000005,11.76
2011-08-30 15:00:00,B4104,0.657,0.0,9.39,198.99,-9.413,31838.4,35022.240000000005,10.07
2011-08-30 16:00:00,B4104,0.657,0.0,7.04,198.99,-7.043,31838.4,35022.240000000005,7.7
2011-08-30 17:00:00,B4104,1.183,0.0,4.04,198.99,-3.3970000000000002,31838.4,35022.240000000005,4.58
2011-08-30 18:00:00,B4104,4.335,0.0,0.0,198.99,4.195,31838.4,35022.240000000005,0.14
2011-08-30 19:00:00,B4104,5.386,0.0,0.0,198.99,5.386,31838.4,35022.240000000005,0.0
2011-08-30 20:00:00,B4104,1.183,0.0,0.0,198.99,1.183,31838.4,35022.240000000005,0.0
2011-08-30 21:00:00,B4104,1.183,0.0,0.0,198.99,1.183,31838.4,35022.240000000005,0.0
2011-08-30 22:00:00,B4104,1.182,0.0,0.0,198.99,1.182,31838.4,35022.240000000005,0.0
2011-08-30 23:00:00,B4104,0.657,0.0,0.0,198.99,0.657,31838.4,35022.240000000005,0.0
2011-08-31 00:00:00,B4104,3.057,2.4,0.0,198.99,3.057,31838.4,35022.240000000005,0.0
2011-08-31 01:00:00,B4104,3.057,2.4,0.0,198.99,3.057,31838.4,35022.240000000005,0.0
2011-08-31 02:00:00,B4104,3.057,2.4,0.0,198.99,3.057,31838.4,35022.240000000005,0.0
2011-08-31 03:00:00,B4104,3.057,2.4,0.0,198.99,3.057,31838.4,35022.240000000005,0.0
2011-08-31 04:00:00,B4104,3.057,2.4,0.0,198.99,3.057,31838.4,35022.240000000005,0.0
2011-08-31 05:00:00,B4104,1.183,0.0,0.0,198.99,1.183,31838.4,35022.240000000005,0.0
2011-08-31 06:00:00,B4104,4.336,0.0,0.0,198.99,4.336,31838.4,35022.240000000005,0.0
2011-08-31 07:00:00,B4104,1.183,0.0,5.16,198.99,-4.477,31838.4,35022.240000000005,5.66
2011-08-31 08:00:00,B4104,0.657,0.0,7.66,198.99,-7.303,31838.4,35022.240000000005,7.96
2011-08-31 09:00:00,B4104,0.657,0.0,9.75,198.99,-9.483,31838.4,35022.240000000005,10.14
2011-08-31 10:00:00,B4104,0.657,0.0,11.16,198.99,-10.953,31838.4,35022.240000000005,11.61
2011-08-31 11:00:00,B4104,0.657,0.0,12.06,198.99,-11.903,31838.4,35022.240000000005,12.56
2011-08-31 12:00:00,B4104,4.335,0.0,12.36,198.99,-8.545000000000002,31838.4,35022.240000000005,12.88
2011-08-31 13:00:00,B4104,1.183,0.0,11.98,198.99,-11.377,31838.4,35022.240000000005,12.56
2011-08-31 14:00:00,B4104,0.657,0.0,10.91,198.99,-10.893,31838.4,35022.240000000005,11.55
2011-08-31 15:00:00,B4104,0.657,0.0,9.21,198.99,-9.233,31838.4,35022.240000000005,9.89
2011-08-31 16:00:00,B4104,0.657,0.0,6.99,198.99,-6.993,31838.4,35022.240000000005,7.65
2011-08-31 17:00:00,B4104,1.183,0.0,4.02,198.99,-3.3970000000000002,31838.4,35022.240000000005,4.58
2011-08-31 18:00:00,B4104,4.335,0.0,0.0,198.99,4.155,31838.4,35022.240000000005,0.18
2011-08-31 19:00:00,B4104,5.386,0.0,0.0,198.99,5.386,31838.4,35022.240000000005,0.0
2011-08-31 20:00:00,B4104,1.183,0.0,0.0,198.99,1.183,31838.4,35022.240000000005,0.0
2011-08-31 21:00:00,B4104,1.183,0.0,0.0,198.99,1.183,31838.4,35022.240000000005,0.0
2011-08-31 22:00:00,B4104,1.182,0.0,0.0,198.99,1.182,31838.4,35022.240000000005,0.0
2011-08-31 23:00:00,B4104,0.657,0.0,0.0,198.99,0.657,31838.4,35022.240000000005,0.0
2011-09-01 00:00:00,B4104,3.057,2.4,0.0,198.99,3.057,31838.4,35022.240000000005,0.0
2011-09-01 01:00:00,B4104,3.057,2.4,0.0,198.99,3.057,31838.4,35022.240000000005,0.0
2011-09-01 02:00:00,B4104,3.057,2.4,0.0,198.99,3.057,31838.4,35022.240000000005,0.0
2011-09-01 03:00:00,B4104,3.057,2.4,0.0,198.99,3.057,31838.4,35022.240000000005,0.0
2011-09-01 04:00:00,B4104,3.057,2.4,0.0,198.99,3.057,31838.4,35022.240000000005,0.0
2011-09-01 05:00:00,B4104,1.183,0.0,0.0,198.99,1.183,31838.4,35022.240000000005,0.0
2011-09-01 06:00:00,B4104,4.336,0.0,0.0,198.99,4.336,31838.4,35022.240000000005,0.0
2011-09-01 07:00:00,B4104,1.183,0.0,4.38,198.99,-3.6370000000000005,31838.4,35022.240000000005,4.82
2011-09-01 08:00:00,B4104,0.657,0.0,7.13,198.99,-6.833,31838.4,35022.240000000005,7.49
2011-09-01 09:00:00,B4104,0.657,0.0,9.24,198.99,-9.043,31838.4,35022.240000000005,9.7
2011-09-01 10:00:00,B4104,0.657,0.0,10.68,198.99,-10.543,31838.4,35022.240000000005,11.2
2011-09-01 11:00:00,B4104,0.657,0.0,11.53,198.99,-11.433,31838.4,35022.240000000005,12.09
2011-09-01 12:00:00,B4104,4.335,0.0,11.86,198.99,-8.125,31838.4,35022.240000000005,12.46
2011-09-01 13:00:00,B4104,1.183,0.0,11.34,198.99,-10.797,31838.4,35022.240000000005,11.98
2011-09-01 14:00:00,B4104,0.657,0.0,10.21,198.99,-10.243,31838.4,35022.240000000005,10.9
2011-09-01 15:00:00,B4104,0.657,0.0,8.64,198.99,-8.683,31838.4,35022.240000000005,9.34
2011-09-01 16:00:00,B4104,0.657,0.0,6.32,198.99,-6.323,31838.4,35022.240000000005,6.98
2011-09-01 17:00:00,B4104,1.183,0.0,3.49,198.99,-2.827,31838.4,35022.240000000005,4.01
2011-09-01 18:00:00,B4104,4.335,0.0,0.0,198.99,4.205,31838.4,35022.240000000005,0.13
2011-09-01 19:00:00,B4104,5.386,0.0,0.0,198.99,5.386,31838.4,35022.240000000005,0.0
2011-09-01 20:00:00,B4104,1.183,0.0,0.0,198.99,1.183,31838.4,35022.240000000005,0.0
2011-09-01 21:00:00,B4104,1.183,0.0,0.0,198.99,1.183,31838.4,35022.240000000005,0.0
2011-09-01 22:00:00,B4104,1.182,0.0,0.0,198.99,1.182,31838.4,35022.240000000005,0.0
2011-09-01 23:00:00,B4104,0.657,0.0,0.0,198.99,0.657,31838.4,35022.240000000005,0.0
2011-09-02 00:00:00,B4104,3.057,2.4,0.0,198.99,3.057,31838.4,35022.240000000005,0.0
2011-09-02 01:00:00,B4104,3.057,2.4,0.0,198.99,3.057,31838.4,35022.240000000005,0.0
2011-09-02 02:00:00,B4104,3.057,2.4,0.0,198.99,3.057,31838.4,35022.240000000005,0.0
2011-09-02 03:00:00,B4104,3.057,2.4,0.0,198.99,3.057,31838.4,35022.240000000005,0.0
2011-09-02 04:00:00,B4104,3.057,2.4,0.0,198.99,3.057,31838.4,35022.240000000005,0.0
2011-09-02 05:00:00,B4104,1.183,0.0,0.0,198.99,1.183,31838.4,35022.240000000005,0.0
2011-09-02 06:00:00,B4104,4.336,0.0,0.0,198.99,4.336,31838.4,35022.240000000005,0.0
2011-09-02 07:00:00,B4104,1.183,0.0,4.19,198.99,-3.417,31838.4,35022.240000000005,4.6
2011-09-02 08:00:00,B4104,0.657,0.0,6.62,198.99,-6.323,31838.4,35022.240000000005,6.98
2011-09-02 09:00:00,B4104,0.657,0.0,8.86,198.99,-8.653,31838.4,35022.240000000005,9.31
2011-09-02 10:00:00,B4104,0.657,0.0,10.38,198.99,-10.273,31838.4,35022.240000000005,10.93
2011-09-02 11:00:00,B4104,0.657,0.0,11.35,198.99,-11.283,31838.4,35022.240000000005,11.94
2011-09-02 12:00:00,B4104,4.335,0.0,11.72,198.99,-7.954999999999999,31838.4,35022.240000000005,12.29
2011-09-02 13:00:00,B4104,1.183,0.0,11.29,198.99,-10.687,31838.4,35022.240000000005,11.87
2011-09-02 14:00:00,B4104,0.657,0.0,10.25,198.99,-10.233,31838.4,35022.240000000005,10.89
2011-09-02 15:00:00,B4104,0.657,0.0,8.66,198.99,-8.673,31838.4,35022.240000000005,9.33
2011-09-02 16:00:00,B4104,0.657,0.0,6.39,198.99,-6.383,31838.4,35022.240000000005,7.04
2011-09-02 17:00:00,B4104,1.183,0.0,3.58,198.99,-2.9270000000000005,31838.4,35022.240000000005,4.11
2011-09-02 18:00:00,B4104,4.335,0.0,0.0,198.99,4.195,31838.4,35022.240000000005,0.14
2011-09-02 19:00:00,B4104,5.386,0.0,0.0,198.99,5.386,31838.4,35022.240000000005,0.0
2011-09-02 20:00:00,B4104,1.183,0.0,0.0,198.99,1.183,31838.4,35022.240000000005,0.0
2011-09-02 21:00:00,B4104,1.183,0.0,0.0,198.99,1.183,31838.4,35022.240000000005,0.0
2011-09-02 22:00:00,B4104,1.182,0.0,0.0,198.99,1.182,31838.4,35022.240000000005,0.0
2011-09-02 23:00:00,B4104,0.657,0.0,0.0,198.99,0.657,31838.4,35022.240000000005,0.0
2011-09-03 00:00:00,B4104,0.657,0.0,0.0,198.99,0.657,31838.4,35022.240000000005,0.0
2011-09-03 01:00:00,B4104,0.657,0.0,0.0,198.99,0.657,31838.4,35022.240000000005,0.0
2011-09-03 02:00:00,B4104,0.657,0.0,0.0,198.99,0.657,31838.4,35022.240000000005,0.0
2011-09-03 03:00:00,B4104,0.657,0.0,0.0,198.99,0.657,31838.4,35022.240000000005,0.0
2011-09-03 04:00:00,B4104,0.657,0.0,0.0,198.99,0.657,31838.4,35022.240000000005,0.0
2011-09-03 05:00:00,B4104,1.182,0.0,0.0,198.99,1.182,31838.4,35022.240000000005,0.0
2011-09-03 06:00:00,B4104,4.335,0.0,0.0,198.99,4.335,31838.4,35022.240000000005,0.0
2011-09-03 07:00:00,B4104,1.183,0.0,4.24,198.99,-3.447,31838.4,35022.240000000005,4.63
2011-09-03 08:00:00,B4104,3.058,2.4,6.84,198.99,-4.0920000000000005,31838.4,35022.240000000005,7.15
2011-09-03 09:00:00,B4104,3.058,2.4,8.93,198.99,-6.2620000000000005,31838.4,35022.240000000005,9.32
2011-09-03 10:00:00,B4104,3.058,2.4,10.33,198.99,-7.731999999999999,31838.4,35022.240000000005,10.79
2011-09-03 11:00:00,B4104,3.058,2.4,11.21,198.99,-8.662,31838.4,35022.240000000005,11.72
2011-09-03 12:00:00,B4104,6.735,2.4,11.53,198.99,-5.325,31838.4,35022.240000000005,12.06
2011-09-03 13:00:00,B4104,1.183,0.0,11.2,198.99,-10.587,31838.4,35022.240000000005,11.77
2011-09-03 14:00:00,B4104,0.657,0.0,10.19,198.99,-10.183,31838.4,35022.240000000005,10.84
2011-09-03 15:00:00,B4104,0.657,0.0,8.58,198.99,-8.603,31838.4,35022.240000000005,9.26
2011-09-03 16:00:00,B4104,0.657,0.0,6.35,198.99,-6.343,31838.4,35022.240000000005,7.0
2011-09-03 17:00:00,B4104,1.183,0.0,3.49,198.99,-2.8369999999999997,31838.4,35022.240000000005,4.02
2011-09-03 18:00:00,B4104,4.336,0.0,0.0,198.99,4.206,31838.4,35022.240000000005,0.13
2011-09-03 19:00:00,B4104,5.386,0.0,0.0,198.99,5.386,31838.4,35022.240000000005,0.0
2011-09-03 20:00:00,B4104,1.183,0.0,0.0,198.99,1.183,31838.4,35022.240000000005,0.0
2011-09-03 21:00:00,B4104,1.183,0.0,0.0,198.99,1.183,31838.4,35022.240000000005,0.0
2011-09-03 22:00:00,B4104,1.182,0.0,0.0,198.99,1.182,31838.4,35022.240000000005,0.0
2011-09-03 23:00:00,B4104,0.657,0.0,0.0,198.99,0.657,31838.4,35022.240000000005,0.0
2011-09-04 00:00:00,B4104,0.657,0.0,0.0,198.99,0.657,31838.4,35022.240000000005,0.0
2011-09-04 01:00:00,B4104,0.657,0.0,0.0,198.99,0.657,31838.4,35022.240000000005,0.0
2011-09-04 02:00:00,B4104,0.657,0.0,0.0,198.99,0.657,31838.4,35022.240000000005,0.0
2011-09-04 03:00:00,B4104,0.657,0.0,0.0,198.99,0.657,31838.4,35022.240000000005,0.0
2011-09-04 04:00:00,B4104,0.657,0.0,0.0,198.99,0.657,31838.4,35022.240000000005,0.0
2011-09-04 05:00:00,B4104,1.182,0.0,0.0,198.99,1.182,31838.4,35022.240000000005,0.0
2011-09-04 06:00:00,B4104,4.335,0.0,0.0,198.99,4.335,31838.4,35022.240000000005,0.0
2011-09-04 07:00:00,B4104,1.183,0.0,3.95,198.99,-3.1470000000000002,31838.4,35022.240000000005,4.33
2011-09-04 08:00:00,B4104,3.057,2.4,6.63,198.99,-3.9330000000000003,31838.4,35022.240000000005,6.99
2011-09-04 09:00:00,B4104,3.058,2.4,8.76,198.99,-6.1419999999999995,31838.4,35022.240000000005,9.2
2011-09-04 10:00:00,B4104,3.058,2.4,10.25,198.99,-7.731999999999999,31838.4,35022.240000000005,10.79
2011-09-04 11:00:00,B4104,3.058,2.4,11.19,198.99,-8.732,31838.4,35022.240000000005,11.79
2011-09-04 12:00:00,B4104,6.735,2.4,11.54,198.99,-5.374999999999999,31838.4,35022.240000000005,12.11
2011-09-04 13:00:00,B4104,1.183,0.0,11.12,198.99,-10.537,31838.4,35022.240000000005,11.72
2011-09-04 14:00:00,B4104,0.657,0.0,10.08,198.99,-10.073,31838.4,35022.240000000005,10.73
2011-09-04 15:00:00,B4104,0.657,0.0,8.44,198.99,-8.473,31838.4,35022.240000000005,9.13
2011-09-04 16:00:00,B4104,0.657,0.0,6.21,198.99,-6.213,31838.4,35022.240000000005,6.87
2011-09-04 17:00:00,B4104,1.183,0.0,3.36,198.99,-2.697,31838.4,35022.240000000005,3.88
2011-09-04 18:00:00,B4104,4.335,0.0,0.0,198.99,4.195,31838.4,35022.240000000005,0.14
2011-09-04 19:00:00,B4104,5.386,0.0,0.0,198.99,5.386,31838.4,35022.240000000005,0.0
2011-09-04 20:00:00,B4104,1.183,0.0,0.0,198.99,1.183,31838.4,35022.240000000005,0.0
2011-09-04 21:00:00,B4104,1.183,0.0,0.0,198.99,1.183,31838.4,35022.240000000005,0.0
2011-09-04 22:00:00,B4104,1.183,0.0,0.0,198.99,1.183,31838.4,35022.240000000005,0.0
2011-09-04 23:00:00,B4104,0.657,0.0,0.0,198.99,0.657,31838.4,35022.240000000005,0.0
2011-09-05 00:00:00,B4104,3.057,2.4,0.0,198.99,3.057,31838.4,35022.240000000005,0.0
2011-09-05 01:00:00,B4104,3.057,2.4,0.0,198.99,3.057,31838.4,35022.240000000005,0.0
2011-09-05 02:00:00,B4104,3.057,2.4,0.0,198.99,3.057,31838.4,35022.240000000005,0.0
2011-09-05 03:00:00,B4104,3.057,2.4,0.0,198.99,3.057,31838.4,35022.240000000005,0.0
2011-09-05 04:00:00,B4104,3.057,2.4,0.0,198.99,3.057,31838.4,35022.240000000005,0.0
2011-09-05 05:00:00,B4104,1.183,0.0,0.0,198.99,1.183,31838.4,35022.240000000005,0.0
2011-09-05 06:00:00,B4104,4.336,0.0,0.0,198.99,4.336,31838.4,35022.240000000005,0.0
2011-09-05 07:00:00,B4104,1.183,0.0,4.01,198.99,-3.2270000000000003,31838.4,35022.240000000005,4.41
2011-09-05 08:00:00,B4104,0.657,0.0,6.41,198.99,-6.103,31838.4,35022.240000000005,6.76
2011-09-05 09:00:00,B4104,0.657,0.0,8.55,198.99,-8.343,31838.4,35022.240000000005,9.0
2011-09-05 10:00:00,B4104,0.657,0.0,10.03,198.99,-9.903,31838.4,35022.240000000005,10.56
2011-09-05 11:00:00,B4104,0.657,0.0,10.93,198.99,-10.843,31838.4,35022.240000000005,11.5
2011-09-05 12:00:00,B4104,4.335,0.0,11.27,198.99,-7.515,31838.4,35022.240000000005,11.85
2011-09-05 13:00:00,B4104,1.183,0.0,10.88,198.99,-10.317,31838.4,35022.240000000005,11.5
2011-09-05 14:00:00,B4104,0.657,0.0,9.85,198.99,-9.873,31838.4,35022.240000000005,10.53
2011-09-05 15:00:00,B4104,0.657,0.0,8.21,198.99,-8.273,31838.4,35022.240000000005,8.93
2011-09-05 16:00:00,B4104,0.657,0.0,5.97,198.99,-6.003,31838.4,35022.240000000005,6.66
2011-09-05 17:00:00,B4104,1.183,0.0,3.18,198.99,-2.5469999999999997,31838.4,35022.240000000005,3.73
2011-09-05 18:00:00,B4104,4.335,0.0,0.0,198.99,4.335,31838.4,35022.240000000005,0.0
2011-09-05 19:00:00,B4104,5.386,0.0,0.0,198.99,5.386,31838.4,35022.240000000005,0.0
2011-09-05 20:00:00,B4104,1.183,0.0,0.0,198.99,1.183,31838.4,35022.240000000005,0.0
2011-09-05 21:00:00,B4104,1.183,0.0,0.0,198.99,1.183,31838.4,35022.240000000005,0.0
2011-09-05 22:00:00,B4104,1.182,0.0,0.0,198.99,1.182,31838.4,35022.240000000005,0.0
2011-09-05 23:00:00,B4104,0.657,0.0,0.0,198.99,0.657,31838.4,35022.240000000005,0.0
2011-09-06 00:00:00,B4104,3.057,2.4,0.0,198.99,3.057,31838.4,35022.240000000005,0.0
2011-09-06 01:00:00,B4104,3.057,2.4,0.0,198.99,3.057,31838.4,35022.240000000005,0.0
2011-09-06 02:00:00,B4104,3.057,2.4,0.0,198.99,3.057,31838.4,35022.240000000005,0.0
2011-09-06 03:00:00,B4104,3.057,2.4,0.0,198.99,3.057,31838.4,35022.240000000005,0.0
2011-09-06 04:00:00,B4104,3.057,2.4,0.0,198.99,3.057,31838.4,35022.240000000005,0.0
2011-09-06 05:00:00,B4104,1.183,0.0,0.0,198.99,1.183,31838.4,35022.240000000005,0.0
2011-09-06 06:00:00,B4104,4.336,0.0,0.0,198.99,4.336,31838.4,35022.240000000005,0.0
2011-09-06 07:00:00,B4104,1.183,0.0,3.56,198.99,-2.747,31838.4,35022.240000000005,3.93
2011-09-06 08:00:00,B4104,0.657,0.0,6.41,198.99,-6.243,31838.4,35022.240000000005,6.9
2011-09-06 09:00:00,B4104,0.657,0.0,8.58,198.99,-8.543,31838.4,35022.240000000005,9.2
2011-09-06 10:00:00,B4104,0.657,0.0,9.96,198.99,-9.953,31838.4,35022.240000000005,10.61
2011-09-06 11:00:00,B4104,0.657,0.0,10.73,198.99,-10.773,31838.4,35022.240000000005,11.43
2011-09-06 12:00:00,B4104,4.335,0.0,11.0,198.99,-7.415,31838.4,35022.240000000005,11.75
2011-09-06 13:00:00,B4104,1.183,0.0,10.62,198.99,-10.307,31838.4,35022.240000000005,11.49
2011-09-06 14:00:00,B4104,0.657,0.0,9.24,198.99,-9.553,31838.4,35022.240000000005,10.21
2011-09-06 15:00:00,B4104,0.657,0.0,7.76,198.99,-8.043,31838.4,35022.240000000005,8.7
2011-09-06 16:00:00,B4104,0.657,0.0,5.85,198.99,-5.983,31838.4,35022.240000000005,6.64
2011-09-06 17:00:00,B4104,1.183,0.0,2.88,198.99,-2.207,31838.4,35022.240000000005,3.39
2011-09-06 18:00:00,B4104,4.335,0.0,0.0,198.99,4.335,31838.4,35022.240000000005,0.0
2011-09-06 19:00:00,B4104,5.386,0.0,0.0,198.99,5.386,31838.4,35022.240000000005,0.0
2011-09-06 20:00:00,B4104,1.183,0.0,0.0,198.99,1.183,31838.4,35022.240000000005,0.0
2011-09-06 21:00:00,B4104,1.183,0.0,0.0,198.99,1.183,31838.4,35022.240000000005,0.0
2011-09-06 22:00:00,B4104,1.182,0.0,0.0,198.99,1.182,31838.4,35022.240000000005,0.0
2011-09-06 23:00:00,B4104,0.657,0.0,0.0,198.99,0.657,31838.4,35022.240000000005,0.0
2011-09-07 00:00:00,B4104,3.057,2.4,0.0,198.99,3.057,31838.4,35022.240000000005,0.0
2011-09-07 01:00:00,B4104,3.057,2.4,0.0,198.99,3.057,31838.4,35022.240000000005,0.0
2011-09-07 02:00:00,B4104,3.057,2.4,0.0,198.99,3.057,31838.4,35022.240000000005,0.0
2011-09-07 03:00:00,B4104,3.057,2.4,0.0,198.99,3.057,31838.4,35022.240000000005,0.0
2011-09-07 04:00:00,B4104,3.057,2.4,0.0,198.99,3.057,31838.4,35022.240000000005,0.0
2011-09-07 05:00:00,B4104,1.183,0.0,0.0,198.99,1.183,31838.4,35022.240000000005,0.0
2011-09-07 06:00:00,B4104,4.336,0.0,0.0,198.99,4.336,31838.4,35022.240000000005,0.0
2011-09-07 07:00:00,B4104,1.183,0.0,3.4,198.99,-2.5469999999999997,31838.4,35022.240000000005,3.73
2011-09-07 08:00:00,B4104,0.657,0.0,5.61,198.99,-5.333,31838.4,35022.240000000005,5.99
2011-09-07 09:00:00,B4104,0.657,0.0,7.16,198.99,-6.983,31838.4,35022.240000000005,7.64
2011-09-07 10:00:00,B4104,0.657,0.0,7.78,198.99,-7.693,31838.4,35022.240000000005,8.35
2011-09-07 11:00:00,B4104,0.657,0.0,8.09,198.99,-8.033,31838.4,35022.240000000005,8.69
2011-09-07 12:00:00,B4104,4.335,0.0,8.75,198.99,-5.065,31838.4,35022.240000000005,9.4
2011-09-07 13:00:00,B4104,1.183,0.0,9.09,198.99,-8.657,31838.4,35022.240000000005,9.84
2011-09-07 14:00:00,B4104,0.657,0.0,8.1,198.99,-8.193,31838.4,35022.240000000005,8.85
2011-09-07 15:00:00,B4104,0.657,0.0,6.33,198.99,-6.3629999999999995,31838.4,35022.240000000005,7.02
2011-09-07 16:00:00,B4104,0.657,0.0,4.96,198.99,-4.973,31838.4,35022.240000000005,5.63
2011-09-07 17:00:00,B4104,1.183,0.0,2.78,198.99,-2.107,31838.4,35022.240000000005,3.29
2011-09-07 18:00:00,B4104,4.335,0.0,0.0,198.99,4.335,31838.4,35022.240000000005,0.0
2011-09-07 19:00:00,B4104,5.386,0.0,0.0,198.99,5.386,31838.4,35022.240000000005,0.0
2011-09-07 20:00:00,B4104,1.183,0.0,0.0,198.99,1.183,31838.4,35022.240000000005,0.0
2011-09-07 21:00:00,B4104,1.183,0.0,0.0,198.99,1.183,31838.4,35022.240000000005,0.0
2011-09-07 22:00:00,B4104,1.182,0.0,0.0,198.99,1.182,31838.4,35022.240000000005,0.0
2011-09-07 23:00:00,B4104,0.657,0.0,0.0,198.99,0.657,31838.4,35022.240000000005,0.0
2011-09-08 00:00:00,B4104,3.057,2.4,0.0,198.99,3.057,31838.4,35022.240000000005,0.0
2011-09-08 01:00:00,B4104,3.057,2.4,0.0,198.99,3.057,31838.4,35022.240000000005,0.0
2011-09-08 02:00:00,B4104,3.057,2.4,0.0,198.99,3.057,31838.4,35022.240000000005,0.0
2011-09-08 03:00:00,B4104,3.057,2.4,0.0,198.99,3.057,31838.4,35022.240000000005,0.0
2011-09-08 04:00:00,B4104,3.057,2.4,0.0,198.99,3.057,31838.4,35022.240000000005,0.0
2011-09-08 05:00:00,B4104,1.183,0.0,0.0,198.99,1.183,31838.4,35022.240000000005,0.0
2011-09-08 06:00:00,B4104,4.336,0.0,0.0,198.99,4.336,31838.4,35022.240000000005,0.0
2011-09-08 07:00:00,B4104,1.183,0.0,3.47,198.99,-2.627,31838.4,35022.240000000005,3.81
2011-09-08 08:00:00,B4104,0.657,0.0,5.61,198.99,-5.343,31838.4,35022.240000000005,6.0
2011-09-08 09:00:00,B4104,0.657,0.0,7.35,198.99,-7.233,31838.4,35022.240000000005,7.89
2011-09-08 10:00:00,B4104,0.657,0.0,8.52,198.99,-8.493,31838.4,35022.240000000005,9.15
2011-09-08 11:00:00,B4104,0.657,0.0,9.38,198.99,-9.383,31838.4,35022.240000000005,10.04
2011-09-08 12:00:00,B4104,4.335,0.0,10.07,198.99,-6.435,31838.4,35022.240000000005,10.77
2011-09-08 13:00:00,B4104,1.183,0.0,10.43,198.99,-9.977,31838.4,35022.240000000005,11.16
2011-09-08 14:00:00,B4104,0.657,0.0,9.55,198.99,-9.693,31838.4,35022.240000000005,10.35
2011-09-08 15:00:00,B4104,0.657,0.0,8.01,198.99,-8.163,31838.4,35022.240000000005,8.82
2011-09-08 16:00:00,B4104,0.657,0.0,5.62,198.99,-5.633,31838.4,35022.240000000005,6.29
2011-09-08 17:00:00,B4104,1.183,0.0,2.89,198.99,-2.2270000000000003,31838.4,35022.240000000005,3.41
2011-09-08 18:00:00,B4104,4.335,0.0,0.0,198.99,4.335,31838.4,35022.240000000005,0.0
2011-09-08 19:00:00,B4104,5.386,0.0,0.0,198.99,5.386,31838.4,35022.240000000005,0.0
2011-09-08 20:00:00,B4104,1.183,0.0,0.0,198.99,1.183,31838.4,35022.240000000005,0.0
2011-09-08 21:00:00,B4104,1.183,0.0,0.0,198.99,1.183,31838.4,35022.240000000005,0.0
2011-09-08 22:00:00,B4104,1.182,0.0,0.0,198.99,1.182,31838.4,35022.240000000005,0.0
2011-09-08 23:00:00,B4104,0.657,0.0,0.0,198.99,0.657,31838.4,35022.240000000005,0.0
2011-09-09 00:00:00,B4104,3.057,2.4,0.0,198.99,3.057,31838.4,35022.240000000005,0.0
2011-09-09 01:00:00,B4104,3.057,2.4,0.0,198.99,3.057,31838.4,35022.240000000005,0.0
2011-09-09 02:00:00,B4104,3.057,2.4,0.0,198.99,3.057,31838.4,35022.240000000005,0.0
2011-09-09 03:00:00,B4104,3.057,2.4,0.0,198.99,3.057,31838.4,35022.240000000005,0.0
2011-09-09 04:00:00,B4104,3.057,2.4,0.0,198.99,3.057,31838.4,35022.240000000005,0.0
2011-09-09 05:00:00,B4104,1.183,0.0,0.0,198.99,1.183,31838.4,35022.240000000005,0.0
2011-09-09 06:00:00,B4104,4.336,0.0,0.0,198.99,4.336,31838.4,35022.240000000005,0.0
2011-09-09 07:00:00,B4104,1.183,0.0,3.22,198.99,-2.3369999999999997,31838.4,35022.240000000005,3.52
2011-09-09 08:00:00,B4104,0.657,0.0,5.63,198.99,-5.313,31838.4,35022.240000000005,5.97
2011-09-09 09:00:00,B4104,0.657,0.0,7.73,198.99,-7.523,31838.4,35022.240000000005,8.18
2011-09-09 10:00:00,B4104,0.657,0.0,9.37,198.99,-9.263,31838.4,35022.240000000005,9.92
2011-09-09 11:00:00,B4104,0.657,0.0,10.35,198.99,-10.273,31838.4,35022.240000000005,10.93
2011-09-09 12:00:00,B4104,4.335,0.0,10.66,198.99,-6.885000000000001,31838.4,35022.240000000005,11.22
2011-09-09 13:00:00,B4104,1.183,0.0,10.33,198.99,-9.747,31838.4,35022.240000000005,10.93
2011-09-09 14:00:00,B4104,0.657,0.0,9.37,198.99,-9.383,31838.4,35022.240000000005,10.04
2011-09-09 15:00:00,B4104,0.657,0.0,7.77,198.99,-7.823,31838.4,35022.240000000005,8.48
2011-09-09 16:00:00,B4104,0.657,0.0,5.6,198.99,-5.623,31838.4,35022.240000000005,6.28
2011-09-09 17:00:00,B4104,1.183,0.0,2.84,198.99,-2.1870000000000003,31838.4,35022.240000000005,3.37
2011-09-09 18:00:00,B4104,4.335,0.0,0.0,198.99,4.335,31838.4,35022.240000000005,0.0
2011-09-09 19:00:00,B4104,5.386,0.0,0.0,198.99,5.386,31838.4,35022.240000000005,0.0
2011-09-09 20:00:00,B4104,1.183,0.0,0.0,198.99,1.183,31838.4,35022.240000000005,0.0
2011-09-09 21:00:00,B4104,1.183,0.0,0.0,198.99,1.183,31838.4,35022.240000000005,0.0
2011-09-09 22:00:00,B4104,1.182,0.0,0.0,198.99,1.182,31838.4,35022.240000000005,0.0
2011-09-09 23:00:00,B4104,0.657,0.0,0.0,198.99,0.657,31838.4,35022.240000000005,0.0
2011-09-10 00:00:00,B4104,0.657,0.0,0.0,198.99,0.657,31838.4,35022.240000000005,0.0
2011-09-10 01:00:00,B4104,0.657,0.0,0.0,198.99,0.657,31838.4,35022.240000000005,0.0
2011-09-10 02:00:00,B4104,0.657,0.0,0.0,198.99,0.657,31838.4,35022.240000000005,0.0
2011-09-10 03:00:00,B4104,0.657,0.0,0.0,198.99,0.657,31838.4,35022.240000000005,0.0
2011-09-10 04:00:00,B4104,0.657,0.0,0.0,198.99,0.657,31838.4,35022.240000000005,0.0
2011-09-10 05:00:00,B4104,1.182,0.0,0.0,198.99,1.182,31838.4,35022.240000000005,0.0
2011-09-10 06:00:00,B4104,4.335,0.0,0.0,198.99,4.335,31838.4,35022.240000000005,0.0
2011-09-10 07:00:00,B4104,1.183,0.0,3.12,198.99,-2.2270000000000003,31838.4,35022.240000000005,3.41
2011-09-10 08:00:00,B4104,3.058,2.4,5.55,198.99,-2.832,31838.4,35022.240000000005,5.89
2011-09-10 09:00:00,B4104,3.058,2.4,7.78,198.99,-5.182,31838.4,35022.240000000005,8.24
2011-09-10 10:00:00,B4104,3.058,2.4,9.27,198.99,-6.782,31838.4,35022.240000000005,9.84
2011-09-10 11:00:00,B4104,3.058,2.4,10.52,198.99,-8.122,31838.4,35022.240000000005,11.18
2011-09-10 12:00:00,B4104,6.735,2.4,10.78,198.99,-4.735,31838.4,35022.240000000005,11.47
2011-09-10 13:00:00,B4104,1.183,0.0,10.62,198.99,-10.237,31838.4,35022.240000000005,11.42
2011-09-10 14:00:00,B4104,0.657,0.0,9.47,198.99,-9.673,31838.4,35022.240000000005,10.33
2011-09-10 15:00:00,B4104,0.657,0.0,7.51,198.99,-7.723000000000001,31838.4,35022.240000000005,8.38
2011-09-10 16:00:00,B4104,0.657,0.0,5.07,198.99,-5.203,31838.4,35022.240000000005,5.86
2011-09-10 17:00:00,B4104,1.183,0.0,2.78,198.99,-2.1870000000000003,31838.4,35022.240000000005,3.37
2011-09-10 18:00:00,B4104,4.336,0.0,0.0,198.99,4.336,31838.4,35022.240000000005,0.0
2011-09-10 19:00:00,B4104,5.386,0.0,0.0,198.99,5.386,31838.4,35022.240000000005,0.0
2011-09-10 20:00:00,B4104,1.183,0.0,0.0,198.99,1.183,31838.4,35022.240000000005,0.0
2011-09-10 21:00:00,B4104,1.183,0.0,0.0,198.99,1.183,31838.4,35022.240000000005,0.0
2011-09-10 22:00:00,B4104,1.182,0.0,0.0,198.99,1.182,31838.4,35022.240000000005,0.0
2011-09-10 23:00:00,B4104,0.657,0.0,0.0,198.99,0.657,31838.4,35022.240000000005,0.0
2011-09-11 00:00:00,B4104,0.657,0.0,0.0,198.99,0.657,31838.4,35022.240000000005,0.0
2011-09-11 01:00:00,B4104,0.657,0.0,0.0,198.99,0.657,31838.4,35022.240000000005,0.0
2011-09-11 02:00:00,B4104,0.657,0.0,0.0,198.99,0.657,31838.4,35022.240000000005,0.0
2011-09-11 03:00:00,B4104,0.657,0.0,0.0,198.99,0.657,31838.4,35022.240000000005,0.0
2011-09-11 04:00:00,B4104,0.657,0.0,0.0,198.99,0.657,31838.4,35022.240000000005,0.0
2011-09-11 05:00:00,B4104,1.182,0.0,0.0,198.99,1.182,31838.4,35022.240000000005,0.0
2011-09-11 06:00:00,B4104,4.335,0.0,0.0,198.99,4.335,31838.4,35022.240000000005,0.0
2011-09-11 07:00:00,B4104,1.183,0.0,2.86,198.99,-1.9469999999999998,31838.4,35022.240000000005,3.13
2011-09-11 08:00:00,B4104,3.057,2.4,5.25,198.99,-2.5130000000000003,31838.4,35022.240000000005,5.57
2011-09-11 09:00:00,B4104,3.058,2.4,7.41,198.99,-4.772,31838.4,35022.240000000005,7.83
2011-09-11 10:00:00,B4104,3.058,2.4,8.89,198.99,-6.332000000000001,31838.4,35022.240000000005,9.39
2011-09-11 11:00:00,B4104,3.058,2.4,9.83,198.99,-7.311999999999999,31838.4,35022.240000000005,10.37
2011-09-11 12:00:00,B4104,6.735,2.4,10.21,198.99,-4.034999999999999,31838.4,35022.240000000005,10.77
2011-09-11 13:00:00,B4104,1.183,0.0,9.91,198.99,-9.337,31838.4,35022.240000000005,10.52
2011-09-11 14:00:00,B4104,0.657,0.0,8.96,198.99,-8.963,31838.4,35022.240000000005,9.62
2011-09-11 15:00:00,B4104,0.657,0.0,7.37,198.99,-7.413,31838.4,35022.240000000005,8.07
2011-09-11 16:00:00,B4104,0.657,0.0,5.24,198.99,-5.263,31838.4,35022.240000000005,5.92
2011-09-11 17:00:00,B4104,1.183,0.0,2.56,198.99,-1.8869999999999998,31838.4,35022.240000000005,3.07
2011-09-11 18:00:00,B4104,4.335,0.0,0.0,198.99,4.335,31838.4,35022.240000000005,0.0
2011-09-11 19:00:00,B4104,5.386,0.0,0.0,198.99,5.386,31838.4,35022.240000000005,0.0
2011-09-11 20:00:00,B4104,1.183,0.0,0.0,198.99,1.183,31838.4,35022.240000000005,0.0
2011-09-11 21:00:00,B4104,1.183,0.0,0.0,198.99,1.183,31838.4,35022.240000000005,0.0
2011-09-11 22:00:00,B4104,1.183,0.0,0.0,198.99,1.183,31838.4,35022.240000000005,0.0
2011-09-11 23:00:00,B4104,0.657,0.0,0.0,198.99,0.657,31838.4,35022.240000000005,0.0
2011-09-12 00:00:00,B4104,3.057,2.4,0.0,198.99,3.057,31838.4,35022.240000000005,0.0
2011-09-12 01:00:00,B4104,3.057,2.4,0.0,198.99,3.057,31838.4,35022.240000000005,0.0
2011-09-12 02:00:00,B4104,3.057,2.4,0.0,198.99,3.057,31838.4,35022.240000000005,0.0
2011-09-12 03:00:00,B4104,3.057,2.4,0.0,198.99,3.057,31838.4,35022.240000000005,0.0
2011-09-12 04:00:00,B4104,3.057,2.4,0.0,198.99,3.057,31838.4,35022.240000000005,0.0
2011-09-12 05:00:00,B4104,1.183,0.0,0.0,198.99,1.183,31838.4,35022.240000000005,0.0
2011-09-12 06:00:00,B4104,4.336,0.0,0.0,198.99,4.336,31838.4,35022.240000000005,0.0
2011-09-12 07:00:00,B4104,1.183,0.0,2.83,198.99,-1.9069999999999998,31838.4,35022.240000000005,3.09
2011-09-12 08:00:00,B4104,0.657,0.0,5.16,198.99,-4.853,31838.4,35022.240000000005,5.51
2011-09-12 09:00:00,B4104,0.657,0.0,7.51,198.99,-7.353,31838.4,35022.240000000005,8.01
2011-09-12 10:00:00,B4104,0.657,0.0,8.9,198.99,-8.823,31838.4,35022.240000000005,9.48
2011-09-12 11:00:00,B4104,0.657,0.0,9.78,198.99,-9.713,31838.4,35022.240000000005,10.37
2011-09-12 12:00:00,B4104,4.335,0.0,10.05,198.99,-6.305000000000001,31838.4,35022.240000000005,10.64
2011-09-12 13:00:00,B4104,1.183,0.0,9.65,198.99,-9.077,31838.4,35022.240000000005,10.26
2011-09-12 14:00:00,B4104,0.657,0.0,8.61,198.99,-8.623,31838.4,35022.240000000005,9.28
2011-09-12 15:00:00,B4104,0.657,0.0,6.96,198.99,-7.003,31838.4,35022.240000000005,7.66
2011-09-12 16:00:00,B4104,0.657,0.0,4.73,198.99,-4.723,31838.4,35022.240000000005,5.38
2011-09-12 17:00:00,B4104,1.183,0.0,2.37,198.99,-1.6969999999999998,31838.4,35022.240000000005,2.88
2011-09-12 18:00:00,B4104,4.335,0.0,0.0,198.99,4.335,31838.4,35022.240000000005,0.0
2011-09-12 19:00:00,B4104,5.386,0.0,0.0,198.99,5.386,31838.4,35022.240000000005,0.0
2011-09-12 20:00:00,B4104,1.183,0.0,0.0,198.99,1.183,31838.4,35022.240000000005,0.0
2011-09-12 21:00:00,B4104,1.183,0.0,0.0,198.99,1.183,31838.4,35022.240000000005,0.0
2011-09-12 22:00:00,B4104,1.182,0.0,0.0,198.99,1.182,31838.4,35022.240000000005,0.0
2011-09-12 23:00:00,B4104,0.657,0.0,0.0,198.99,0.657,31838.4,35022.240000000005,0.0
2011-09-13 00:00:00,B4104,3.057,2.4,0.0,198.99,3.057,31838.4,35022.240000000005,0.0
2011-09-13 01:00:00,B4104,3.057,2.4,0.0,198.99,3.057,31838.4,35022.240000000005,0.0
2011-09-13 02:00:00,B4104,3.057,2.4,0.0,198.99,3.057,31838.4,35022.240000000005,0.0
2011-09-13 03:00:00,B4104,3.057,2.4,0.0,198.99,3.057,31838.4,35022.240000000005,0.0
2011-09-13 04:00:00,B4104,3.057,2.4,0.0,198.99,3.057,31838.4,35022.240000000005,0.0
2011-09-13 05:00:00,B4104,1.183,0.0,0.0,198.99,1.183,31838.4,35022.240000000005,0.0
2011-09-13 06:00:00,B4104,4.336,0.0,0.0,198.99,4.336,31838.4,35022.240000000005,0.0
2011-09-13 07:00:00,B4104,1.183,0.0,2.52,198.99,-1.567,31838.4,35022.240000000005,2.75
2011-09-13 08:00:00,B4104,0.657,0.0,4.91,198.99,-4.633,31838.4,35022.240000000005,5.29
2011-09-13 09:00:00,B4104,0.657,0.0,7.02,198.99,-6.853,31838.4,35022.240000000005,7.51
2011-09-13 10:00:00,B4104,0.657,0.0,8.41,198.99,-8.293,31838.4,35022.240000000005,8.95
2011-09-13 11:00:00,B4104,0.657,0.0,9.39,198.99,-9.293,31838.4,35022.240000000005,9.95
2011-09-13 12:00:00,B4104,4.335,0.0,9.76,198.99,-5.995,31838.4,35022.240000000005,10.33
2011-09-13 13:00:00,B4104,1.183,0.0,9.38,198.99,-8.797,31838.4,35022.240000000005,9.98
2011-09-13 14:00:00,B4104,0.657,0.0,8.61,198.99,-8.633,31838.4,35022.240000000005,9.29
2011-09-13 15:00:00,B4104,0.657,0.0,6.94,198.99,-6.983,31838.4,35022.240000000005,7.64
2011-09-13 16:00:00,B4104,0.657,0.0,4.88,198.99,-4.893,31838.4,35022.240000000005,5.55
2011-09-13 17:00:00,B4104,1.183,0.0,2.39,198.99,-1.7169999999999999,31838.4,35022.240000000005,2.9
2011-09-13 18:00:00,B4104,4.335,0.0,0.0,198.99,4.335,31838.4,35022.240000000005,0.0
2011-09-13 19:00:00,B4104,5.386,0.0,0.0,198.99,5.386,31838.4,35022.240000000005,0.0
2011-09-13 20:00:00,B4104,1.183,0.0,0.0,198.99,1.183,31838.4,35022.240000000005,0.0
2011-09-13 21:00:00,B4104,1.183,0.0,0.0,198.99,1.183,31838.4,35022.240000000005,0.0
2011-09-13 22:00:00,B4104,1.182,0.0,0.0,198.99,1.182,31838.4,35022.240000000005,0.0
2011-09-13 23:00:00,B4104,0.657,0.0,0.0,198.99,0.657,31838.4,35022.240000000005,0.0
2011-09-14 00:00:00,B4104,3.057,2.4,0.0,198.99,3.057,31838.4,35022.240000000005,0.0
2011-09-14 01:00:00,B4104,3.057,2.4,0.0,198.99,3.057,31838.4,35022.240000000005,0.0
2011-09-14 02:00:00,B4104,3.057,2.4,0.0,198.99,3.057,31838.4,35022.240000000005,0.0
2011-09-14 03:00:00,B4104,3.057,2.4,0.0,198.99,3.057,31838.4,35022.240000000005,0.0
2011-09-14 04:00:00,B4104,3.057,2.4,0.0,198.99,3.057,31838.4,35022.240000000005,0.0
2011-09-14 05:00:00,B4104,1.183,0.0,0.0,198.99,1.183,31838.4,35022.240000000005,0.0
2011-09-14 06:00:00,B4104,4.336,0.0,0.0,198.99,4.336,31838.4,35022.240000000005,0.0
2011-09-14 07:00:00,B4104,1.183,0.0,3.15,198.99,-2.2969999999999997,31838.4,35022.240000000005,3.48
2011-09-14 08:00:00,B4104,0.657,0.0,5.72,198.99,-5.593,31838.4,35022.240000000005,6.25
2011-09-14 09:00:00,B4104,0.657,0.0,7.44,198.99,-7.382999999999999,31838.4,35022.240000000005,8.04
2011-09-14 10:00:00,B4104,0.657,0.0,8.72,198.99,-8.683,31838.4,35022.240000000005,9.34
2011-09-14 11:00:00,B4104,0.657,0.0,9.36,198.99,-9.323,31838.4,35022.240000000005,9.98
2011-09-14 12:00:00,B4104,4.335,0.0,9.79,198.99,-6.114999999999999,31838.4,35022.240000000005,10.45
2011-09-14 13:00:00,B4104,1.183,0.0,9.57,198.99,-9.197000000000001,31838.4,35022.240000000005,10.38
2011-09-14 14:00:00,B4104,0.657,0.0,8.66,198.99,-8.973,31838.4,35022.240000000005,9.63
2011-09-14 15:00:00,B4104,0.657,0.0,6.98,198.99,-7.273,31838.4,35022.240000000005,7.93
2011-09-14 16:00:00,B4104,0.657,0.0,4.69,198.99,-4.823,31838.4,35022.240000000005,5.48
2011-09-14 17:00:00,B4104,1.183,0.0,1.66,198.99,-0.8269999999999997,31838.4,35022.240000000005,2.01
2011-09-14 18:00:00,B4104,4.335,0.0,0.0,198.99,4.335,31838.4,35022.240000000005,0.0
2011-09-14 19:00:00,B4104,5.386,0.0,0.0,198.99,5.386,31838.4,35022.240000000005,0.0
2011-09-14 20:00:00,B4104,1.183,0.0,0.0,198.99,1.183,31838.4,35022.240000000005,0.0
2011-09-14 21:00:00,B4104,1.183,0.0,0.0,198.99,1.183,31838.4,35022.240000000005,0.0
2011-09-14 22:00:00,B4104,1.182,0.0,0.0,198.99,1.182,31838.4,35022.240000000005,0.0
2011-09-14 23:00:00,B4104,0.657,0.0,0.0,198.99,0.657,31838.4,35022.240000000005,0.0
2011-09-15 00:00:00,B4104,3.057,2.4,0.0,198.99,3.057,31838.4,35022.240000000005,0.0
2011-09-15 01:00:00,B4104,3.057,2.4,0.0,198.99,3.057,31838.4,35022.240000000005,0.0
2011-09-15 02:00:00,B4104,3.057,2.4,0.0,198.99,3.057,31838.4,35022.240000000005,0.0
2011-09-15 03:00:00,B4104,3.057,2.4,0.0,198.99,3.057,31838.4,35022.240000000005,0.0
2011-09-15 04:00:00,B4104,3.057,2.4,0.0,198.99,3.057,31838.4,35022.240000000005,0.0
2011-09-15 05:00:00,B4104,1.183,0.0,0.0,198.99,1.183,31838.4,35022.240000000005,0.0
2011-09-15 06:00:00,B4104,4.336,0.0,0.0,198.99,4.336,31838.4,35022.240000000005,0.0
2011-09-15 07:00:00,B4104,1.183,0.0,2.32,198.99,-1.357,31838.4,35022.240000000005,2.54
2011-09-15 08:00:00,B4104,0.657,0.0,3.69,198.99,-3.463,31838.4,35022.240000000005,4.12
2011-09-15 09:00:00,B4104,0.657,0.0,4.07,198.99,-3.9130000000000003,31838.4,35022.240000000005,4.57
2011-09-15 10:00:00,B4104,0.657,0.0,5.0,198.99,-4.923,31838.4,35022.240000000005,5.58
2011-09-15 11:00:00,B4104,0.657,0.0,5.48,198.99,-5.463,31838.4,35022.240000000005,6.12
2011-09-15 12:00:00,B4104,4.335,0.0,4.91,198.99,-1.1749999999999998,31838.4,35022.240000000005,5.51
2011-09-15 13:00:00,B4104,1.183,0.0,5.7,198.99,-5.227,31838.4,35022.240000000005,6.41
2011-09-15 14:00:00,B4104,0.657,0.0,6.01,198.99,-6.153,31838.4,35022.240000000005,6.81
2011-09-15 15:00:00,B4104,0.657,0.0,5.03,198.99,-5.123,31838.4,35022.240000000005,5.78
2011-09-15 16:00:00,B4104,0.657,0.0,3.09,198.99,-2.943,31838.4,35022.240000000005,3.6
2011-09-15 17:00:00,B4104,1.183,0.0,0.0,198.99,1.183,31838.4,35022.240000000005,0.0
2011-09-15 18:00:00,B4104,4.335,0.0,0.0,198.99,4.335,31838.4,35022.240000000005,0.0
2011-09-15 19:00:00,B4104,5.386,0.0,0.0,198.99,5.386,31838.4,35022.240000000005,0.0
2011-09-15 20:00:00,B4104,1.183,0.0,0.0,198.99,1.183,31838.4,35022.240000000005,0.0
2011-09-15 21:00:00,B4104,1.183,0.0,0.0,198.99,1.183,31838.4,35022.240000000005,0.0
2011-09-15 22:00:00,B4104,1.182,0.0,0.0,198.99,1.182,31838.4,35022.240000000005,0.0
2011-09-15 23:00:00,B4104,0.657,0.0,0.0,198.99,0.657,31838.4,35022.240000000005,0.0
2011-09-16 00:00:00,B4104,3.057,2.4,0.0,198.99,3.057,31838.4,35022.240000000005,0.0
2011-09-16 01:00:00,B4104,3.057,2.4,0.0,198.99,3.057,31838.4,35022.240000000005,0.0
2011-09-16 02:00:00,B4104,3.057,2.4,0.0,198.99,3.057,31838.4,35022.240000000005,0.0
2011-09-16 03:00:00,B4104,3.057,2.4,0.0,198.99,3.057,31838.4,35022.240000000005,0.0
2011-09-16 04:00:00,B4104,3.057,2.4,0.0,198.99,3.057,31838.4,35022.240000000005,0.0
2011-09-16 05:00:00,B4104,1.183,0.0,0.0,198.99,1.183,31838.4,35022.240000000005,0.0
2011-09-16 06:00:00,B4104,4.336,0.0,0.0,198.99,4.336,31838.4,35022.240000000005,0.0
2011-09-16 07:00:00,B4104,1.183,0.0,2.44,198.99,-1.497,31838.4,35022.240000000005,2.68
2011-09-16 08:00:00,B4104,0.657,0.0,4.65,198.99,-4.403,31838.4,35022.240000000005,5.06
2011-09-16 09:00:00,B4104,0.657,0.0,6.99,198.99,-6.913,31838.4,35022.240000000005,7.57
2011-09-16 10:00:00,B4104,0.657,0.0,8.32,198.99,-8.323,31838.4,35022.240000000005,8.98
2011-09-16 11:00:00,B4104,0.657,0.0,9.01,198.99,-8.983,31838.4,35022.240000000005,9.64
2011-09-16 12:00:00,B4104,4.335,0.0,9.23,198.99,-5.4750000000000005,31838.4,35022.240000000005,9.81
2011-09-16 13:00:00,B4104,1.183,0.0,8.77,198.99,-8.207,31838.4,35022.240000000005,9.39
2011-09-16 14:00:00,B4104,0.657,0.0,8.02,198.99,-8.053,31838.4,35022.240000000005,8.71
2011-09-16 15:00:00,B4104,0.657,0.0,6.71,198.99,-6.783,31838.4,35022.240000000005,7.44
2011-09-16 16:00:00,B4104,0.657,0.0,4.64,198.99,-4.673,31838.4,35022.240000000005,5.33
2011-09-16 17:00:00,B4104,1.183,0.0,1.51,198.99,-0.677,31838.4,35022.240000000005,1.86
2011-09-16 18:00:00,B4104,4.335,0.0,0.0,198.99,4.335,31838.4,35022.240000000005,0.0
2011-09-16 19:00:00,B4104,5.386,0.0,0.0,198.99,5.386,31838.4,35022.240000000005,0.0
2011-09-16 20:00:00,B4104,1.183,0.0,0.0,198.99,1.183,31838.4,35022.240000000005,0.0
2011-09-16 21:00:00,B4104,1.183,0.0,0.0,198.99,1.183,31838.4,35022.240000000005,0.0
2011-09-16 22:00:00,B4104,1.182,0.0,0.0,198.99,1.182,31838.4,35022.240000000005,0.0
2011-09-16 23:00:00,B4104,0.657,0.0,0.0,198.99,0.657,31838.4,35022.240000000005,0.0
2011-09-17 00:00:00,B4104,0.657,0.0,0.0,198.99,0.657,31838.4,35022.240000000005,0.0
2011-09-17 01:00:00,B4104,0.657,0.0,0.0,198.99,0.657,31838.4,35022.240000000005,0.0
2011-09-17 02:00:00,B4104,0.657,0.0,0.0,198.99,0.657,31838.4,35022.240000000005,0.0
2011-09-17 03:00:00,B4104,0.657,0.0,0.0,198.99,0.657,31838.4,35022.240000000005,0.0
2011-09-17 04:00:00,B4104,0.657,0.0,0.0,198.99,0.657,31838.4,35022.240000000005,0.0
2011-09-17 05:00:00,B4104,1.182,0.0,0.0,198.99,1.182,31838.4,35022.240000000005,0.0
2011-09-17 06:00:00,B4104,4.335,0.0,0.0,198.99,4.335,31838.4,35022.240000000005,0.0
2011-09-17 07:00:00,B4104,1.183,0.0,2.11,198.99,-1.1169999999999998,31838.4,35022.240000000005,2.3
2011-09-17 08:00:00,B4104,3.058,2.4,4.4,198.99,-1.742,31838.4,35022.240000000005,4.8
2011-09-17 09:00:00,B4104,3.058,2.4,6.42,198.99,-3.872,31838.4,35022.240000000005,6.93
2011-09-17 10:00:00,B4104,3.058,2.4,7.81,198.99,-5.311999999999999,31838.4,35022.240000000005,8.37
2011-09-17 11:00:00,B4104,3.058,2.4,9.12,198.99,-6.752000000000001,31838.4,35022.240000000005,9.81
2011-09-17 12:00:00,B4104,6.735,2.4,9.56,198.99,-3.5349999999999993,31838.4,35022.240000000005,10.27
2011-09-17 13:00:00,B4104,1.183,0.0,9.15,198.99,-8.657,31838.4,35022.240000000005,9.84
2011-09-17 14:00:00,B4104,0.657,0.0,8.21,198.99,-8.323,31838.4,35022.240000000005,8.98
2011-09-17 15:00:00,B4104,0.657,0.0,6.63,198.99,-6.753,31838.4,35022.240000000005,7.41
2011-09-17 16:00:00,B4104,0.657,0.0,4.49,198.99,-4.563,31838.4,35022.240000000005,5.22
2011-09-17 17:00:00,B4104,1.183,0.0,1.44,198.99,-0.607,31838.4,35022.240000000005,1.79
2011-09-17 18:00:00,B4104,4.336,0.0,0.0,198.99,4.336,31838.4,35022.240000000005,0.0
2011-09-17 19:00:00,B4104,5.386,0.0,0.0,198.99,5.386,31838.4,35022.240000000005,0.0
2011-09-17 20:00:00,B4104,1.183,0.0,0.0,198.99,1.183,31838.4,35022.240000000005,0.0
2011-09-17 21:00:00,B4104,1.183,0.0,0.0,198.99,1.183,31838.4,35022.240000000005,0.0
2011-09-17 22:00:00,B4104,1.182,0.0,0.0,198.99,1.182,31838.4,35022.240000000005,0.0
2011-09-17 23:00:00,B4104,0.657,0.0,0.0,198.99,0.657,31838.4,35022.240000000005,0.0
2011-09-18 00:00:00,B4104,0.657,0.0,0.0,198.99,0.657,31838.4,35022.240000000005,0.0
2011-09-18 01:00:00,B4104,0.657,0.0,0.0,198.99,0.657,31838.4,35022.240000000005,0.0
2011-09-18 02:00:00,B4104,0.657,0.0,0.0,198.99,0.657,31838.4,35022.240000000005,0.0
2011-09-18 03:00:00,B4104,0.657,0.0,0.0,198.99,0.657,31838.4,35022.240000000005,0.0
2011-09-18 04:00:00,B4104,0.657,0.0,0.0,198.99,0.657,31838.4,35022.240000000005,0.0
2011-09-18 05:00:00,B4104,1.182,0.0,0.0,198.99,1.182,31838.4,35022.240000000005,0.0
2011-09-18 06:00:00,B4104,4.335,0.0,0.0,198.99,4.335,31838.4,35022.240000000005,0.0
2011-09-18 07:00:00,B4104,1.183,0.0,2.08,198.99,-1.1169999999999998,31838.4,35022.240000000005,2.3
2011-09-18 08:00:00,B4104,3.057,2.4,4.33,198.99,-1.693,31838.4,35022.240000000005,4.75
2011-09-18 09:00:00,B4104,3.058,2.4,6.81,198.99,-4.372,31838.4,35022.240000000005,7.43
2011-09-18 10:00:00,B4104,3.058,2.4,8.34,198.99,-6.052,31838.4,35022.240000000005,9.11
2011-09-18 11:00:00,B4104,3.058,2.4,9.17,198.99,-6.912000000000001,31838.4,35022.240000000005,9.97
2011-09-18 12:00:00,B4104,6.735,2.4,9.44,198.99,-3.4349999999999996,31838.4,35022.240000000005,10.17
2011-09-18 13:00:00,B4104,1.183,0.0,8.9,198.99,-8.397,31838.4,35022.240000000005,9.58
2011-09-18 14:00:00,B4104,0.657,0.0,7.83,198.99,-7.882999999999999,31838.4,35022.240000000005,8.54
2011-09-18 15:00:00,B4104,0.657,0.0,6.37,198.99,-6.453,31838.4,35022.240000000005,7.11
2011-09-18 16:00:00,B4104,0.657,0.0,4.37,198.99,-4.413,31838.4,35022.240000000005,5.07
2011-09-18 17:00:00,B4104,1.183,0.0,1.4,198.99,-0.567,31838.4,35022.240000000005,1.75
2011-09-18 18:00:00,B4104,4.335,0.0,0.0,198.99,4.335,31838.4,35022.240000000005,0.0
2011-09-18 19:00:00,B4104,5.386,0.0,0.0,198.99,5.386,31838.4,35022.240000000005,0.0
2011-09-18 20:00:00,B4104,1.183,0.0,0.0,198.99,1.183,31838.4,35022.240000000005,0.0
2011-09-18 21:00:00,B4104,1.183,0.0,0.0,198.99,1.183,31838.4,35022.240000000005,0.0
2011-09-18 22:00:00,B4104,1.183,0.0,0.0,198.99,1.183,31838.4,35022.240000000005,0.0
2011-09-18 23:00:00,B4104,0.657,0.0,0.0,198.99,0.657,31838.4,35022.240000000005,0.0
2011-09-19 00:00:00,B4104,3.057,2.4,0.0,198.99,3.057,31838.4,35022.240000000005,0.0
2011-09-19 01:00:00,B4104,3.057,2.4,0.0,198.99,3.057,31838.4,35022.240000000005,0.0
2011-09-19 02:00:00,B4104,3.057,2.4,0.0,198.99,3.057,31838.4,35022.240000000005,0.0
2011-09-19 03:00:00,B4104,3.057,2.4,0.0,198.99,3.057,31838.4,35022.240000000005,0.0
2011-09-19 04:00:00,B4104,3.057,2.4,0.0,198.99,3.057,31838.4,35022.240000000005,0.0
2011-09-19 05:00:00,B4104,1.183,0.0,0.0,198.99,1.183,31838.4,35022.240000000005,0.0
2011-09-19 06:00:00,B4104,4.336,0.0,0.0,198.99,4.336,31838.4,35022.240000000005,0.0
2011-09-19 07:00:00,B4104,1.183,0.0,1.65,198.99,-0.607,31838.4,35022.240000000005,1.79
2011-09-19 08:00:00,B4104,0.657,0.0,3.81,198.99,-3.503,31838.4,35022.240000000005,4.16
2011-09-19 09:00:00,B4104,0.657,0.0,6.02,198.99,-5.843,31838.4,35022.240000000005,6.5
2011-09-19 10:00:00,B4104,0.657,0.0,7.55,198.99,-7.443,31838.4,35022.240000000005,8.1
2011-09-19 11:00:00,B4104,0.657,0.0,8.53,198.99,-8.463,31838.4,35022.240000000005,9.12
2011-09-19 12:00:00,B4104,4.335,0.0,8.96,198.99,-5.235,31838.4,35022.240000000005,9.57
2011-09-19 13:00:00,B4104,1.183,0.0,8.72,198.99,-8.187,31838.4,35022.240000000005,9.37
2011-09-19 14:00:00,B4104,0.657,0.0,7.75,198.99,-7.803000000000001,31838.4,35022.240000000005,8.46
2011-09-19 15:00:00,B4104,0.657,0.0,6.26,198.99,-6.353,31838.4,35022.240000000005,7.01
2011-09-19 16:00:00,B4104,0.657,0.0,4.21,198.99,-4.243,31838.4,35022.240000000005,4.9
2011-09-19 17:00:00,B4104,1.183,0.0,1.31,198.99,-0.47699999999999987,31838.4,35022.240000000005,1.66
2011-09-19 18:00:00,B4104,4.335,0.0,0.0,198.99,4.335,31838.4,35022.240000000005,0.0
2011-09-19 19:00:00,B4104,5.386,0.0,0.0,198.99,5.386,31838.4,35022.240000000005,0.0
2011-09-19 20:00:00,B4104,1.183,0.0,0.0,198.99,1.183,31838.4,35022.240000000005,0.0
2011-09-19 21:00:00,B4104,1.183,0.0,0.0,198.99,1.183,31838.4,35022.240000000005,0.0
2011-09-19 22:00:00,B4104,1.182,0.0,0.0,198.99,1.182,31838.4,35022.240000000005,0.0
2011-09-19 23:00:00,B4104,0.657,0.0,0.0,198.99,0.657,31838.4,35022.240000000005,0.0
2011-09-20 00:00:00,B4104,3.057,2.4,0.0,198.99,3.057,31838.4,35022.240000000005,0.0
2011-09-20 01:00:00,B4104,3.057,2.4,0.0,198.99,3.057,31838.4,35022.240000000005,0.0
2011-09-20 02:00:00,B4104,3.057,2.4,0.0,198.99,3.057,31838.4,35022.240000000005,0.0
2011-09-20 03:00:00,B4104,3.057,2.4,0.0,198.99,3.057,31838.4,35022.240000000005,0.0
2011-09-20 04:00:00,B4104,3.057,2.4,0.0,198.99,3.057,31838.4,35022.240000000005,0.0
2011-09-20 05:00:00,B4104,1.183,0.0,0.0,198.99,1.183,31838.4,35022.240000000005,0.0
2011-09-20 06:00:00,B4104,4.336,0.0,0.0,198.99,4.336,31838.4,35022.240000000005,0.0
2011-09-20 07:00:00,B4104,1.183,0.0,1.64,198.99,-0.617,31838.4,35022.240000000005,1.8
2011-09-20 08:00:00,B4104,0.657,0.0,3.79,198.99,-3.503,31838.4,35022.240000000005,4.16
2011-09-20 09:00:00,B4104,0.657,0.0,5.83,198.99,-5.663,31838.4,35022.240000000005,6.32
2011-09-20 10:00:00,B4104,0.657,0.0,7.24,198.99,-7.133,31838.4,35022.240000000005,7.79
2011-09-20 11:00:00,B4104,0.657,0.0,8.34,198.99,-8.273,31838.4,35022.240000000005,8.93
2011-09-20 12:00:00,B4104,4.335,0.0,8.78,198.99,-5.055000000000001,31838.4,35022.240000000005,9.39
2011-09-20 13:00:00,B4104,1.183,0.0,8.56,198.99,-8.027000000000001,31838.4,35022.240000000005,9.21
2011-09-20 14:00:00,B4104,0.657,0.0,7.61,198.99,-7.673,31838.4,35022.240000000005,8.33
2011-09-20 15:00:00,B4104,0.657,0.0,6.14,198.99,-6.243,31838.4,35022.240000000005,6.9
2011-09-20 16:00:00,B4104,0.657,0.0,4.16,198.99,-4.233,31838.4,35022.240000000005,4.89
2011-09-20 17:00:00,B4104,1.183,0.0,1.31,198.99,-0.4869999999999999,31838.4,35022.240000000005,1.67
2011-09-20 18:00:00,B4104,4.335,0.0,0.0,198.99,4.335,31838.4,35022.240000000005,0.0
2011-09-20 19:00:00,B4104,5.386,0.0,0.0,198.99,5.386,31838.4,35022.240000000005,0.0
2011-09-20 20:00:00,B4104,1.183,0.0,0.0,198.99,1.183,31838.4,35022.240000000005,0.0
2011-09-20 21:00:00,B4104,1.183,0.0,0.0,198.99,1.183,31838.4,35022.240000000005,0.0
2011-09-20 22:00:00,B4104,1.182,0.0,0.0,198.99,1.182,31838.4,35022.240000000005,0.0
2011-09-20 23:00:00,B4104,0.657,0.0,0.0,198.99,0.657,31838.4,35022.240000000005,0.0
2011-09-21 00:00:00,B4104,3.057,2.4,0.0,198.99,3.057,31838.4,35022.240000000005,0.0
2011-09-21 01:00:00,B4104,3.057,2.4,0.0,198.99,3.057,31838.4,35022.240000000005,0.0
2011-09-21 02:00:00,B4104,3.057,2.4,0.0,198.99,3.057,31838.4,35022.240000000005,0.0
2011-09-21 03:00:00,B4104,3.057,2.4,0.0,198.99,3.057,31838.4,35022.240000000005,0.0
2011-09-21 04:00:00,B4104,3.057,2.4,0.0,198.99,3.057,31838.4,35022.240000000005,0.0
2011-09-21 05:00:00,B4104,1.183,0.0,0.0,198.99,1.183,31838.4,35022.240000000005,0.0
2011-09-21 06:00:00,B4104,4.336,0.0,0.0,198.99,4.336,31838.4,35022.240000000005,0.0
2011-09-21 07:00:00,B4104,1.183,0.0,1.5,198.99,-0.47699999999999987,31838.4,35022.240000000005,1.66
2011-09-21 08:00:00,B4104,0.657,0.0,3.67,198.99,-3.393,31838.4,35022.240000000005,4.05
2011-09-21 09:00:00,B4104,0.657,0.0,5.7,198.99,-5.533,31838.4,35022.240000000005,6.19
2011-09-21 10:00:00,B4104,0.657,0.0,7.12,198.99,-7.003,31838.4,35022.240000000005,7.66
2011-09-21 11:00:00,B4104,0.657,0.0,8.16,198.99,-8.093,31838.4,35022.240000000005,8.75
2011-09-21 12:00:00,B4104,4.335,0.0,8.64,198.99,-4.925,31838.4,35022.240000000005,9.26
2011-09-21 13:00:00,B4104,1.183,0.0,8.46,198.99,-7.977,31838.4,35022.240000000005,9.16
2011-09-21 14:00:00,B4104,0.657,0.0,7.61,198.99,-7.763,31838.4,35022.240000000005,8.42
2011-09-21 15:00:00,B4104,0.657,0.0,6.14,198.99,-6.323,31838.4,35022.240000000005,6.98
2011-09-21 16:00:00,B4104,0.657,0.0,4.13,198.99,-4.233,31838.4,35022.240000000005,4.89
2011-09-21 17:00:00,B4104,1.183,0.0,1.23,198.99,-0.397,31838.4,35022.240000000005,1.58
2011-09-21 18:00:00,B4104,4.335,0.0,0.0,198.99,4.335,31838.4,35022.240000000005,0.0
2011-09-21 19:00:00,B4104,5.386,0.0,0.0,198.99,5.386,31838.4,35022.240000000005,0.0
2011-09-21 20:00:00,B4104,1.183,0.0,0.0,198.99,1.183,31838.4,35022.240000000005,0.0
2011-09-21 21:00:00,B4104,1.183,0.0,0.0,198.99,1.183,31838.4,35022.240000000005,0.0
2011-09-21 22:00:00,B4104,1.182,0.0,0.0,198.99,1.182,31838.4,35022.240000000005,0.0
2011-09-21 23:00:00,B4104,0.657,0.0,0.0,198.99,0.657,31838.4,35022.240000000005,0.0
2011-09-22 00:00:00,B4104,3.057,2.4,0.0,198.99,3.057,31838.4,35022.240000000005,0.0
2011-09-22 01:00:00,B4104,3.057,2.4,0.0,198.99,3.057,31838.4,35022.240000000005,0.0
2011-09-22 02:00:00,B4104,3.057,2.4,0.0,198.99,3.057,31838.4,35022.240000000005,0.0
2011-09-22 03:00:00,B4104,3.057,2.4,0.0,198.99,3.057,31838.4,35022.240000000005,0.0
2011-09-22 04:00:00,B4104,3.057,2.4,0.0,198.99,3.057,31838.4,35022.240000000005,0.0
2011-09-22 05:00:00,B4104,1.183,0.0,0.0,198.99,1.183,31838.4,35022.240000000005,0.0
2011-09-22 06:00:00,B4104,4.336,0.0,0.0,198.99,4.336,31838.4,35022.240000000005,0.0
2011-09-22 07:00:00,B4104,1.183,0.0,1.7,198.99,-0.7169999999999999,31838.4,35022.240000000005,1.9
2011-09-22 08:00:00,B4104,0.657,0.0,3.67,198.99,-3.4130000000000003,31838.4,35022.240000000005,4.07
2011-09-22 09:00:00,B4104,0.657,0.0,5.78,198.99,-5.663,31838.4,35022.240000000005,6.32
2011-09-22 10:00:00,B4104,0.657,0.0,7.2,198.99,-7.143,31838.4,35022.240000000005,7.8
2011-09-22 11:00:00,B4104,0.657,0.0,8.22,198.99,-8.193,31838.4,35022.240000000005,8.85
2011-09-22 12:00:00,B4104,4.335,0.0,8.8,198.99,-5.155,31838.4,35022.240000000005,9.49
2011-09-22 13:00:00,B4104,1.183,0.0,8.49,198.99,-8.027000000000001,31838.4,35022.240000000005,9.21
2011-09-22 14:00:00,B4104,0.657,0.0,7.49,198.99,-7.6129999999999995,31838.4,35022.240000000005,8.27
2011-09-22 15:00:00,B4104,0.657,0.0,5.89,198.99,-6.023,31838.4,35022.240000000005,6.68
2011-09-22 16:00:00,B4104,0.657,0.0,3.66,198.99,-3.6929999999999996,31838.4,35022.240000000005,4.35
2011-09-22 17:00:00,B4104,1.183,0.0,1.41,198.99,-0.5369999999999999,31838.4,35022.240000000005,1.72
2011-09-22 18:00:00,B4104,4.335,0.0,0.0,198.99,4.335,31838.4,35022.240000000005,0.0
2011-09-22 19:00:00,B4104,5.386,0.0,0.0,198.99,5.386,31838.4,35022.240000000005,0.0
2011-09-22 20:00:00,B4104,1.183,0.0,0.0,198.99,1.183,31838.4,35022.240000000005,0.0
2011-09-22 21:00:00,B4104,1.183,0.0,0.0,198.99,1.183,31838.4,35022.240000000005,0.0
2011-09-22 22:00:00,B4104,1.182,0.0,0.0,198.99,1.182,31838.4,35022.240000000005,0.0
2011-09-22 23:00:00,B4104,0.657,0.0,0.0,198.99,0.657,31838.4,35022.240000000005,0.0
2011-09-23 00:00:00,B4104,3.057,2.4,0.0,198.99,3.057,31838.4,35022.240000000005,0.0
2011-09-23 01:00:00,B4104,3.057,2.4,0.0,198.99,3.057,31838.4,35022.240000000005,0.0
2011-09-23 02:00:00,B4104,3.057,2.4,0.0,198.99,3.057,31838.4,35022.240000000005,0.0
2011-09-23 03:00:00,B4104,3.057,2.4,0.0,198.99,3.057,31838.4,35022.240000000005,0.0
2011-09-23 04:00:00,B4104,3.057,2.4,0.0,198.99,3.057,31838.4,35022.240000000005,0.0
2011-09-23 05:00:00,B4104,1.183,0.0,0.0,198.99,1.183,31838.4,35022.240000000005,0.0
2011-09-23 06:00:00,B4104,4.336,0.0,0.0,198.99,4.336,31838.4,35022.240000000005,0.0
2011-09-23 07:00:00,B4104,1.183,0.0,1.81,198.99,-0.627,31838.4,35022.240000000005,1.81
2011-09-23 08:00:00,B4104,0.657,0.0,3.14,198.99,-2.793,31838.4,35022.240000000005,3.45
2011-09-23 09:00:00,B4104,0.657,0.0,4.66,198.99,-4.463,31838.4,35022.240000000005,5.12
2011-09-23 10:00:00,B4104,0.657,0.0,6.33,198.99,-6.403,31838.4,35022.240000000005,7.06
2011-09-23 11:00:00,B4104,0.657,0.0,8.0,198.99,-8.183,31838.4,35022.240000000005,8.84
2011-09-23 12:00:00,B4104,4.335,0.0,8.26,198.99,-4.704999999999999,31838.4,35022.240000000005,9.04
2011-09-23 13:00:00,B4104,1.183,0.0,7.78,198.99,-7.3870000000000005,31838.4,35022.240000000005,8.57
2011-09-23 14:00:00,B4104,0.657,0.0,6.92,198.99,-7.083,31838.4,35022.240000000005,7.74
2011-09-23 15:00:00,B4104,0.657,0.0,5.06,198.99,-5.173,31838.4,35022.240000000005,5.83
2011-09-23 16:00:00,B4104,0.657,0.0,3.38,198.99,-3.383,31838.4,35022.240000000005,4.04
2011-09-23 17:00:00,B4104,1.183,0.0,0.97,198.99,-0.06699999999999995,31838.4,35022.240000000005,1.25
2011-09-23 18:00:00,B4104,4.335,0.0,0.0,198.99,4.335,31838.4,35022.240000000005,0.0
2011-09-23 19:00:00,B4104,5.386,0.0,0.0,198.99,5.386,31838.4,35022.240000000005,0.0
2011-09-23 20:00:00,B4104,1.183,0.0,0.0,198.99,1.183,31838.4,35022.240000000005,0.0
2011-09-23 21:00:00,B4104,1.183,0.0,0.0,198.99,1.183,31838.4,35022.240000000005,0.0
2011-09-23 22:00:00,B4104,1.182,0.0,0.0,198.99,1.182,31838.4,35022.240000000005,0.0
2011-09-23 23:00:00,B4104,0.657,0.0,0.0,198.99,0.657,31838.4,35022.240000000005,0.0
2011-09-24 00:00:00,B4104,0.657,0.0,0.0,198.99,0.657,31838.4,35022.240000000005,0.0
2011-09-24 01:00:00,B4104,0.657,0.0,0.0,198.99,0.657,31838.4,35022.240000000005,0.0
2011-09-24 02:00:00,B4104,0.657,0.0,0.0,198.99,0.657,31838.4,35022.240000000005,0.0
2011-09-24 03:00:00,B4104,0.657,0.0,0.0,198.99,0.657,31838.4,35022.240000000005,0.0
2011-09-24 04:00:00,B4104,0.657,0.0,0.0,198.99,0.657,31838.4,35022.240000000005,0.0
2011-09-24 05:00:00,B4104,1.182,0.0,0.0,198.99,1.182,31838.4,35022.240000000005,0.0
2011-09-24 06:00:00,B4104,4.335,0.0,0.0,198.99,4.335,31838.4,35022.240000000005,0.0
2011-09-24 07:00:00,B4104,1.183,0.0,1.62,198.99,-0.647,31838.4,35022.240000000005,1.83
2011-09-24 08:00:00,B4104,3.058,2.4,3.4,198.99,-0.7520000000000002,31838.4,35022.240000000005,3.81
2011-09-24 09:00:00,B4104,3.058,2.4,5.56,198.99,-3.0920000000000005,31838.4,35022.240000000005,6.15
2011-09-24 10:00:00,B4104,3.058,2.4,6.67,198.99,-4.312,31838.4,35022.240000000005,7.37
2011-09-24 11:00:00,B4104,3.058,2.4,6.91,198.99,-4.582,31838.4,35022.240000000005,7.64
2011-09-24 12:00:00,B4104,6.735,2.4,7.82,198.99,-1.9050000000000002,31838.4,35022.240000000005,8.64
2011-09-24 13:00:00,B4104,1.183,0.0,8.12,198.99,-7.777000000000001,31838.4,35022.240000000005,8.96
2011-09-24 14:00:00,B4104,0.657,0.0,6.81,198.99,-6.943,31838.4,35022.240000000005,7.6
2011-09-24 15:00:00,B4104,0.657,0.0,5.37,198.99,-5.523,31838.4,35022.240000000005,6.18
2011-09-24 16:00:00,B4104,0.657,0.0,3.76,198.99,-3.8629999999999995,31838.4,35022.240000000005,4.52
2011-09-24 17:00:00,B4104,1.183,0.0,1.23,198.99,-0.397,31838.4,35022.240000000005,1.58
2011-09-24 18:00:00,B4104,4.336,0.0,0.0,198.99,4.336,31838.4,35022.240000000005,0.0
2011-09-24 19:00:00,B4104,5.386,0.0,0.0,198.99,5.386,31838.4,35022.240000000005,0.0
2011-09-24 20:00:00,B4104,1.183,0.0,0.0,198.99,1.183,31838.4,35022.240000000005,0.0
2011-09-24 21:00:00,B4104,1.183,0.0,0.0,198.99,1.183,31838.4,35022.240000000005,0.0
2011-09-24 22:00:00,B4104,1.182,0.0,0.0,198.99,1.182,31838.4,35022.240000000005,0.0
2011-09-24 23:00:00,B4104,0.657,0.0,0.0,198.99,0.657,31838.4,35022.240000000005,0.0
2011-09-25 00:00:00,B4104,0.657,0.0,0.0,198.99,0.657,31838.4,35022.240000000005,0.0
2011-09-25 01:00:00,B4104,0.657,0.0,0.0,198.99,0.657,31838.4,35022.240000000005,0.0
2011-09-25 02:00:00,B4104,0.657,0.0,0.0,198.99,0.657,31838.4,35022.240000000005,0.0
2011-09-25 03:00:00,B4104,0.657,0.0,0.0,198.99,0.657,31838.4,35022.240000000005,0.0
2011-09-25 04:00:00,B4104,0.657,0.0,0.0,198.99,0.657,31838.4,35022.240000000005,0.0
2011-09-25 05:00:00,B4104,1.182,0.0,0.0,198.99,1.182,31838.4,35022.240000000005,0.0
2011-09-25 06:00:00,B4104,4.335,0.0,0.0,198.99,4.335,31838.4,35022.240000000005,0.0
2011-09-25 07:00:00,B4104,1.183,0.0,1.19,198.99,-0.16700000000000004,31838.4,35022.240000000005,1.35
2011-09-25 08:00:00,B4104,3.057,2.4,3.12,198.99,-0.45299999999999985,31838.4,35022.240000000005,3.51
2011-09-25 09:00:00,B4104,3.058,2.4,5.28,198.99,-2.7620000000000005,31838.4,35022.240000000005,5.82
2011-09-25 10:00:00,B4104,3.058,2.4,6.97,198.99,-4.562,31838.4,35022.240000000005,7.62
2011-09-25 11:00:00,B4104,3.058,2.4,8.5,198.99,-6.231999999999999,31838.4,35022.240000000005,9.29
2011-09-25 12:00:00,B4104,6.735,2.4,9.14,198.99,-3.255,31838.4,35022.240000000005,9.99
2011-09-25 13:00:00,B4104,1.183,0.0,8.8,198.99,-8.497,31838.4,35022.240000000005,9.68
2011-09-25 14:00:00,B4104,0.657,0.0,7.79,198.99,-8.073,31838.4,35022.240000000005,8.73
2011-09-25 15:00:00,B4104,0.657,0.0,6.13,198.99,-6.423,31838.4,35022.240000000005,7.08
2011-09-25 16:00:00,B4104,0.657,0.0,3.64,198.99,-3.723,31838.4,35022.240000000005,4.38
2011-09-25 17:00:00,B4104,1.183,0.0,1.19,198.99,-0.2769999999999999,31838.4,35022.240000000005,1.46
2011-09-25 18:00:00,B4104,4.335,0.0,0.0,198.99,4.335,31838.4,35022.240000000005,0.0
2011-09-25 19:00:00,B4104,5.386,0.0,0.0,198.99,5.386,31838.4,35022.240000000005,0.0
2011-09-25 20:00:00,B4104,1.183,0.0,0.0,198.99,1.183,31838.4,35022.240000000005,0.0
2011-09-25 21:00:00,B4104,1.183,0.0,0.0,198.99,1.183,31838.4,35022.240000000005,0.0
2011-09-25 22:00:00,B4104,1.183,0.0,0.0,198.99,1.183,31838.4,35022.240000000005,0.0
2011-09-25 23:00:00,B4104,0.657,0.0,0.0,198.99,0.657,31838.4,35022.240000000005,0.0
2011-09-26 00:00:00,B4104,3.057,2.4,0.0,198.99,3.057,31838.4,35022.240000000005,0.0
2011-09-26 01:00:00,B4104,3.057,2.4,0.0,198.99,3.057,31838.4,35022.240000000005,0.0
2011-09-26 02:00:00,B4104,3.057,2.4,0.0,198.99,3.057,31838.4,35022.240000000005,0.0
2011-09-26 03:00:00,B4104,3.057,2.4,0.0,198.99,3.057,31838.4,35022.240000000005,0.0
2011-09-26 04:00:00,B4104,3.057,2.4,0.0,198.99,3.057,31838.4,35022.240000000005,0.0
2011-09-26 05:00:00,B4104,1.183,0.0,0.0,198.99,1.183,31838.4,35022.240000000005,0.0
2011-09-26 06:00:00,B4104,4.336,0.0,0.0,198.99,4.336,31838.4,35022.240000000005,0.0
2011-09-26 07:00:00,B4104,1.183,0.0,1.0,198.99,0.05300000000000016,31838.4,35022.240000000005,1.13
2011-09-26 08:00:00,B4104,0.657,0.0,2.76,198.99,-2.453,31838.4,35022.240000000005,3.11
2011-09-26 09:00:00,B4104,0.657,0.0,4.79,198.99,-4.623,31838.4,35022.240000000005,5.28
2011-09-26 10:00:00,B4104,0.657,0.0,6.28,198.99,-6.173,31838.4,35022.240000000005,6.83
2011-09-26 11:00:00,B4104,0.657,0.0,7.36,198.99,-7.313,31838.4,35022.240000000005,7.97
2011-09-26 12:00:00,B4104,4.335,0.0,7.85,198.99,-4.155,31838.4,35022.240000000005,8.49
2011-09-26 13:00:00,B4104,1.183,0.0,7.64,198.99,-7.127000000000001,31838.4,35022.240000000005,8.31
2011-09-26 14:00:00,B4104,0.657,0.0,6.76,198.99,-6.833,31838.4,35022.240000000005,7.49
2011-09-26 15:00:00,B4104,0.657,0.0,5.34,198.99,-5.463,31838.4,35022.240000000005,6.12
2011-09-26 16:00:00,B4104,0.657,0.0,3.47,198.99,-3.5330000000000004,31838.4,35022.240000000005,4.19
2011-09-26 17:00:00,B4104,1.183,0.0,0.97,198.99,-0.11699999999999999,31838.4,35022.240000000005,1.3
2011-09-26 18:00:00,B4104,4.335,0.0,0.0,198.99,4.335,31838.4,35022.240000000005,0.0
2011-09-26 19:00:00,B4104,5.386,0.0,0.0,198.99,5.386,31838.4,35022.240000000005,0.0
2011-09-26 20:00:00,B4104,1.183,0.0,0.0,198.99,1.183,31838.4,35022.240000000005,0.0
2011-09-26 21:00:00,B4104,1.183,0.0,0.0,198.99,1.183,31838.4,35022.240000000005,0.0
2011-09-26 22:00:00,B4104,1.182,0.0,0.0,198.99,1.182,31838.4,35022.240000000005,0.0
2011-09-26 23:00:00,B4104,0.657,0.0,0.0,198.99,0.657,31838.4,35022.240000000005,0.0
2011-09-27 00:00:00,B4104,3.057,2.4,0.0,198.99,3.057,31838.4,35022.240000000005,0.0
2011-09-27 01:00:00,B4104,3.057,2.4,0.0,198.99,3.057,31838.4,35022.240000000005,0.0
2011-09-27 02:00:00,B4104,3.057,2.4,0.0,198.99,3.057,31838.4,35022.240000000005,0.0
2011-09-27 03:00:00,B4104,3.057,2.4,0.0,198.99,3.057,31838.4,35022.240000000005,0.0
2011-09-27 04:00:00,B4104,3.057,2.4,0.0,198.99,3.057,31838.4,35022.240000000005,0.0
2011-09-27 05:00:00,B4104,1.183,0.0,0.0,198.99,1.183,31838.4,35022.240000000005,0.0
2011-09-27 06:00:00,B4104,4.336,0.0,0.0,198.99,4.336,31838.4,35022.240000000005,0.0
2011-09-27 07:00:00,B4104,1.183,0.0,1.1,198.99,-0.03699999999999992,31838.4,35022.240000000005,1.22
2011-09-27 08:00:00,B4104,0.657,0.0,3.03,198.99,-2.783,31838.4,35022.240000000005,3.44
2011-09-27 09:00:00,B4104,0.657,0.0,4.99,198.99,-4.883,31838.4,35022.240000000005,5.54
2011-09-27 10:00:00,B4104,0.657,0.0,6.37,198.99,-6.333,31838.4,35022.240000000005,6.99
2011-09-27 11:00:00,B4104,0.657,0.0,7.5,198.99,-7.5329999999999995,31838.4,35022.240000000005,8.19
2011-09-27 12:00:00,B4104,4.335,0.0,7.96,198.99,-4.335,31838.4,35022.240000000005,8.67
2011-09-27 13:00:00,B4104,1.183,0.0,7.69,198.99,-7.247,31838.4,35022.240000000005,8.43
2011-09-27 14:00:00,B4104,0.657,0.0,6.83,198.99,-6.983,31838.4,35022.240000000005,7.64
2011-09-27 15:00:00,B4104,0.657,0.0,5.26,198.99,-5.433,31838.4,35022.240000000005,6.09
2011-09-27 16:00:00,B4104,0.657,0.0,3.32,198.99,-3.383,31838.4,35022.240000000005,4.04
2011-09-27 17:00:00,B4104,1.183,0.0,0.91,198.99,-0.04699999999999993,31838.4,35022.240000000005,1.23
2011-09-27 18:00:00,B4104,4.335,0.0,0.0,198.99,4.335,31838.4,35022.240000000005,0.0
2011-09-27 19:00:00,B4104,5.386,0.0,0.0,198.99,5.386,31838.4,35022.240000000005,0.0
2011-09-27 20:00:00,B4104,1.183,0.0,0.0,198.99,1.183,31838.4,35022.240000000005,0.0
2011-09-27 21:00:00,B4104,1.183,0.0,0.0,198.99,1.183,31838.4,35022.240000000005,0.0
2011-09-27 22:00:00,B4104,1.182,0.0,0.0,198.99,1.182,31838.4,35022.240000000005,0.0
2011-09-27 23:00:00,B4104,0.657,0.0,0.0,198.99,0.657,31838.4,35022.240000000005,0.0
2011-09-28 00:00:00,B4104,3.057,2.4,0.0,198.99,3.057,31838.4,35022.240000000005,0.0
2011-09-28 01:00:00,B4104,3.057,2.4,0.0,198.99,3.057,31838.4,35022.240000000005,0.0
2011-09-28 02:00:00,B4104,3.057,2.4,0.0,198.99,3.057,31838.4,35022.240000000005,0.0
2011-09-28 03:00:00,B4104,3.057,2.4,0.0,198.99,3.057,31838.4,35022.240000000005,0.0
2011-09-28 04:00:00,B4104,3.057,2.4,0.0,198.99,3.057,31838.4,35022.240000000005,0.0
2011-09-28 05:00:00,B4104,1.183,0.0,0.0,198.99,1.183,31838.4,35022.240000000005,0.0
2011-09-28 06:00:00,B4104,4.336,0.0,0.0,198.99,4.336,31838.4,35022.240000000005,0.0
2011-09-28 07:00:00,B4104,1.183,0.0,0.96,198.99,0.10299999999999998,31838.4,35022.240000000005,1.08
2011-09-28 08:00:00,B4104,0.657,0.0,2.49,198.99,-2.183,31838.4,35022.240000000005,2.84
2011-09-28 09:00:00,B4104,0.657,0.0,4.43,198.99,-4.263,31838.4,35022.240000000005,4.92
2011-09-28 10:00:00,B4104,0.657,0.0,5.93,198.99,-5.843,31838.4,35022.240000000005,6.5
2011-09-28 11:00:00,B4104,0.657,0.0,6.97,198.99,-6.943,31838.4,35022.240000000005,7.6
2011-09-28 12:00:00,B4104,4.335,0.0,7.41,198.99,-3.7250000000000005,31838.4,35022.240000000005,8.06
2011-09-28 13:00:00,B4104,1.183,0.0,7.29,198.99,-6.817,31838.4,35022.240000000005,8.0
2011-09-28 14:00:00,B4104,0.657,0.0,6.48,198.99,-6.6129999999999995,31838.4,35022.240000000005,7.27
2011-09-28 15:00:00,B4104,0.657,0.0,5.1,198.99,-5.273,31838.4,35022.240000000005,5.93
2011-09-28 16:00:00,B4104,0.657,0.0,3.24,198.99,-3.313,31838.4,35022.240000000005,3.97
2011-09-28 17:00:00,B4104,1.183,0.0,0.88,198.99,-0.016999999999999904,31838.4,35022.240000000005,1.2
2011-09-28 18:00:00,B4104,4.335,0.0,0.0,198.99,4.335,31838.4,35022.240000000005,0.0
2011-09-28 19:00:00,B4104,5.386,0.0,0.0,198.99,5.386,31838.4,35022.240000000005,0.0
2011-09-28 20:00:00,B4104,1.183,0.0,0.0,198.99,1.183,31838.4,35022.240000000005,0.0
2011-09-28 21:00:00,B4104,1.183,0.0,0.0,198.99,1.183,31838.4,35022.240000000005,0.0
2011-09-28 22:00:00,B4104,1.182,0.0,0.0,198.99,1.182,31838.4,35022.240000000005,0.0
2011-09-28 23:00:00,B4104,0.657,0.0,0.0,198.99,0.657,31838.4,35022.240000000005,0.0
2011-09-29 00:00:00,B4104,3.057,2.4,0.0,198.99,3.057,31838.4,35022.240000000005,0.0
2011-09-29 01:00:00,B4104,3.057,2.4,0.0,198.99,3.057,31838.4,35022.240000000005,0.0
2011-09-29 02:00:00,B4104,3.057,2.4,0.0,198.99,3.057,31838.4,35022.240000000005,0.0
2011-09-29 03:00:00,B4104,3.057,2.4,0.0,198.99,3.057,31838.4,35022.240000000005,0.0
2011-09-29 04:00:00,B4104,3.057,2.4,0.0,198.99,3.057,31838.4,35022.240000000005,0.0
2011-09-29 05:00:00,B4104,1.183,0.0,0.0,198.99,1.183,31838.4,35022.240000000005,0.0
2011-09-29 06:00:00,B4104,4.336,0.0,0.0,198.99,4.336,31838.4,35022.240000000005,0.0
2011-09-29 07:00:00,B4104,1.183,0.0,1.1,198.99,-0.03699999999999992,31838.4,35022.240000000005,1.22
2011-09-29 08:00:00,B4104,0.657,0.0,3.04,198.99,-2.803,31838.4,35022.240000000005,3.46
2011-09-29 09:00:00,B4104,0.657,0.0,5.11,198.99,-5.073,31838.4,35022.240000000005,5.73
2011-09-29 10:00:00,B4104,0.657,0.0,6.5,198.99,-6.563,31838.4,35022.240000000005,7.22
2011-09-29 11:00:00,B4104,0.657,0.0,7.32,198.99,-7.4030000000000005,31838.4,35022.240000000005,8.06
2011-09-29 12:00:00,B4104,4.335,0.0,7.54,198.99,-3.925,31838.4,35022.240000000005,8.26
2011-09-29 13:00:00,B4104,1.183,0.0,7.28,198.99,-6.837,31838.4,35022.240000000005,8.02
2011-09-29 14:00:00,B4104,0.657,0.0,6.3,198.99,-6.413,31838.4,35022.240000000005,7.07
2011-09-29 15:00:00,B4104,0.657,0.0,4.92,198.99,-5.063,31838.4,35022.240000000005,5.72
2011-09-29 16:00:00,B4104,0.657,0.0,3.17,198.99,-3.253,31838.4,35022.240000000005,3.91
2011-09-29 17:00:00,B4104,1.183,0.0,0.88,198.99,-0.026999999999999913,31838.4,35022.240000000005,1.21
2011-09-29 18:00:00,B4104,4.335,0.0,0.0,198.99,4.335,31838.4,35022.240000000005,0.0
2011-09-29 19:00:00,B4104,5.386,0.0,0.0,198.99,5.386,31838.4,35022.240000000005,0.0
2011-09-29 20:00:00,B4104,1.183,0.0,0.0,198.99,1.183,31838.4,35022.240000000005,0.0
2011-09-29 21:00:00,B4104,1.183,0.0,0.0,198.99,1.183,31838.4,35022.240000000005,0.0
2011-09-29 22:00:00,B4104,1.182,0.0,0.0,198.99,1.182,31838.4,35022.240000000005,0.0
2011-09-29 23:00:00,B4104,0.657,0.0,0.0,198.99,0.657,31838.4,35022.240000000005,0.0
2011-09-30 00:00:00,B4104,3.057,2.4,0.0,198.99,3.057,31838.4,35022.240000000005,0.0
2011-09-30 01:00:00,B4104,3.057,2.4,0.0,198.99,3.057,31838.4,35022.240000000005,0.0
2011-09-30 02:00:00,B4104,3.057,2.4,0.0,198.99,3.057,31838.4,35022.240000000005,0.0
2011-09-30 03:00:00,B4104,3.057,2.4,0.0,198.99,3.057,31838.4,35022.240000000005,0.0
2011-09-30 04:00:00,B4104,3.057,2.4,0.0,198.99,3.057,31838.4,35022.240000000005,0.0
2011-09-30 05:00:00,B4104,1.183,0.0,0.0,198.99,1.183,31838.4,35022.240000000005,0.0
2011-09-30 06:00:00,B4104,4.336,0.0,0.0,198.99,4.336,31838.4,35022.240000000005,0.0
2011-09-30 07:00:00,B4104,1.183,0.0,1.02,198.99,0.04300000000000015,31838.4,35022.240000000005,1.14
2011-09-30 08:00:00,B4104,0.657,0.0,2.67,198.99,-2.413,31838.4,35022.240000000005,3.07
2011-09-30 09:00:00,B4104,0.657,0.0,5.33,198.99,-5.333,31838.4,35022.240000000005,5.99
2011-09-30 10:00:00,B4104,0.657,0.0,6.91,198.99,-7.033,31838.4,35022.240000000005,7.69
2011-09-30 11:00:00,B4104,0.657,0.0,7.39,198.99,-7.4830000000000005,31838.4,35022.240000000005,8.14
2011-09-30 12:00:00,B4104,4.335,0.0,7.38,198.99,-3.745,31838.4,35022.240000000005,8.08
2011-09-30 13:00:00,B4104,1.183,0.0,7.05,198.99,-6.577,31838.4,35022.240000000005,7.76
2011-09-30 14:00:00,B4104,0.657,0.0,6.23,198.99,-6.343,31838.4,35022.240000000005,7.0
2011-09-30 15:00:00,B4104,0.657,0.0,4.91,198.99,-5.073,31838.4,35022.240000000005,5.73
2011-09-30 16:00:00,B4104,0.657,0.0,3.07,198.99,-3.163,31838.4,35022.240000000005,3.82
2011-09-30 17:00:00,B4104,1.183,0.0,0.78,198.99,0.08299999999999996,31838.4,35022.240000000005,1.1
2011-09-30 18:00:00,B4104,4.335,0.0,0.0,198.99,4.335,31838.4,35022.240000000005,0.0
2011-09-30 19:00:00,B4104,5.386,0.0,0.0,198.99,5.386,31838.4,35022.240000000005,0.0
2011-09-30 20:00:00,B4104,1.183,0.0,0.0,198.99,1.183,31838.4,35022.240000000005,0.0
2011-09-30 21:00:00,B4104,1.183,0.0,0.0,198.99,1.183,31838.4,35022.240000000005,0.0
2011-09-30 22:00:00,B4104,1.182,0.0,0.0,198.99,1.182,31838.4,35022.240000000005,0.0
2011-09-30 23:00:00,B4104,0.657,0.0,0.0,198.99,0.657,31838.4,35022.240000000005,0.0
2011-10-01 00:00:00,B4104,0.657,0.0,0.0,198.99,0.657,31838.4,35022.240000000005,0.0
2011-10-01 01:00:00,B4104,0.657,0.0,0.0,198.99,0.657,31838.4,35022.240000000005,0.0
2011-10-01 02:00:00,B4104,0.657,0.0,0.0,198.99,0.657,31838.4,35022.240000000005,0.0
2011-10-01 03:00:00,B4104,0.657,0.0,0.0,198.99,0.657,31838.4,35022.240000000005,0.0
2011-10-01 04:00:00,B4104,0.657,0.0,0.0,198.99,0.657,31838.4,35022.240000000005,0.0
2011-10-01 05:00:00,B4104,1.182,0.0,0.0,198.99,1.182,31838.4,35022.240000000005,0.0
2011-10-01 06:00:00,B4104,4.335,0.0,0.0,198.99,4.335,31838.4,35022.240000000005,0.0
2011-10-01 07:00:00,B4104,1.183,0.0,0.78,198.99,0.29300000000000004,31838.4,35022.240000000005,0.89
2011-10-01 08:00:00,B4104,3.058,2.4,2.01,198.99,0.718,31838.4,35022.240000000005,2.34
2011-10-01 09:00:00,B4104,3.058,2.4,3.78,198.99,-1.202,31838.4,35022.240000000005,4.26
2011-10-01 10:00:00,B4104,3.058,2.4,5.2,198.99,-2.692,31838.4,35022.240000000005,5.75
2011-10-01 11:00:00,B4104,3.058,2.4,6.21,198.99,-3.752,31838.4,35022.240000000005,6.81
2011-10-01 12:00:00,B4104,6.735,2.4,6.67,198.99,-0.5549999999999997,31838.4,35022.240000000005,7.29
2011-10-01 13:00:00,B4104,1.183,0.0,6.57,198.99,-6.057,31838.4,35022.240000000005,7.24
2011-10-01 14:00:00,B4104,0.657,0.0,5.79,198.99,-5.8629999999999995,31838.4,35022.240000000005,6.52
2011-10-01 15:00:00,B4104,0.657,0.0,4.45,198.99,-4.553,31838.4,35022.240000000005,5.21
2011-10-01 16:00:00,B4104,0.657,0.0,2.57,198.99,-2.543,31838.4,35022.240000000005,3.2
2011-10-01 17:00:00,B4104,1.183,0.0,0.0,198.99,0.9530000000000001,31838.4,35022.240000000005,0.23
2011-10-01 18:00:00,B4104,4.336,0.0,0.0,198.99,4.336,31838.4,35022.240000000005,0.0
2011-10-01 19:00:00,B4104,5.386,0.0,0.0,198.99,5.386,31838.4,35022.240000000005,0.0
2011-10-01 20:00:00,B4104,1.183,0.0,0.0,198.99,1.183,31838.4,35022.240000000005,0.0
2011-10-01 21:00:00,B4104,1.183,0.0,0.0,198.99,1.183,31838.4,35022.240000000005,0.0
2011-10-01 22:00:00,B4104,1.182,0.0,0.0,198.99,1.182,31838.4,35022.240000000005,0.0
2011-10-01 23:00:00,B4104,0.657,0.0,0.0,198.99,0.657,31838.4,35022.240000000005,0.0
2011-10-02 00:00:00,B4104,0.657,0.0,0.0,198.99,0.657,31838.4,35022.240000000005,0.0
2011-10-02 01:00:00,B4104,0.657,0.0,0.0,198.99,0.657,31838.4,35022.240000000005,0.0
2011-10-02 02:00:00,B4104,0.657,0.0,0.0,198.99,0.657,31838.4,35022.240000000005,0.0
2011-10-02 03:00:00,B4104,0.657,0.0,0.0,198.99,0.657,31838.4,35022.240000000005,0.0
2011-10-02 04:00:00,B4104,0.657,0.0,0.0,198.99,0.657,31838.4,35022.240000000005,0.0
2011-10-02 05:00:00,B4104,1.182,0.0,0.0,198.99,1.182,31838.4,35022.240000000005,0.0
2011-10-02 06:00:00,B4104,4.335,0.0,0.0,198.99,4.335,31838.4,35022.240000000005,0.0
2011-10-02 07:00:00,B4104,1.183,0.0,0.89,198.99,0.19300000000000006,31838.4,35022.240000000005,0.99
2011-10-02 08:00:00,B4104,3.057,2.4,2.14,198.99,0.5569999999999999,31838.4,35022.240000000005,2.5
2011-10-02 09:00:00,B4104,3.058,2.4,4.25,198.99,-1.7620000000000005,31838.4,35022.240000000005,4.82
2011-10-02 10:00:00,B4104,3.058,2.4,5.71,198.99,-3.3020000000000005,31838.4,35022.240000000005,6.36
2011-10-02 11:00:00,B4104,3.058,2.4,6.38,198.99,-3.9720000000000004,31838.4,35022.240000000005,7.03
2011-10-02 12:00:00,B4104,6.735,2.4,6.77,198.99,-0.6949999999999994,31838.4,35022.240000000005,7.43
2011-10-02 13:00:00,B4104,1.183,0.0,6.84,198.99,-6.397,31838.4,35022.240000000005,7.58
2011-10-02 14:00:00,B4104,0.657,0.0,6.51,198.99,-6.763,31838.4,35022.240000000005,7.42
2011-10-02 15:00:00,B4104,0.657,0.0,5.41,198.99,-5.733,31838.4,35022.240000000005,6.39
2011-10-02 16:00:00,B4104,0.657,0.0,2.97,198.99,-2.963,31838.4,35022.240000000005,3.62
2011-10-02 17:00:00,B4104,1.183,0.0,0.0,198.99,1.103,31838.4,35022.240000000005,0.08
2011-10-02 18:00:00,B4104,4.335,0.0,0.0,198.99,4.335,31838.4,35022.240000000005,0.0
2011-10-02 19:00:00,B4104,5.386,0.0,0.0,198.99,5.386,31838.4,35022.240000000005,0.0
2011-10-02 20:00:00,B4104,1.183,0.0,0.0,198.99,1.183,31838.4,35022.240000000005,0.0
2011-10-02 21:00:00,B4104,1.183,0.0,0.0,198.99,1.183,31838.4,35022.240000000005,0.0
2011-10-02 22:00:00,B4104,1.183,0.0,0.0,198.99,1.183,31838.4,35022.240000000005,0.0
2011-10-02 23:00:00,B4104,0.657,0.0,0.0,198.99,0.657,31838.4,35022.240000000005,0.0
2011-10-03 00:00:00,B4104,3.057,2.4,0.0,198.99,3.057,31838.4,35022.240000000005,0.0
2011-10-03 01:00:00,B4104,3.057,2.4,0.0,198.99,3.057,31838.4,35022.240000000005,0.0
2011-10-03 02:00:00,B4104,3.057,2.4,0.0,198.99,3.057,31838.4,35022.240000000005,0.0
2011-10-03 03:00:00,B4104,3.057,2.4,0.0,198.99,3.057,31838.4,35022.240000000005,0.0
2011-10-03 04:00:00,B4104,3.057,2.4,0.0,198.99,3.057,31838.4,35022.240000000005,0.0
2011-10-03 05:00:00,B4104,1.183,0.0,0.0,198.99,1.183,31838.4,35022.240000000005,0.0
2011-10-03 06:00:00,B4104,4.336,0.0,0.0,198.99,4.336,31838.4,35022.240000000005,0.0
2011-10-03 07:00:00,B4104,1.183,0.0,0.84,198.99,0.2330000000000001,31838.4,35022.240000000005,0.95
2011-10-03 08:00:00,B4104,0.657,0.0,1.96,198.99,-1.6429999999999998,31838.4,35022.240000000005,2.3
2011-10-03 09:00:00,B4104,0.657,0.0,3.82,198.99,-3.6929999999999996,31838.4,35022.240000000005,4.35
2011-10-03 10:00:00,B4104,0.657,0.0,5.42,198.99,-5.413,31838.4,35022.240000000005,6.07
2011-10-03 11:00:00,B4104,0.657,0.0,6.4,198.99,-6.433,31838.4,35022.240000000005,7.09
2011-10-03 12:00:00,B4104,4.335,0.0,6.71,198.99,-3.0549999999999997,31838.4,35022.240000000005,7.39
2011-10-03 13:00:00,B4104,1.183,0.0,6.53,198.99,-6.057,31838.4,35022.240000000005,7.24
2011-10-03 14:00:00,B4104,0.657,0.0,5.77,198.99,-5.893,31838.4,35022.240000000005,6.55
2011-10-03 15:00:00,B4104,0.657,0.0,4.35,198.99,-4.483,31838.4,35022.240000000005,5.14
2011-10-03 16:00:00,B4104,0.657,0.0,2.67,198.99,-2.733,31838.4,35022.240000000005,3.39
2011-10-03 17:00:00,B4104,1.183,0.0,0.71,198.99,0.16300000000000003,31838.4,35022.240000000005,1.02
2011-10-03 18:00:00,B4104,4.335,0.0,0.0,198.99,4.335,31838.4,35022.240000000005,0.0
2011-10-03 19:00:00,B4104,5.386,0.0,0.0,198.99,5.386,31838.4,35022.240000000005,0.0
2011-10-03 20:00:00,B4104,1.183,0.0,0.0,198.99,1.183,31838.4,35022.240000000005,0.0
2011-10-03 21:00:00,B4104,1.183,0.0,0.0,198.99,1.183,31838.4,35022.240000000005,0.0
2011-10-03 22:00:00,B4104,1.182,0.0,0.0,198.99,1.182,31838.4,35022.240000000005,0.0
2011-10-03 23:00:00,B4104,0.657,0.0,0.0,198.99,0.657,31838.4,35022.240000000005,0.0
2011-10-04 00:00:00,B4104,3.057,2.4,0.0,198.99,3.057,31838.4,35022.240000000005,0.0
2011-10-04 01:00:00,B4104,3.057,2.4,0.0,198.99,3.057,31838.4,35022.240000000005,0.0
2011-10-04 02:00:00,B4104,3.057,2.4,0.0,198.99,3.057,31838.4,35022.240000000005,0.0
2011-10-04 03:00:00,B4104,3.057,2.4,0.0,198.99,3.057,31838.4,35022.240000000005,0.0
2011-10-04 04:00:00,B4104,3.057,2.4,0.0,198.99,3.057,31838.4,35022.240000000005,0.0
2011-10-04 05:00:00,B4104,1.183,0.0,0.0,198.99,1.183,31838.4,35022.240000000005,0.0
2011-10-04 06:00:00,B4104,4.336,0.0,0.0,198.99,4.336,31838.4,35022.240000000005,0.0
2011-10-04 07:00:00,B4104,1.183,0.0,0.77,198.99,0.31300000000000006,31838.4,35022.240000000005,0.87
2011-10-04 08:00:00,B4104,0.657,0.0,1.8,198.99,-1.483,31838.4,35022.240000000005,2.14
2011-10-04 09:00:00,B4104,0.657,0.0,3.45,198.99,-3.303,31838.4,35022.240000000005,3.96
2011-10-04 10:00:00,B4104,0.657,0.0,4.86,198.99,-4.783,31838.4,35022.240000000005,5.44
2011-10-04 11:00:00,B4104,0.657,0.0,5.91,198.99,-5.883,31838.4,35022.240000000005,6.54
2011-10-04 12:00:00,B4104,4.335,0.0,6.41,198.99,-2.7350000000000003,31838.4,35022.240000000005,7.07
2011-10-04 13:00:00,B4104,1.183,0.0,6.42,198.99,-5.9670000000000005,31838.4,35022.240000000005,7.15
2011-10-04 14:00:00,B4104,0.657,0.0,5.9,198.99,-6.093,31838.4,35022.240000000005,6.75
2011-10-04 15:00:00,B4104,0.657,0.0,4.86,198.99,-5.133,31838.4,35022.240000000005,5.79
2011-10-04 16:00:00,B4104,0.657,0.0,3.07,198.99,-3.163,31838.4,35022.240000000005,3.82
2011-10-04 17:00:00,B4104,1.183,0.0,0.0,198.99,0.913,31838.4,35022.240000000005,0.27
2011-10-04 18:00:00,B4104,4.335,0.0,0.0,198.99,4.335,31838.4,35022.240000000005,0.0
2011-10-04 19:00:00,B4104,5.386,0.0,0.0,198.99,5.386,31838.4,35022.240000000005,0.0
2011-10-04 20:00:00,B4104,1.183,0.0,0.0,198.99,1.183,31838.4,35022.240000000005,0.0
2011-10-04 21:00:00,B4104,1.183,0.0,0.0,198.99,1.183,31838.4,35022.240000000005,0.0
2011-10-04 22:00:00,B4104,1.182,0.0,0.0,198.99,1.182,31838.4,35022.240000000005,0.0
2011-10-04 23:00:00,B4104,0.657,0.0,0.0,198.99,0.657,31838.4,35022.240000000005,0.0
2011-10-05 00:00:00,B4104,3.057,2.4,0.0,198.99,3.057,31838.4,35022.240000000005,0.0
2011-10-05 01:00:00,B4104,3.057,2.4,0.0,198.99,3.057,31838.4,35022.240000000005,0.0
2011-10-05 02:00:00,B4104,3.057,2.4,0.0,198.99,3.057,31838.4,35022.240000000005,0.0
2011-10-05 03:00:00,B4104,3.057,2.4,0.0,198.99,3.057,31838.4,35022.240000000005,0.0
2011-10-05 04:00:00,B4104,3.057,2.4,0.0,198.99,3.057,31838.4,35022.240000000005,0.0
2011-10-05 05:00:00,B4104,1.183,0.0,0.0,198.99,1.183,31838.4,35022.240000000005,0.0
2011-10-05 06:00:00,B4104,4.336,0.0,0.0,198.99,4.336,31838.4,35022.240000000005,0.0
2011-10-05 07:00:00,B4104,1.183,0.0,0.74,198.99,0.3430000000000001,31838.4,35022.240000000005,0.84
2011-10-05 08:00:00,B4104,0.657,0.0,1.83,198.99,-1.5230000000000001,31838.4,35022.240000000005,2.18
2011-10-05 09:00:00,B4104,0.657,0.0,3.46,198.99,-3.333,31838.4,35022.240000000005,3.99
2011-10-05 10:00:00,B4104,0.657,0.0,4.71,198.99,-4.643,31838.4,35022.240000000005,5.3
2011-10-05 11:00:00,B4104,0.657,0.0,5.59,198.99,-5.553,31838.4,35022.240000000005,6.21
2011-10-05 12:00:00,B4104,4.335,0.0,6.09,198.99,-2.3950000000000005,31838.4,35022.240000000005,6.73
2011-10-05 13:00:00,B4104,1.183,0.0,6.04,198.99,-5.547000000000001,31838.4,35022.240000000005,6.73
2011-10-05 14:00:00,B4104,0.657,0.0,5.43,198.99,-5.563,31838.4,35022.240000000005,6.22
2011-10-05 15:00:00,B4104,0.657,0.0,4.33,198.99,-4.533,31838.4,35022.240000000005,5.19
2011-10-05 16:00:00,B4104,0.657,0.0,2.73,198.99,-2.823,31838.4,35022.240000000005,3.48
2011-10-05 17:00:00,B4104,1.183,0.0,0.75,198.99,0.133,31838.4,35022.240000000005,1.05
2011-10-05 18:00:00,B4104,4.335,0.0,0.0,198.99,4.335,31838.4,35022.240000000005,0.0
2011-10-05 19:00:00,B4104,5.386,0.0,0.0,198.99,5.386,31838.4,35022.240000000005,0.0
2011-10-05 20:00:00,B4104,1.183,0.0,0.0,198.99,1.183,31838.4,35022.240000000005,0.0
2011-10-05 21:00:00,B4104,1.183,0.0,0.0,198.99,1.183,31838.4,35022.240000000005,0.0
2011-10-05 22:00:00,B4104,1.182,0.0,0.0,198.99,1.182,31838.4,35022.240000000005,0.0
2011-10-05 23:00:00,B4104,0.657,0.0,0.0,198.99,0.657,31838.4,35022.240000000005,0.0
2011-10-06 00:00:00,B4104,3.057,2.4,0.0,198.99,3.057,31838.4,35022.240000000005,0.0
2011-10-06 01:00:00,B4104,3.057,2.4,0.0,198.99,3.057,31838.4,35022.240000000005,0.0
2011-10-06 02:00:00,B4104,3.057,2.4,0.0,198.99,3.057,31838.4,35022.240000000005,0.0
2011-10-06 03:00:00,B4104,3.057,2.4,0.0,198.99,3.057,31838.4,35022.240000000005,0.0
2011-10-06 04:00:00,B4104,3.057,2.4,0.0,198.99,3.057,31838.4,35022.240000000005,0.0
2011-10-06 05:00:00,B4104,1.183,0.0,0.0,198.99,1.183,31838.4,35022.240000000005,0.0
2011-10-06 06:00:00,B4104,4.336,0.0,0.0,198.99,4.336,31838.4,35022.240000000005,0.0
2011-10-06 07:00:00,B4104,1.183,0.0,0.7,198.99,0.383,31838.4,35022.240000000005,0.8
2011-10-06 08:00:00,B4104,0.657,0.0,1.6,198.99,-1.283,31838.4,35022.240000000005,1.94
2011-10-06 09:00:00,B4104,0.657,0.0,3.1,198.99,-2.943,31838.4,35022.240000000005,3.6
2011-10-06 10:00:00,B4104,0.657,0.0,4.6,198.99,-4.543,31838.4,35022.240000000005,5.2
2011-10-06 11:00:00,B4104,0.657,0.0,5.64,198.99,-5.633,31838.4,35022.240000000005,6.29
2011-10-06 12:00:00,B4104,4.335,0.0,6.02,198.99,-2.3449999999999998,31838.4,35022.240000000005,6.68
2011-10-06 13:00:00,B4104,1.183,0.0,5.86,198.99,-5.367,31838.4,35022.240000000005,6.55
2011-10-06 14:00:00,B4104,0.657,0.0,5.24,198.99,-5.353,31838.4,35022.240000000005,6.01
2011-10-06 15:00:00,B4104,0.657,0.0,4.15,198.99,-4.333,31838.4,35022.240000000005,4.99
2011-10-06 16:00:00,B4104,0.657,0.0,2.48,198.99,-2.543,31838.4,35022.240000000005,3.2
2011-10-06 17:00:00,B4104,1.183,0.0,0.69,198.99,0.19300000000000006,31838.4,35022.240000000005,0.99
2011-10-06 18:00:00,B4104,4.335,0.0,0.0,198.99,4.335,31838.4,35022.240000000005,0.0
2011-10-06 19:00:00,B4104,5.386,0.0,0.0,198.99,5.386,31838.4,35022.240000000005,0.0
2011-10-06 20:00:00,B4104,1.183,0.0,0.0,198.99,1.183,31838.4,35022.240000000005,0.0
2011-10-06 21:00:00,B4104,1.183,0.0,0.0,198.99,1.183,31838.4,35022.240000000005,0.0
2011-10-06 22:00:00,B4104,1.182,0.0,0.0,198.99,1.182,31838.4,35022.240000000005,0.0
2011-10-06 23:00:00,B4104,0.657,0.0,0.0,198.99,0.657,31838.4,35022.240000000005,0.0
2011-10-07 00:00:00,B4104,3.057,2.4,0.0,198.99,3.057,31838.4,35022.240000000005,0.0
2011-10-07 01:00:00,B4104,3.057,2.4,0.0,198.99,3.057,31838.4,35022.240000000005,0.0
2011-10-07 02:00:00,B4104,3.057,2.4,0.0,198.99,3.057,31838.4,35022.240000000005,0.0
2011-10-07 03:00:00,B4104,3.057,2.4,0.0,198.99,3.057,31838.4,35022.240000000005,0.0
2011-10-07 04:00:00,B4104,3.057,2.4,0.0,198.99,3.057,31838.4,35022.240000000005,0.0
2011-10-07 05:00:00,B4104,1.183,0.0,0.0,198.99,1.183,31838.4,35022.240000000005,0.0
2011-10-07 06:00:00,B4104,4.336,0.0,0.0,198.99,4.336,31838.4,35022.240000000005,0.0
2011-10-07 07:00:00,B4104,1.183,0.0,1.0,198.99,0.07299999999999995,31838.4,35022.240000000005,1.11
2011-10-07 08:00:00,B4104,0.657,0.0,2.04,198.99,-1.7930000000000001,31838.4,35022.240000000005,2.45
2011-10-07 09:00:00,B4104,0.657,0.0,3.64,198.99,-3.5730000000000004,31838.4,35022.240000000005,4.23
2011-10-07 10:00:00,B4104,0.657,0.0,4.89,198.99,-4.903,31838.4,35022.240000000005,5.56
2011-10-07 11:00:00,B4104,0.657,0.0,5.6,198.99,-5.6129999999999995,31838.4,35022.240000000005,6.27
2011-10-07 12:00:00,B4104,4.335,0.0,6.05,198.99,-2.415,31838.4,35022.240000000005,6.75
2011-10-07 13:00:00,B4104,1.183,0.0,5.9,198.99,-5.437,31838.4,35022.240000000005,6.62
2011-10-07 14:00:00,B4104,0.657,0.0,5.1,198.99,-5.223,31838.4,35022.240000000005,5.88
2011-10-07 15:00:00,B4104,0.657,0.0,3.93,198.99,-4.093,31838.4,35022.240000000005,4.75
2011-10-07 16:00:00,B4104,0.657,0.0,2.33,198.99,-2.393,31838.4,35022.240000000005,3.05
2011-10-07 17:00:00,B4104,1.183,0.0,0.58,198.99,0.29300000000000004,31838.4,35022.240000000005,0.89
2011-10-07 18:00:00,B4104,4.335,0.0,0.0,198.99,4.335,31838.4,35022.240000000005,0.0
2011-10-07 19:00:00,B4104,5.386,0.0,0.0,198.99,5.386,31838.4,35022.240000000005,0.0
2011-10-07 20:00:00,B4104,1.183,0.0,0.0,198.99,1.183,31838.4,35022.240000000005,0.0
2011-10-07 21:00:00,B4104,1.183,0.0,0.0,198.99,1.183,31838.4,35022.240000000005,0.0
2011-10-07 22:00:00,B4104,1.182,0.0,0.0,198.99,1.182,31838.4,35022.240000000005,0.0
2011-10-07 23:00:00,B4104,0.657,0.0,0.0,198.99,0.657,31838.4,35022.240000000005,0.0
2011-10-08 00:00:00,B4104,0.657,0.0,0.0,198.99,0.657,31838.4,35022.240000000005,0.0
2011-10-08 01:00:00,B4104,0.657,0.0,0.0,198.99,0.657,31838.4,35022.240000000005,0.0
2011-10-08 02:00:00,B4104,0.657,0.0,0.0,198.99,0.657,31838.4,35022.240000000005,0.0
2011-10-08 03:00:00,B4104,0.657,0.0,0.0,198.99,0.657,31838.4,35022.240000000005,0.0
2011-10-08 04:00:00,B4104,0.657,0.0,0.0,198.99,0.657,31838.4,35022.240000000005,0.0
2011-10-08 05:00:00,B4104,1.182,0.0,0.0,198.99,1.182,31838.4,35022.240000000005,0.0
2011-10-08 06:00:00,B4104,4.335,0.0,0.0,198.99,4.335,31838.4,35022.240000000005,0.0
2011-10-08 07:00:00,B4104,1.183,0.0,1.28,198.99,-0.2669999999999999,31838.4,35022.240000000005,1.45
2011-10-08 08:00:00,B4104,3.058,2.4,2.38,198.99,0.238,31838.4,35022.240000000005,2.82
2011-10-08 09:00:00,B4104,3.058,2.4,3.63,198.99,-1.1720000000000006,31838.4,35022.240000000005,4.23
2011-10-08 10:00:00,B4104,3.058,2.4,4.62,198.99,-2.2220000000000004,31838.4,35022.240000000005,5.28
2011-10-08 11:00:00,B4104,3.058,2.4,5.38,198.99,-2.982,31838.4,35022.240000000005,6.04
2011-10-08 12:00:00,B4104,6.735,2.4,5.8,198.99,0.2549999999999999,31838.4,35022.240000000005,6.48
2011-10-08 13:00:00,B4104,1.183,0.0,5.63,198.99,-5.157,31838.4,35022.240000000005,6.34
2011-10-08 14:00:00,B4104,0.657,0.0,4.89,198.99,-5.003,31838.4,35022.240000000005,5.66
2011-10-08 15:00:00,B4104,0.657,0.0,3.7,198.99,-3.8529999999999998,31838.4,35022.240000000005,4.51
2011-10-08 16:00:00,B4104,0.657,0.0,2.19,198.99,-2.233,31838.4,35022.240000000005,2.89
2011-10-08 17:00:00,B4104,1.183,0.0,0.56,198.99,0.32300000000000006,31838.4,35022.240000000005,0.86
2011-10-08 18:00:00,B4104,4.336,0.0,0.0,198.99,4.336,31838.4,35022.240000000005,0.0
2011-10-08 19:00:00,B4104,5.386,0.0,0.0,198.99,5.386,31838.4,35022.240000000005,0.0
2011-10-08 20:00:00,B4104,1.183,0.0,0.0,198.99,1.183,31838.4,35022.240000000005,0.0
2011-10-08 21:00:00,B4104,1.183,0.0,0.0,198.99,1.183,31838.4,35022.240000000005,0.0
2011-10-08 22:00:00,B4104,1.182,0.0,0.0,198.99,1.182,31838.4,35022.240000000005,0.0
2011-10-08 23:00:00,B4104,0.657,0.0,0.0,198.99,0.657,31838.4,35022.240000000005,0.0
2011-10-09 00:00:00,B4104,0.657,0.0,0.0,198.99,0.657,31838.4,35022.240000000005,0.0
2011-10-09 01:00:00,B4104,0.657,0.0,0.0,198.99,0.657,31838.4,35022.240000000005,0.0
2011-10-09 02:00:00,B4104,0.657,0.0,0.0,198.99,0.657,31838.4,35022.240000000005,0.0
2011-10-09 03:00:00,B4104,0.657,0.0,0.0,198.99,0.657,31838.4,35022.240000000005,0.0
2011-10-09 04:00:00,B4104,0.657,0.0,0.0,198.99,0.657,31838.4,35022.240000000005,0.0
2011-10-09 05:00:00,B4104,1.182,0.0,0.0,198.99,1.182,31838.4,35022.240000000005,0.0
2011-10-09 06:00:00,B4104,4.335,0.0,0.0,198.99,4.335,31838.4,35022.240000000005,0.0
2011-10-09 07:00:00,B4104,1.183,0.0,0.75,198.99,0.3530000000000001,31838.4,35022.240000000005,0.83
2011-10-09 08:00:00,B4104,3.057,2.4,1.58,198.99,1.147,31838.4,35022.240000000005,1.91
2011-10-09 09:00:00,B4104,3.058,2.4,2.82,198.99,-0.27200000000000024,31838.4,35022.240000000005,3.33
2011-10-09 10:00:00,B4104,3.058,2.4,4.08,198.99,-1.612,31838.4,35022.240000000005,4.67
2011-10-09 11:00:00,B4104,3.058,2.4,5.01,198.99,-2.5920000000000005,31838.4,35022.240000000005,5.65
2011-10-09 12:00:00,B4104,6.735,2.4,5.45,198.99,0.625,31838.4,35022.240000000005,6.11
2011-10-09 13:00:00,B4104,1.183,0.0,5.32,198.99,-4.837,31838.4,35022.240000000005,6.02
2011-10-09 14:00:00,B4104,0.657,0.0,4.64,198.99,-4.743,31838.4,35022.240000000005,5.4
2011-10-09 15:00:00,B4104,0.657,0.0,3.54,198.99,-3.673,31838.4,35022.240000000005,4.33
2011-10-09 16:00:00,B4104,0.657,0.0,2.1,198.99,-2.133,31838.4,35022.240000000005,2.79
2011-10-09 17:00:00,B4104,1.183,0.0,0.53,198.99,0.373,31838.4,35022.240000000005,0.81
2011-10-09 18:00:00,B4104,4.335,0.0,0.0,198.99,4.335,31838.4,35022.240000000005,0.0
2011-10-09 19:00:00,B4104,5.386,0.0,0.0,198.99,5.386,31838.4,35022.240000000005,0.0
2011-10-09 20:00:00,B4104,1.183,0.0,0.0,198.99,1.183,31838.4,35022.240000000005,0.0
2011-10-09 21:00:00,B4104,1.183,0.0,0.0,198.99,1.183,31838.4,35022.240000000005,0.0
2011-10-09 22:00:00,B4104,1.183,0.0,0.0,198.99,1.183,31838.4,35022.240000000005,0.0
2011-10-09 23:00:00,B4104,0.657,0.0,0.0,198.99,0.657,31838.4,35022.240000000005,0.0
2011-10-10 00:00:00,B4104,3.057,2.4,0.0,198.99,3.057,31838.4,35022.240000000005,0.0
2011-10-10 01:00:00,B4104,3.057,2.4,0.0,198.99,3.057,31838.4,35022.240000000005,0.0
2011-10-10 02:00:00,B4104,3.057,2.4,0.0,198.99,3.057,31838.4,35022.240000000005,0.0
2011-10-10 03:00:00,B4104,3.057,2.4,0.0,198.99,3.057,31838.4,35022.240000000005,0.0
2011-10-10 04:00:00,B4104,3.057,2.4,0.0,198.99,3.057,31838.4,35022.240000000005,0.0
2011-10-10 05:00:00,B4104,1.183,0.0,0.0,198.99,1.183,31838.4,35022.240000000005,0.0
2011-10-10 06:00:00,B4104,4.336,0.0,0.0,198.99,4.336,31838.4,35022.240000000005,0.0
2011-10-10 07:00:00,B4104,1.183,0.0,1.0,198.99,0.10299999999999998,31838.4,35022.240000000005,1.08
2011-10-10 08:00:00,B4104,0.657,0.0,2.17,198.99,-1.923,31838.4,35022.240000000005,2.58
2011-10-10 09:00:00,B4104,0.657,0.0,3.82,198.99,-3.793,31838.4,35022.240000000005,4.45
2011-10-10 10:00:00,B4104,0.657,0.0,5.16,198.99,-5.263,31838.4,35022.240000000005,5.92
2011-10-10 11:00:00,B4104,0.657,0.0,6.16,198.99,-6.333,31838.4,35022.240000000005,6.99
2011-10-10 12:00:00,B4104,4.335,0.0,6.36,198.99,-2.8550000000000004,31838.4,35022.240000000005,7.19
2011-10-10 13:00:00,B4104,1.183,0.0,5.82,198.99,-5.447,31838.4,35022.240000000005,6.63
2011-10-10 14:00:00,B4104,0.657,0.0,4.93,198.99,-5.1129999999999995,31838.4,35022.240000000005,5.77
2011-10-10 15:00:00,B4104,0.657,0.0,3.59,198.99,-3.763,31838.4,35022.240000000005,4.42
2011-10-10 16:00:00,B4104,0.657,0.0,2.06,198.99,-2.113,31838.4,35022.240000000005,2.77
2011-10-10 17:00:00,B4104,1.183,0.0,0.45,198.99,0.44300000000000006,31838.4,35022.240000000005,0.74
2011-10-10 18:00:00,B4104,4.335,0.0,0.0,198.99,4.335,31838.4,35022.240000000005,0.0
2011-10-10 19:00:00,B4104,5.386,0.0,0.0,198.99,5.386,31838.4,35022.240000000005,0.0
2011-10-10 20:00:00,B4104,1.183,0.0,0.0,198.99,1.183,31838.4,35022.240000000005,0.0
2011-10-10 21:00:00,B4104,1.183,0.0,0.0,198.99,1.183,31838.4,35022.240000000005,0.0
2011-10-10 22:00:00,B4104,1.182,0.0,0.0,198.99,1.182,31838.4,35022.240000000005,0.0
2011-10-10 23:00:00,B4104,0.657,0.0,0.0,198.99,0.657,31838.4,35022.240000000005,0.0
2011-10-11 00:00:00,B4104,3.057,2.4,0.0,198.99,3.057,31838.4,35022.240000000005,0.0
2011-10-11 01:00:00,B4104,3.057,2.4,0.0,198.99,3.057,31838.4,35022.240000000005,0.0
2011-10-11 02:00:00,B4104,3.057,2.4,0.0,198.99,3.057,31838.4,35022.240000000005,0.0
2011-10-11 03:00:00,B4104,3.057,2.4,0.0,198.99,3.057,31838.4,35022.240000000005,0.0
2011-10-11 04:00:00,B4104,3.057,2.4,0.0,198.99,3.057,31838.4,35022.240000000005,0.0
2011-10-11 05:00:00,B4104,1.183,0.0,0.0,198.99,1.183,31838.4,35022.240000000005,0.0
2011-10-11 06:00:00,B4104,4.336,0.0,0.0,198.99,4.336,31838.4,35022.240000000005,0.0
2011-10-11 07:00:00,B4104,1.183,0.0,0.9,198.99,0.19300000000000006,31838.4,35022.240000000005,0.99
2011-10-11 08:00:00,B4104,0.657,0.0,2.13,198.99,-1.903,31838.4,35022.240000000005,2.56
2011-10-11 09:00:00,B4104,0.657,0.0,3.26,198.99,-3.203,31838.4,35022.240000000005,3.86
2011-10-11 10:00:00,B4104,0.657,0.0,4.3,198.99,-4.323,31838.4,35022.240000000005,4.98
2011-10-11 11:00:00,B4104,0.657,0.0,5.31,198.99,-5.393,31838.4,35022.240000000005,6.05
2011-10-11 12:00:00,B4104,4.335,0.0,5.55,198.99,-1.955,31838.4,35022.240000000005,6.29
2011-10-11 13:00:00,B4104,1.183,0.0,5.12,198.99,-4.647,31838.4,35022.240000000005,5.83
2011-10-11 14:00:00,B4104,0.657,0.0,4.4,198.99,-4.503,31838.4,35022.240000000005,5.16
2011-10-11 15:00:00,B4104,0.657,0.0,3.34,198.99,-3.4930000000000003,31838.4,35022.240000000005,4.15
2011-10-11 16:00:00,B4104,0.657,0.0,1.92,198.99,-1.9529999999999998,31838.4,35022.240000000005,2.61
2011-10-11 17:00:00,B4104,1.183,0.0,0.0,198.99,0.893,31838.4,35022.240000000005,0.29
2011-10-11 18:00:00,B4104,4.335,0.0,0.0,198.99,4.335,31838.4,35022.240000000005,0.0
2011-10-11 19:00:00,B4104,5.386,0.0,0.0,198.99,5.386,31838.4,35022.240000000005,0.0
2011-10-11 20:00:00,B4104,1.183,0.0,0.0,198.99,1.183,31838.4,35022.240000000005,0.0
2011-10-11 21:00:00,B4104,1.183,0.0,0.0,198.99,1.183,31838.4,35022.240000000005,0.0
2011-10-11 22:00:00,B4104,1.182,0.0,0.0,198.99,1.182,31838.4,35022.240000000005,0.0
2011-10-11 23:00:00,B4104,0.657,0.0,0.0,198.99,0.657,31838.4,35022.240000000005,0.0
2011-10-12 00:00:00,B4104,3.057,2.4,0.0,198.99,3.057,31838.4,35022.240000000005,0.0
2011-10-12 01:00:00,B4104,3.057,2.4,0.0,198.99,3.057,31838.4,35022.240000000005,0.0
2011-10-12 02:00:00,B4104,3.057,2.4,0.0,198.99,3.057,31838.4,35022.240000000005,0.0
2011-10-12 03:00:00,B4104,3.057,2.4,0.0,198.99,3.057,31838.4,35022.240000000005,0.0
2011-10-12 04:00:00,B4104,3.057,2.4,0.0,198.99,3.057,31838.4,35022.240000000005,0.0
2011-10-12 05:00:00,B4104,1.183,0.0,0.0,198.99,1.183,31838.4,35022.240000000005,0.0
2011-10-12 06:00:00,B4104,4.336,0.0,0.0,198.99,4.336,31838.4,35022.240000000005,0.0
2011-10-12 07:00:00,B4104,1.183,0.0,1.47,198.99,-0.41700000000000004,31838.4,35022.240000000005,1.6
2011-10-12 08:00:00,B4104,0.657,0.0,2.92,198.99,-2.723,31838.4,35022.240000000005,3.38
2011-10-12 09:00:00,B4104,0.657,0.0,4.69,198.99,-4.743,31838.4,35022.240000000005,5.4
2011-10-12 10:00:00,B4104,0.657,0.0,6.35,198.99,-6.603,31838.4,35022.240000000005,7.26
2011-10-12 11:00:00,B4104,0.657,0.0,6.99,198.99,-7.303,31838.4,35022.240000000005,7.96
2011-10-12 12:00:00,B4104,4.335,0.0,6.26,198.99,-2.795,31838.4,35022.240000000005,7.13
2011-10-12 13:00:00,B4104,1.183,0.0,5.36,198.99,-4.957,31838.4,35022.240000000005,6.14
2011-10-12 14:00:00,B4104,0.657,0.0,5.1,198.99,-5.343,31838.4,35022.240000000005,6.0
2011-10-12 15:00:00,B4104,0.657,0.0,4.59,198.99,-4.903,31838.4,35022.240000000005,5.56
2011-10-12 16:00:00,B4104,0.657,0.0,2.18,198.99,-2.133,31838.4,35022.240000000005,2.79
2011-10-12 17:00:00,B4104,1.183,0.0,0.0,198.99,1.103,31838.4,35022.240000000005,0.08
2011-10-12 18:00:00,B4104,4.335,0.0,0.0,198.99,4.335,31838.4,35022.240000000005,0.0
2011-10-12 19:00:00,B4104,5.386,0.0,0.0,198.99,5.386,31838.4,35022.240000000005,0.0
2011-10-12 20:00:00,B4104,1.183,0.0,0.0,198.99,1.183,31838.4,35022.240000000005,0.0
2011-10-12 21:00:00,B4104,1.183,0.0,0.0,198.99,1.183,31838.4,35022.240000000005,0.0
2011-10-12 22:00:00,B4104,1.182,0.0,0.0,198.99,1.182,31838.4,35022.240000000005,0.0
2011-10-12 23:00:00,B4104,0.657,0.0,0.0,198.99,0.657,31838.4,35022.240000000005,0.0
2011-10-13 00:00:00,B4104,3.057,2.4,0.0,198.99,3.057,31838.4,35022.240000000005,0.0
2011-10-13 01:00:00,B4104,3.057,2.4,0.0,198.99,3.057,31838.4,35022.240000000005,0.0
2011-10-13 02:00:00,B4104,3.057,2.4,0.0,198.99,3.057,31838.4,35022.240000000005,0.0
2011-10-13 03:00:00,B4104,3.057,2.4,0.0,198.99,3.057,31838.4,35022.240000000005,0.0
2011-10-13 04:00:00,B4104,3.057,2.4,0.0,198.99,3.057,31838.4,35022.240000000005,0.0
2011-10-13 05:00:00,B4104,1.183,0.0,0.0,198.99,1.183,31838.4,35022.240000000005,0.0
2011-10-13 06:00:00,B4104,4.336,0.0,0.0,198.99,4.336,31838.4,35022.240000000005,0.0
2011-10-13 07:00:00,B4104,1.183,0.0,1.44,198.99,-0.30699999999999994,31838.4,35022.240000000005,1.49
2011-10-13 08:00:00,B4104,0.657,0.0,2.58,198.99,-2.303,31838.4,35022.240000000005,2.96
2011-10-13 09:00:00,B4104,0.657,0.0,3.85,198.99,-3.7830000000000004,31838.4,35022.240000000005,4.44
2011-10-13 10:00:00,B4104,0.657,0.0,4.58,198.99,-4.633,31838.4,35022.240000000005,5.29
2011-10-13 11:00:00,B4104,0.657,0.0,5.0,198.99,-5.073,31838.4,35022.240000000005,5.73
2011-10-13 12:00:00,B4104,4.335,0.0,6.02,198.99,-2.535,31838.4,35022.240000000005,6.87
2011-10-13 13:00:00,B4104,1.183,0.0,6.4,198.99,-6.187,31838.4,35022.240000000005,7.37
2011-10-13 14:00:00,B4104,0.657,0.0,5.02,198.99,-5.253,31838.4,35022.240000000005,5.91
2011-10-13 15:00:00,B4104,0.657,0.0,3.77,198.99,-3.933,31838.4,35022.240000000005,4.59
2011-10-13 16:00:00,B4104,0.657,0.0,1.99,198.99,-1.8929999999999998,31838.4,35022.240000000005,2.55
2011-10-13 17:00:00,B4104,1.183,0.0,0.0,198.99,1.0130000000000001,31838.4,35022.240000000005,0.17
2011-10-13 18:00:00,B4104,4.335,0.0,0.0,198.99,4.335,31838.4,35022.240000000005,0.0
2011-10-13 19:00:00,B4104,5.386,0.0,0.0,198.99,5.386,31838.4,35022.240000000005,0.0
2011-10-13 20:00:00,B4104,1.183,0.0,0.0,198.99,1.183,31838.4,35022.240000000005,0.0
2011-10-13 21:00:00,B4104,1.183,0.0,0.0,198.99,1.183,31838.4,35022.240000000005,0.0
2011-10-13 22:00:00,B4104,1.182,0.0,0.0,198.99,1.182,31838.4,35022.240000000005,0.0
2011-10-13 23:00:00,B4104,0.657,0.0,0.0,198.99,0.657,31838.4,35022.240000000005,0.0
2011-10-14 00:00:00,B4104,3.057,2.4,0.0,198.99,3.057,31838.4,35022.240000000005,0.0
2011-10-14 01:00:00,B4104,3.057,2.4,0.0,198.99,3.057,31838.4,35022.240000000005,0.0
2011-10-14 02:00:00,B4104,3.057,2.4,0.0,198.99,3.057,31838.4,35022.240000000005,0.0
2011-10-14 03:00:00,B4104,3.057,2.4,0.0,198.99,3.057,31838.4,35022.240000000005,0.0
2011-10-14 04:00:00,B4104,3.057,2.4,0.0,198.99,3.057,31838.4,35022.240000000005,0.0
2011-10-14 05:00:00,B4104,1.183,0.0,0.0,198.99,1.183,31838.4,35022.240000000005,0.0
2011-10-14 06:00:00,B4104,4.336,0.0,0.0,198.99,4.336,31838.4,35022.240000000005,0.0
2011-10-14 07:00:00,B4104,1.183,0.0,0.69,198.99,0.42300000000000004,31838.4,35022.240000000005,0.76
2011-10-14 08:00:00,B4104,0.657,0.0,1.51,198.99,-1.183,31838.4,35022.240000000005,1.84
2011-10-14 09:00:00,B4104,0.657,0.0,2.38,198.99,-2.223,31838.4,35022.240000000005,2.88
2011-10-14 10:00:00,B4104,0.657,0.0,3.55,198.99,-3.503,31838.4,35022.240000000005,4.16
2011-10-14 11:00:00,B4104,0.657,0.0,4.66,198.99,-4.713,31838.4,35022.240000000005,5.37
2011-10-14 12:00:00,B4104,4.335,0.0,5.04,198.99,-1.4450000000000003,31838.4,35022.240000000005,5.78
2011-10-14 13:00:00,B4104,1.183,0.0,4.7,198.99,-4.247,31838.4,35022.240000000005,5.43
2011-10-14 14:00:00,B4104,0.657,0.0,3.91,198.99,-3.9930000000000003,31838.4,35022.240000000005,4.65
2011-10-14 15:00:00,B4104,0.657,0.0,2.76,198.99,-2.783,31838.4,35022.240000000005,3.44
2011-10-14 16:00:00,B4104,0.657,0.0,1.63,198.99,-1.513,31838.4,35022.240000000005,2.17
2011-10-14 17:00:00,B4104,1.183,0.0,0.0,198.99,1.183,31838.4,35022.240000000005,0.0
2011-10-14 18:00:00,B4104,4.335,0.0,0.0,198.99,4.335,31838.4,35022.240000000005,0.0
2011-10-14 19:00:00,B4104,5.386,0.0,0.0,198.99,5.386,31838.4,35022.240000000005,0.0
2011-10-14 20:00:00,B4104,1.183,0.0,0.0,198.99,1.183,31838.4,35022.240000000005,0.0
2011-10-14 21:00:00,B4104,1.183,0.0,0.0,198.99,1.183,31838.4,35022.240000000005,0.0
2011-10-14 22:00:00,B4104,1.182,0.0,0.0,198.99,1.182,31838.4,35022.240000000005,0.0
2011-10-14 23:00:00,B4104,0.657,0.0,0.0,198.99,0.657,31838.4,35022.240000000005,0.0
2011-10-15 00:00:00,B4104,0.657,0.0,0.0,198.99,0.657,31838.4,35022.240000000005,0.0
2011-10-15 01:00:00,B4104,0.657,0.0,0.0,198.99,0.657,31838.4,35022.240000000005,0.0
2011-10-15 02:00:00,B4104,0.657,0.0,0.0,198.99,0.657,31838.4,35022.240000000005,0.0
2011-10-15 03:00:00,B4104,0.657,0.0,0.0,198.99,0.657,31838.4,35022.240000000005,0.0
2011-10-15 04:00:00,B4104,0.657,0.0,0.0,198.99,0.657,31838.4,35022.240000000005,0.0
2011-10-15 05:00:00,B4104,1.182,0.0,0.0,198.99,1.182,31838.4,35022.240000000005,0.0
2011-10-15 06:00:00,B4104,4.335,0.0,0.0,198.99,4.335,31838.4,35022.240000000005,0.0
2011-10-15 07:00:00,B4104,1.183,0.0,1.03,198.99,0.07299999999999995,31838.4,35022.240000000005,1.11
2011-10-15 08:00:00,B4104,3.058,2.4,2.26,198.99,0.3879999999999999,31838.4,35022.240000000005,2.67
2011-10-15 09:00:00,B4104,3.058,2.4,3.49,198.99,-1.0620000000000003,31838.4,35022.240000000005,4.12
2011-10-15 10:00:00,B4104,3.058,2.4,4.67,198.99,-2.3820000000000006,31838.4,35022.240000000005,5.44
2011-10-15 11:00:00,B4104,3.058,2.4,5.85,198.99,-3.6720000000000006,31838.4,35022.240000000005,6.73
2011-10-15 12:00:00,B4104,6.735,2.4,6.56,198.99,-0.7849999999999993,31838.4,35022.240000000005,7.52
2011-10-15 13:00:00,B4104,1.183,0.0,6.73,198.99,-6.597,31838.4,35022.240000000005,7.78
2011-10-15 14:00:00,B4104,0.657,0.0,5.84,198.99,-6.253,31838.4,35022.240000000005,6.91
2011-10-15 15:00:00,B4104,0.657,0.0,3.81,198.99,-4.103,31838.4,35022.240000000005,4.76
2011-10-15 16:00:00,B4104,0.657,0.0,1.98,198.99,-2.043,31838.4,35022.240000000005,2.7
2011-10-15 17:00:00,B4104,1.183,0.0,0.0,198.99,1.183,31838.4,35022.240000000005,0.0
2011-10-15 18:00:00,B4104,4.336,0.0,0.0,198.99,4.336,31838.4,35022.240000000005,0.0
2011-10-15 19:00:00,B4104,5.386,0.0,0.0,198.99,5.386,31838.4,35022.240000000005,0.0
2011-10-15 20:00:00,B4104,1.183,0.0,0.0,198.99,1.183,31838.4,35022.240000000005,0.0
2011-10-15 21:00:00,B4104,1.183,0.0,0.0,198.99,1.183,31838.4,35022.240000000005,0.0
2011-10-15 22:00:00,B4104,1.182,0.0,0.0,198.99,1.182,31838.4,35022.240000000005,0.0
2011-10-15 23:00:00,B4104,0.657,0.0,0.0,198.99,0.657,31838.4,35022.240000000005,0.0
2011-10-16 00:00:00,B4104,0.657,0.0,0.0,198.99,0.657,31838.4,35022.240000000005,0.0
2011-10-16 01:00:00,B4104,0.657,0.0,0.0,198.99,0.657,31838.4,35022.240000000005,0.0
2011-10-16 02:00:00,B4104,0.657,0.0,0.0,198.99,0.657,31838.4,35022.240000000005,0.0
2011-10-16 03:00:00,B4104,0.657,0.0,0.0,198.99,0.657,31838.4,35022.240000000005,0.0
2011-10-16 04:00:00,B4104,0.657,0.0,0.0,198.99,0.657,31838.4,35022.240000000005,0.0
2011-10-16 05:00:00,B4104,1.182,0.0,0.0,198.99,1.182,31838.4,35022.240000000005,0.0
2011-10-16 06:00:00,B4104,4.335,0.0,0.0,198.99,4.335,31838.4,35022.240000000005,0.0
2011-10-16 07:00:00,B4104,1.183,0.0,0.63,198.99,0.4830000000000001,31838.4,35022.240000000005,0.7
2011-10-16 08:00:00,B4104,3.057,2.4,1.72,198.99,0.9969999999999999,31838.4,35022.240000000005,2.06
2011-10-16 09:00:00,B4104,3.058,2.4,3.01,198.99,-0.552,31838.4,35022.240000000005,3.61
2011-10-16 10:00:00,B4104,3.058,2.4,4.03,198.99,-1.6720000000000006,31838.4,35022.240000000005,4.73
2011-10-16 11:00:00,B4104,3.058,2.4,4.67,198.99,-2.3520000000000003,31838.4,35022.240000000005,5.41
2011-10-16 12:00:00,B4104,6.735,2.4,4.87,198.99,1.1150000000000002,31838.4,35022.240000000005,5.62
2011-10-16 13:00:00,B4104,1.183,0.0,4.75,198.99,-4.347,31838.4,35022.240000000005,5.53
2011-10-16 14:00:00,B4104,0.657,0.0,4.1,198.99,-4.273,31838.4,35022.240000000005,4.93
2011-10-16 15:00:00,B4104,0.657,0.0,3.03,198.99,-3.193,31838.4,35022.240000000005,3.85
2011-10-16 16:00:00,B4104,0.657,0.0,1.72,198.99,-1.7229999999999999,31838.4,35022.240000000005,2.38
2011-10-16 17:00:00,B4104,1.183,0.0,0.0,198.99,1.183,31838.4,35022.240000000005,0.0
2011-10-16 18:00:00,B4104,4.335,0.0,0.0,198.99,4.335,31838.4,35022.240000000005,0.0
2011-10-16 19:00:00,B4104,5.386,0.0,0.0,198.99,5.386,31838.4,35022.240000000005,0.0
2011-10-16 20:00:00,B4104,1.183,0.0,0.0,198.99,1.183,31838.4,35022.240000000005,0.0
2011-10-16 21:00:00,B4104,1.183,0.0,0.0,198.99,1.183,31838.4,35022.240000000005,0.0
2011-10-16 22:00:00,B4104,1.183,0.0,0.0,198.99,1.183,31838.4,35022.240000000005,0.0
2011-10-16 23:00:00,B4104,0.657,0.0,0.0,198.99,0.657,31838.4,35022.240000000005,0.0
2011-10-17 00:00:00,B4104,3.057,2.4,0.0,198.99,3.057,31838.4,35022.240000000005,0.0
2011-10-17 01:00:00,B4104,3.057,2.4,0.0,198.99,3.057,31838.4,35022.240000000005,0.0
2011-10-17 02:00:00,B4104,3.057,2.4,0.0,198.99,3.057,31838.4,35022.240000000005,0.0
2011-10-17 03:00:00,B4104,3.057,2.4,0.0,198.99,3.057,31838.4,35022.240000000005,0.0
2011-10-17 04:00:00,B4104,3.057,2.4,0.0,198.99,3.057,31838.4,35022.240000000005,0.0
2011-10-17 05:00:00,B4104,1.183,0.0,0.0,198.99,1.183,31838.4,35022.240000000005,0.0
2011-10-17 06:00:00,B4104,4.336,0.0,0.0,198.99,4.336,31838.4,35022.240000000005,0.0
2011-10-17 07:00:00,B4104,1.183,0.0,1.32,198.99,-0.2669999999999999,31838.4,35022.240000000005,1.45
2011-10-17 08:00:00,B4104,0.657,0.0,3.17,198.99,-3.003,31838.4,35022.240000000005,3.66
2011-10-17 09:00:00,B4104,0.657,0.0,4.88,198.99,-4.913,31838.4,35022.240000000005,5.57
2011-10-17 10:00:00,B4104,0.657,0.0,5.07,198.99,-5.193,31838.4,35022.240000000005,5.85
2011-10-17 11:00:00,B4104,0.657,0.0,5.65,198.99,-5.853,31838.4,35022.240000000005,6.51
2011-10-17 12:00:00,B4104,4.335,0.0,5.98,198.99,-2.5250000000000004,31838.4,35022.240000000005,6.86
2011-10-17 13:00:00,B4104,1.183,0.0,4.94,198.99,-4.537,31838.4,35022.240000000005,5.72
2011-10-17 14:00:00,B4104,0.657,0.0,3.5,198.99,-3.473,31838.4,35022.240000000005,4.13
2011-10-17 15:00:00,B4104,0.657,0.0,2.85,198.99,-2.783,31838.4,35022.240000000005,3.44
2011-10-17 16:00:00,B4104,0.657,0.0,1.74,198.99,-1.5430000000000001,31838.4,35022.240000000005,2.2
2011-10-17 17:00:00,B4104,1.183,0.0,0.0,198.99,1.183,31838.4,35022.240000000005,0.0
2011-10-17 18:00:00,B4104,4.335,0.0,0.0,198.99,4.335,31838.4,35022.240000000005,0.0
2011-10-17 19:00:00,B4104,5.386,0.0,0.0,198.99,5.386,31838.4,35022.240000000005,0.0
2011-10-17 20:00:00,B4104,1.183,0.0,0.0,198.99,1.183,31838.4,35022.240000000005,0.0
2011-10-17 21:00:00,B4104,1.183,0.0,0.0,198.99,1.183,31838.4,35022.240000000005,0.0
2011-10-17 22:00:00,B4104,1.182,0.0,0.0,198.99,1.182,31838.4,35022.240000000005,0.0
2011-10-17 23:00:00,B4104,0.657,0.0,0.0,198.99,0.657,31838.4,35022.240000000005,0.0
2011-10-18 00:00:00,B4104,3.057,2.4,0.0,198.99,3.057,31838.4,35022.240000000005,0.0
2011-10-18 01:00:00,B4104,3.057,2.4,0.0,198.99,3.057,31838.4,35022.240000000005,0.0
2011-10-18 02:00:00,B4104,3.057,2.4,0.0,198.99,3.057,31838.4,35022.240000000005,0.0
2011-10-18 03:00:00,B4104,3.057,2.4,0.0,198.99,3.057,31838.4,35022.240000000005,0.0
2011-10-18 04:00:00,B4104,3.057,2.4,0.0,198.99,3.057,31838.4,35022.240000000005,0.0
2011-10-18 05:00:00,B4104,1.183,0.0,0.0,198.99,1.183,31838.4,35022.240000000005,0.0
2011-10-18 06:00:00,B4104,4.336,0.0,0.0,198.99,4.336,31838.4,35022.240000000005,0.0
2011-10-18 07:00:00,B4104,1.183,0.0,0.0,198.99,1.173,31838.4,35022.240000000005,0.01
2011-10-18 08:00:00,B4104,0.657,0.0,1.81,198.99,-1.403,31838.4,35022.240000000005,2.06
2011-10-18 09:00:00,B4104,0.657,0.0,2.54,198.99,-2.253,31838.4,35022.240000000005,2.91
2011-10-18 10:00:00,B4104,0.657,0.0,3.84,198.99,-3.793,31838.4,35022.240000000005,4.45
2011-10-18 11:00:00,B4104,0.657,0.0,4.54,198.99,-4.583,31838.4,35022.240000000005,5.24
2011-10-18 12:00:00,B4104,4.335,0.0,4.47,198.99,-0.8250000000000002,31838.4,35022.240000000005,5.16
2011-10-18 13:00:00,B4104,1.183,0.0,3.79,198.99,-3.2270000000000003,31838.4,35022.240000000005,4.41
2011-10-18 14:00:00,B4104,0.657,0.0,1.97,198.99,-1.6429999999999998,31838.4,35022.240000000005,2.3
2011-10-18 15:00:00,B4104,0.657,0.0,0.0,198.99,0.657,31838.4,35022.240000000005,0.0
2011-10-18 16:00:00,B4104,0.657,0.0,0.0,198.99,0.657,31838.4,35022.240000000005,0.0
2011-10-18 17:00:00,B4104,1.183,0.0,0.0,198.99,1.183,31838.4,35022.240000000005,0.0
2011-10-18 18:00:00,B4104,4.335,0.0,0.0,198.99,4.335,31838.4,35022.240000000005,0.0
2011-10-18 19:00:00,B4104,5.386,0.0,0.0,198.99,5.386,31838.4,35022.240000000005,0.0
2011-10-18 20:00:00,B4104,1.183,0.0,0.0,198.99,1.183,31838.4,35022.240000000005,0.0
2011-10-18 21:00:00,B4104,1.183,0.0,0.0,198.99,1.183,31838.4,35022.240000000005,0.0
2011-10-18 22:00:00,B4104,1.182,0.0,0.0,198.99,1.182,31838.4,35022.240000000005,0.0
2011-10-18 23:00:00,B4104,0.657,0.0,0.0,198.99,0.657,31838.4,35022.240000000005,0.0
2011-10-19 00:00:00,B4104,3.057,2.4,0.0,198.99,3.057,31838.4,35022.240000000005,0.0
2011-10-19 01:00:00,B4104,3.057,2.4,0.0,198.99,3.057,31838.4,35022.240000000005,0.0
2011-10-19 02:00:00,B4104,3.057,2.4,0.0,198.99,3.057,31838.4,35022.240000000005,0.0
2011-10-19 03:00:00,B4104,3.057,2.4,0.0,198.99,3.057,31838.4,35022.240000000005,0.0
2011-10-19 04:00:00,B4104,3.057,2.4,0.0,198.99,3.057,31838.4,35022.240000000005,0.0
2011-10-19 05:00:00,B4104,1.183,0.0,0.0,198.99,1.183,31838.4,35022.240000000005,0.0
2011-10-19 06:00:00,B4104,4.336,0.0,0.0,198.99,4.336,31838.4,35022.240000000005,0.0
2011-10-19 07:00:00,B4104,1.183,0.0,0.6,198.99,0.523,31838.4,35022.240000000005,0.66
2011-10-19 08:00:00,B4104,0.657,0.0,1.73,198.99,-1.4129999999999998,31838.4,35022.240000000005,2.07
2011-10-19 09:00:00,B4104,0.657,0.0,2.73,198.99,-2.643,31838.4,35022.240000000005,3.3
2011-10-19 10:00:00,B4104,0.657,0.0,3.46,198.99,-3.473,31838.4,35022.240000000005,4.13
2011-10-19 11:00:00,B4104,0.657,0.0,4.01,198.99,-4.053,31838.4,35022.240000000005,4.71
2011-10-19 12:00:00,B4104,4.335,0.0,4.52,198.99,-0.9349999999999996,31838.4,35022.240000000005,5.27
2011-10-19 13:00:00,B4104,1.183,0.0,4.39,198.99,-3.987,31838.4,35022.240000000005,5.17
2011-10-19 14:00:00,B4104,0.657,0.0,3.64,198.99,-3.7830000000000004,31838.4,35022.240000000005,4.44
2011-10-19 15:00:00,B4104,0.657,0.0,2.68,198.99,-2.803,31838.4,35022.240000000005,3.46
2011-10-19 16:00:00,B4104,0.657,0.0,1.44,198.99,-1.333,31838.4,35022.240000000005,1.99
2011-10-19 17:00:00,B4104,1.183,0.0,0.0,198.99,1.183,31838.4,35022.240000000005,0.0
2011-10-19 18:00:00,B4104,4.335,0.0,0.0,198.99,4.335,31838.4,35022.240000000005,0.0
2011-10-19 19:00:00,B4104,5.386,0.0,0.0,198.99,5.386,31838.4,35022.240000000005,0.0
2011-10-19 20:00:00,B4104,1.183,0.0,0.0,198.99,1.183,31838.4,35022.240000000005,0.0
2011-10-19 21:00:00,B4104,1.183,0.0,0.0,198.99,1.183,31838.4,35022.240000000005,0.0
2011-10-19 22:00:00,B4104,1.182,0.0,0.0,198.99,1.182,31838.4,35022.240000000005,0.0
2011-10-19 23:00:00,B4104,0.657,0.0,0.0,198.99,0.657,31838.4,35022.240000000005,0.0
2011-10-20 00:00:00,B4104,3.057,2.4,0.0,198.99,3.057,31838.4,35022.240000000005,0.0
2011-10-20 01:00:00,B4104,3.057,2.4,0.0,198.99,3.057,31838.4,35022.240000000005,0.0
2011-10-20 02:00:00,B4104,3.057,2.4,0.0,198.99,3.057,31838.4,35022.240000000005,0.0
2011-10-20 03:00:00,B4104,3.057,2.4,0.0,198.99,3.057,31838.4,35022.240000000005,0.0
2011-10-20 04:00:00,B4104,3.057,2.4,0.0,198.99,3.057,31838.4,35022.240000000005,0.0
2011-10-20 05:00:00,B4104,1.183,0.0,0.0,198.99,1.183,31838.4,35022.240000000005,0.0
2011-10-20 06:00:00,B4104,4.336,0.0,0.0,198.99,4.336,31838.4,35022.240000000005,0.0
2011-10-20 07:00:00,B4104,1.183,0.0,0.0,198.99,1.183,31838.4,35022.240000000005,0.0
2011-10-20 08:00:00,B4104,0.657,0.0,1.46,198.99,-1.153,31838.4,35022.240000000005,1.81
2011-10-20 09:00:00,B4104,0.657,0.0,2.14,198.99,-2.043,31838.4,35022.240000000005,2.7
2011-10-20 10:00:00,B4104,0.657,0.0,3.08,198.99,-3.093,31838.4,35022.240000000005,3.75
2011-10-20 11:00:00,B4104,0.657,0.0,3.91,198.99,-3.9829999999999997,31838.4,35022.240000000005,4.64
2011-10-20 12:00:00,B4104,4.335,0.0,4.26,198.99,-0.6749999999999998,31838.4,35022.240000000005,5.01
2011-10-20 13:00:00,B4104,1.183,0.0,4.17,198.99,-3.7670000000000003,31838.4,35022.240000000005,4.95
2011-10-20 14:00:00,B4104,0.657,0.0,3.91,198.99,-4.123,31838.4,35022.240000000005,4.78
2011-10-20 15:00:00,B4104,0.657,0.0,3.47,198.99,-3.723,31838.4,35022.240000000005,4.38
2011-10-20 16:00:00,B4104,0.657,0.0,1.97,198.99,-1.8729999999999998,31838.4,35022.240000000005,2.53
2011-10-20 17:00:00,B4104,1.183,0.0,0.0,198.99,1.183,31838.4,35022.240000000005,0.0
2011-10-20 18:00:00,B4104,4.335,0.0,0.0,198.99,4.335,31838.4,35022.240000000005,0.0
2011-10-20 19:00:00,B4104,5.386,0.0,0.0,198.99,5.386,31838.4,35022.240000000005,0.0
2011-10-20 20:00:00,B4104,1.183,0.0,0.0,198.99,1.183,31838.4,35022.240000000005,0.0
2011-10-20 21:00:00,B4104,1.183,0.0,0.0,198.99,1.183,31838.4,35022.240000000005,0.0
2011-10-20 22:00:00,B4104,1.182,0.0,0.0,198.99,1.182,31838.4,35022.240000000005,0.0
2011-10-20 23:00:00,B4104,0.657,0.0,0.0,198.99,0.657,31838.4,35022.240000000005,0.0
2011-10-21 00:00:00,B4104,3.057,2.4,0.0,198.99,3.057,31838.4,35022.240000000005,0.0
2011-10-21 01:00:00,B4104,3.057,2.4,0.0,198.99,3.057,31838.4,35022.240000000005,0.0
2011-10-21 02:00:00,B4104,3.057,2.4,0.0,198.99,3.057,31838.4,35022.240000000005,0.0
2011-10-21 03:00:00,B4104,3.057,2.4,0.0,198.99,3.057,31838.4,35022.240000000005,0.0
2011-10-21 04:00:00,B4104,3.057,2.4,0.0,198.99,3.057,31838.4,35022.240000000005,0.0
2011-10-21 05:00:00,B4104,1.183,0.0,0.0,198.99,1.183,31838.4,35022.240000000005,0.0
2011-10-21 06:00:00,B4104,4.336,0.0,0.0,198.99,4.336,31838.4,35022.240000000005,0.0
2011-10-21 07:00:00,B4104,1.183,0.0,0.0,198.99,1.183,31838.4,35022.240000000005,0.0
2011-10-21 08:00:00,B4104,0.657,0.0,2.94,198.99,-2.723,31838.4,35022.240000000005,3.38
2011-10-21 09:00:00,B4104,0.657,0.0,4.43,198.99,-4.483,31838.4,35022.240000000005,5.14
2011-10-21 10:00:00,B4104,0.657,0.0,5.7,198.99,-5.953,31838.4,35022.240000000005,6.61
2011-10-21 11:00:00,B4104,0.657,0.0,6.43,198.99,-6.773,31838.4,35022.240000000005,7.43
2011-10-21 12:00:00,B4104,4.335,0.0,5.93,198.99,-2.545,31838.4,35022.240000000005,6.88
2011-10-21 13:00:00,B4104,1.183,0.0,5.45,198.99,-5.197,31838.4,35022.240000000005,6.38
2011-10-21 14:00:00,B4104,0.657,0.0,4.88,198.99,-5.193,31838.4,35022.240000000005,5.85
2011-10-21 15:00:00,B4104,0.657,0.0,3.45,198.99,-3.673,31838.4,35022.240000000005,4.33
2011-10-21 16:00:00,B4104,0.657,0.0,1.8,198.99,-1.7930000000000001,31838.4,35022.240000000005,2.45
2011-10-21 17:00:00,B4104,1.183,0.0,0.0,198.99,1.183,31838.4,35022.240000000005,0.0
2011-10-21 18:00:00,B4104,4.335,0.0,0.0,198.99,4.335,31838.4,35022.240000000005,0.0
2011-10-21 19:00:00,B4104,5.386,0.0,0.0,198.99,5.386,31838.4,35022.240000000005,0.0
2011-10-21 20:00:00,B4104,1.183,0.0,0.0,198.99,1.183,31838.4,35022.240000000005,0.0
2011-10-21 21:00:00,B4104,1.183,0.0,0.0,198.99,1.183,31838.4,35022.240000000005,0.0
2011-10-21 22:00:00,B4104,1.182,0.0,0.0,198.99,1.182,31838.4,35022.240000000005,0.0
2011-10-21 23:00:00,B4104,0.657,0.0,0.0,198.99,0.657,31838.4,35022.240000000005,0.0
2011-10-22 00:00:00,B4104,0.657,0.0,0.0,198.99,0.657,31838.4,35022.240000000005,0.0
2011-10-22 01:00:00,B4104,0.657,0.0,0.0,198.99,0.657,31838.4,35022.240000000005,0.0
2011-10-22 02:00:00,B4104,0.657,0.0,0.0,198.99,0.657,31838.4,35022.240000000005,0.0
2011-10-22 03:00:00,B4104,0.657,0.0,0.0,198.99,0.657,31838.4,35022.240000000005,0.0
2011-10-22 04:00:00,B4104,0.657,0.0,0.0,198.99,0.657,31838.4,35022.240000000005,0.0
2011-10-22 05:00:00,B4104,1.182,0.0,0.0,198.99,1.182,31838.4,35022.240000000005,0.0
2011-10-22 06:00:00,B4104,4.335,0.0,0.0,198.99,4.335,31838.4,35022.240000000005,0.0
2011-10-22 07:00:00,B4104,1.183,0.0,0.0,198.99,1.183,31838.4,35022.240000000005,0.0
2011-10-22 08:00:00,B4104,3.058,2.4,3.2,198.99,-0.6020000000000003,31838.4,35022.240000000005,3.66
2011-10-22 09:00:00,B4104,3.058,2.4,4.85,198.99,-2.5220000000000002,31838.4,35022.240000000005,5.58
2011-10-22 10:00:00,B4104,3.058,2.4,5.98,198.99,-3.8120000000000003,31838.4,35022.240000000005,6.87
2011-10-22 11:00:00,B4104,3.058,2.4,6.26,198.99,-4.132000000000001,31838.4,35022.240000000005,7.19
2011-10-22 12:00:00,B4104,6.735,2.4,6.03,198.99,-0.20500000000000007,31838.4,35022.240000000005,6.94
2011-10-22 13:00:00,B4104,1.183,0.0,5.7,198.99,-5.407,31838.4,35022.240000000005,6.59
2011-10-22 14:00:00,B4104,0.657,0.0,4.62,198.99,-4.783,31838.4,35022.240000000005,5.44
2011-10-22 15:00:00,B4104,0.657,0.0,3.14,198.99,-3.113,31838.4,35022.240000000005,3.77
2011-10-22 16:00:00,B4104,0.657,0.0,1.68,198.99,-1.4729999999999999,31838.4,35022.240000000005,2.13
2011-10-22 17:00:00,B4104,1.183,0.0,0.0,198.99,1.183,31838.4,35022.240000000005,0.0
2011-10-22 18:00:00,B4104,4.336,0.0,0.0,198.99,4.336,31838.4,35022.240000000005,0.0
2011-10-22 19:00:00,B4104,5.386,0.0,0.0,198.99,5.386,31838.4,35022.240000000005,0.0
2011-10-22 20:00:00,B4104,1.183,0.0,0.0,198.99,1.183,31838.4,35022.240000000005,0.0
2011-10-22 21:00:00,B4104,1.183,0.0,0.0,198.99,1.183,31838.4,35022.240000000005,0.0
2011-10-22 22:00:00,B4104,1.182,0.0,0.0,198.99,1.182,31838.4,35022.240000000005,0.0
2011-10-22 23:00:00,B4104,0.657,0.0,0.0,198.99,0.657,31838.4,35022.240000000005,0.0
2011-10-23 00:00:00,B4104,0.657,0.0,0.0,198.99,0.657,31838.4,35022.240000000005,0.0
2011-10-23 01:00:00,B4104,0.657,0.0,0.0,198.99,0.657,31838.4,35022.240000000005,0.0
2011-10-23 02:00:00,B4104,0.657,0.0,0.0,198.99,0.657,31838.4,35022.240000000005,0.0
2011-10-23 03:00:00,B4104,0.657,0.0,0.0,198.99,0.657,31838.4,35022.240000000005,0.0
2011-10-23 04:00:00,B4104,0.657,0.0,0.0,198.99,0.657,31838.4,35022.240000000005,0.0
2011-10-23 05:00:00,B4104,1.182,0.0,0.0,198.99,1.182,31838.4,35022.240000000005,0.0
2011-10-23 06:00:00,B4104,4.335,0.0,0.0,198.99,4.335,31838.4,35022.240000000005,0.0
2011-10-23 07:00:00,B4104,1.183,0.0,0.0,198.99,1.183,31838.4,35022.240000000005,0.0
2011-10-23 08:00:00,B4104,3.057,2.4,1.74,198.99,1.087,31838.4,35022.240000000005,1.97
2011-10-23 09:00:00,B4104,3.058,2.4,2.63,198.99,0.04800000000000004,31838.4,35022.240000000005,3.01
2011-10-23 10:00:00,B4104,3.058,2.4,3.83,198.99,-1.4020000000000001,31838.4,35022.240000000005,4.46
2011-10-23 11:00:00,B4104,3.058,2.4,3.63,198.99,-1.1820000000000004,31838.4,35022.240000000005,4.24
2011-10-23 12:00:00,B4104,6.735,2.4,3.7,198.99,2.3950000000000005,31838.4,35022.240000000005,4.34
2011-10-23 13:00:00,B4104,1.183,0.0,4.41,198.99,-4.017,31838.4,35022.240000000005,5.2
2011-10-23 14:00:00,B4104,0.657,0.0,3.87,198.99,-4.003,31838.4,35022.240000000005,4.66
2011-10-23 15:00:00,B4104,0.657,0.0,2.66,198.99,-2.633,31838.4,35022.240000000005,3.29
2011-10-23 16:00:00,B4104,0.657,0.0,1.06,198.99,-0.673,31838.4,35022.240000000005,1.33
2011-10-23 17:00:00,B4104,1.183,0.0,0.0,198.99,1.183,31838.4,35022.240000000005,0.0
2011-10-23 18:00:00,B4104,4.335,0.0,0.0,198.99,4.335,31838.4,35022.240000000005,0.0
2011-10-23 19:00:00,B4104,5.386,0.0,0.0,198.99,5.386,31838.4,35022.240000000005,0.0
2011-10-23 20:00:00,B4104,1.183,0.0,0.0,198.99,1.183,31838.4,35022.240000000005,0.0
2011-10-23 21:00:00,B4104,1.183,0.0,0.0,198.99,1.183,31838.4,35022.240000000005,0.0
2011-10-23 22:00:00,B4104,1.183,0.0,0.0,198.99,1.183,31838.4,35022.240000000005,0.0
2011-10-23 23:00:00,B4104,0.657,0.0,0.0,198.99,0.657,31838.4,35022.240000000005,0.0
2011-10-24 00:00:00,B4104,3.057,2.4,0.0,198.99,3.057,31838.4,35022.240000000005,0.0
2011-10-24 01:00:00,B4104,3.057,2.4,0.0,198.99,3.057,31838.4,35022.240000000005,0.0
2011-10-24 02:00:00,B4104,3.057,2.4,0.0,198.99,3.057,31838.4,35022.240000000005,0.0
2011-10-24 03:00:00,B4104,3.057,2.4,0.0,198.99,3.057,31838.4,35022.240000000005,0.0
2011-10-24 04:00:00,B4104,3.057,2.4,0.0,198.99,3.057,31838.4,35022.240000000005,0.0
2011-10-24 05:00:00,B4104,1.183,0.0,0.0,198.99,1.183,31838.4,35022.240000000005,0.0
2011-10-24 06:00:00,B4104,4.336,0.0,0.0,198.99,4.336,31838.4,35022.240000000005,0.0
2011-10-24 07:00:00,B4104,1.183,0.0,0.0,198.99,1.183,31838.4,35022.240000000005,0.0
2011-10-24 08:00:00,B4104,0.657,0.0,3.1,198.99,-2.893,31838.4,35022.240000000005,3.55
2011-10-24 09:00:00,B4104,0.657,0.0,4.9,198.99,-4.983,31838.4,35022.240000000005,5.64
2011-10-24 10:00:00,B4104,0.657,0.0,6.09,198.99,-6.3629999999999995,31838.4,35022.240000000005,7.02
2011-10-24 11:00:00,B4104,0.657,0.0,6.76,198.99,-7.123,31838.4,35022.240000000005,7.78
2011-10-24 12:00:00,B4104,4.335,0.0,6.98,198.99,-3.7150000000000007,31838.4,35022.240000000005,8.05
2011-10-24 13:00:00,B4104,1.183,0.0,6.6,198.99,-6.4670000000000005,31838.4,35022.240000000005,7.65
2011-10-24 14:00:00,B4104,0.657,0.0,5.12,198.99,-5.343,31838.4,35022.240000000005,6.0
2011-10-24 15:00:00,B4104,0.657,0.0,2.97,198.99,-2.893,31838.4,35022.240000000005,3.55
2011-10-24 16:00:00,B4104,0.657,0.0,0.0,198.99,0.43700000000000006,31838.4,35022.240000000005,0.22
2011-10-24 17:00:00,B4104,1.183,0.0,0.0,198.99,1.183,31838.4,35022.240000000005,0.0
2011-10-24 18:00:00,B4104,4.335,0.0,0.0,198.99,4.335,31838.4,35022.240000000005,0.0
2011-10-24 19:00:00,B4104,5.386,0.0,0.0,198.99,5.386,31838.4,35022.240000000005,0.0
2011-10-24 20:00:00,B4104,1.183,0.0,0.0,198.99,1.183,31838.4,35022.240000000005,0.0
2011-10-24 21:00:00,B4104,1.183,0.0,0.0,198.99,1.183,31838.4,35022.240000000005,0.0
2011-10-24 22:00:00,B4104,1.182,0.0,0.0,198.99,1.182,31838.4,35022.240000000005,0.0
2011-10-24 23:00:00,B4104,0.657,0.0,0.0,198.99,0.657,31838.4,35022.240000000005,0.0
2011-10-25 00:00:00,B4104,3.057,2.4,0.0,198.99,3.057,31838.4,35022.240000000005,0.0
2011-10-25 01:00:00,B4104,3.057,2.4,0.0,198.99,3.057,31838.4,35022.240000000005,0.0
2011-10-25 02:00:00,B4104,3.057,2.4,0.0,198.99,3.057,31838.4,35022.240000000005,0.0
2011-10-25 03:00:00,B4104,3.057,2.4,0.0,198.99,3.057,31838.4,35022.240000000005,0.0
2011-10-25 04:00:00,B4104,3.057,2.4,0.0,198.99,3.057,31838.4,35022.240000000005,0.0
2011-10-25 05:00:00,B4104,1.183,0.0,0.0,198.99,1.183,31838.4,35022.240000000005,0.0
2011-10-25 06:00:00,B4104,4.336,0.0,0.0,198.99,4.336,31838.4,35022.240000000005,0.0
2011-10-25 07:00:00,B4104,1.183,0.0,0.0,198.99,1.183,31838.4,35022.240000000005,0.0
2011-10-25 08:00:00,B4104,0.657,0.0,1.79,198.99,-1.483,31838.4,35022.240000000005,2.14
2011-10-25 09:00:00,B4104,0.657,0.0,3.7,198.99,-3.723,31838.4,35022.240000000005,4.38
2011-10-25 10:00:00,B4104,0.657,0.0,4.89,198.99,-5.043,31838.4,35022.240000000005,5.7
2011-10-25 11:00:00,B4104,0.657,0.0,5.06,198.99,-5.213,31838.4,35022.240000000005,5.87
2011-10-25 12:00:00,B4104,4.335,0.0,5.06,198.99,-1.5750000000000002,31838.4,35022.240000000005,5.91
2011-10-25 13:00:00,B4104,1.183,0.0,4.63,198.99,-4.307,31838.4,35022.240000000005,5.49
2011-10-25 14:00:00,B4104,0.657,0.0,3.61,198.99,-3.753,31838.4,35022.240000000005,4.41
2011-10-25 15:00:00,B4104,0.657,0.0,2.32,198.99,-2.223,31838.4,35022.240000000005,2.88
2011-10-25 16:00:00,B4104,0.657,0.0,0.0,198.99,0.657,31838.4,35022.240000000005,0.0
2011-10-25 17:00:00,B4104,1.183,0.0,0.0,198.99,1.183,31838.4,35022.240000000005,0.0
2011-10-25 18:00:00,B4104,4.335,0.0,0.0,198.99,4.335,31838.4,35022.240000000005,0.0
2011-10-25 19:00:00,B4104,5.386,0.0,0.0,198.99,5.386,31838.4,35022.240000000005,0.0
2011-10-25 20:00:00,B4104,1.183,0.0,0.0,198.99,1.183,31838.4,35022.240000000005,0.0
2011-10-25 21:00:00,B4104,1.183,0.0,0.0,198.99,1.183,31838.4,35022.240000000005,0.0
2011-10-25 22:00:00,B4104,1.182,0.0,0.0,198.99,1.182,31838.4,35022.240000000005,0.0
2011-10-25 23:00:00,B4104,0.657,0.0,0.0,198.99,0.657,31838.4,35022.240000000005,0.0
2011-10-26 00:00:00,B4104,3.057,2.4,0.0,198.99,3.057,31838.4,35022.240000000005,0.0
2011-10-26 01:00:00,B4104,3.057,2.4,0.0,198.99,3.057,31838.4,35022.240000000005,0.0
2011-10-26 02:00:00,B4104,3.057,2.4,0.0,198.99,3.057,31838.4,35022.240000000005,0.0
2011-10-26 03:00:00,B4104,3.057,2.4,0.0,198.99,3.057,31838.4,35022.240000000005,0.0
2011-10-26 04:00:00,B4104,3.057,2.4,0.0,198.99,3.057,31838.4,35022.240000000005,0.0
2011-10-26 05:00:00,B4104,1.183,0.0,0.0,198.99,1.183,31838.4,35022.240000000005,0.0
2011-10-26 06:00:00,B4104,4.336,0.0,0.0,198.99,4.336,31838.4,35022.240000000005,0.0
2011-10-26 07:00:00,B4104,1.183,0.0,0.0,198.99,1.183,31838.4,35022.240000000005,0.0
2011-10-26 08:00:00,B4104,0.657,0.0,2.35,198.99,-2.013,31838.4,35022.240000000005,2.67
2011-10-26 09:00:00,B4104,0.657,0.0,3.6,198.99,-3.553,31838.4,35022.240000000005,4.21
2011-10-26 10:00:00,B4104,0.657,0.0,4.0,198.99,-4.103,31838.4,35022.240000000005,4.76
2011-10-26 11:00:00,B4104,0.657,0.0,4.87,198.99,-5.073,31838.4,35022.240000000005,5.73
2011-10-26 12:00:00,B4104,4.335,0.0,4.69,198.99,-1.1849999999999996,31838.4,35022.240000000005,5.52
2011-10-26 13:00:00,B4104,1.183,0.0,3.78,198.99,-3.357,31838.4,35022.240000000005,4.54
2011-10-26 14:00:00,B4104,0.657,0.0,3.72,198.99,-3.9130000000000003,31838.4,35022.240000000005,4.57
2011-10-26 15:00:00,B4104,0.657,0.0,2.81,198.99,-2.883,31838.4,35022.240000000005,3.54
2011-10-26 16:00:00,B4104,0.657,0.0,1.01,198.99,-0.643,31838.4,35022.240000000005,1.3
2011-10-26 17:00:00,B4104,1.183,0.0,0.0,198.99,1.183,31838.4,35022.240000000005,0.0
2011-10-26 18:00:00,B4104,4.335,0.0,0.0,198.99,4.335,31838.4,35022.240000000005,0.0
2011-10-26 19:00:00,B4104,5.386,0.0,0.0,198.99,5.386,31838.4,35022.240000000005,0.0
2011-10-26 20:00:00,B4104,1.183,0.0,0.0,198.99,1.183,31838.4,35022.240000000005,0.0
2011-10-26 21:00:00,B4104,1.183,0.0,0.0,198.99,1.183,31838.4,35022.240000000005,0.0
2011-10-26 22:00:00,B4104,1.182,0.0,0.0,198.99,1.182,31838.4,35022.240000000005,0.0
2011-10-26 23:00:00,B4104,0.657,0.0,0.0,198.99,0.657,31838.4,35022.240000000005,0.0
2011-10-27 00:00:00,B4104,3.057,2.4,0.0,198.99,3.057,31838.4,35022.240000000005,0.0
2011-10-27 01:00:00,B4104,3.057,2.4,0.0,198.99,3.057,31838.4,35022.240000000005,0.0
2011-10-27 02:00:00,B4104,3.057,2.4,0.0,198.99,3.057,31838.4,35022.240000000005,0.0
2011-10-27 03:00:00,B4104,3.057,2.4,0.0,198.99,3.057,31838.4,35022.240000000005,0.0
2011-10-27 04:00:00,B4104,3.057,2.4,0.0,198.99,3.057,31838.4,35022.240000000005,0.0
2011-10-27 05:00:00,B4104,1.183,0.0,0.0,198.99,1.183,31838.4,35022.240000000005,0.0
2011-10-27 06:00:00,B4104,4.336,0.0,0.0,198.99,4.336,31838.4,35022.240000000005,0.0
2011-10-27 07:00:00,B4104,1.183,0.0,0.0,198.99,1.183,31838.4,35022.240000000005,0.0
2011-10-27 08:00:00,B4104,0.657,0.0,2.94,198.99,-2.723,31838.4,35022.240000000005,3.38
2011-10-27 09:00:00,B4104,0.657,0.0,4.46,198.99,-4.513,31838.4,35022.240000000005,5.17
2011-10-27 10:00:00,B4104,0.657,0.0,5.79,198.99,-6.023,31838.4,35022.240000000005,6.68
2011-10-27 11:00:00,B4104,0.657,0.0,6.32,198.99,-6.603,31838.4,35022.240000000005,7.26
2011-10-27 12:00:00,B4104,4.335,0.0,6.32,198.99,-2.965,31838.4,35022.240000000005,7.3
2011-10-27 13:00:00,B4104,1.183,0.0,5.61,198.99,-5.4270000000000005,31838.4,35022.240000000005,6.61
2011-10-27 14:00:00,B4104,0.657,0.0,3.82,198.99,-4.083,31838.4,35022.240000000005,4.74
2011-10-27 15:00:00,B4104,0.657,0.0,2.13,198.99,-2.163,31838.4,35022.240000000005,2.82
2011-10-27 16:00:00,B4104,0.657,0.0,0.69,198.99,-0.2929999999999999,31838.4,35022.240000000005,0.95
2011-10-27 17:00:00,B4104,1.183,0.0,0.0,198.99,1.183,31838.4,35022.240000000005,0.0
2011-10-27 18:00:00,B4104,4.335,0.0,0.0,198.99,4.335,31838.4,35022.240000000005,0.0
2011-10-27 19:00:00,B4104,5.386,0.0,0.0,198.99,5.386,31838.4,35022.240000000005,0.0
2011-10-27 20:00:00,B4104,1.183,0.0,0.0,198.99,1.183,31838.4,35022.240000000005,0.0
2011-10-27 21:00:00,B4104,1.183,0.0,0.0,198.99,1.183,31838.4,35022.240000000005,0.0
2011-10-27 22:00:00,B4104,1.182,0.0,0.0,198.99,1.182,31838.4,35022.240000000005,0.0
2011-10-27 23:00:00,B4104,0.657,0.0,0.0,198.99,0.657,31838.4,35022.240000000005,0.0
2011-10-28 00:00:00,B4104,3.057,2.4,0.0,198.99,3.057,31838.4,35022.240000000005,0.0
2011-10-28 01:00:00,B4104,3.057,2.4,0.0,198.99,3.057,31838.4,35022.240000000005,0.0
2011-10-28 02:00:00,B4104,3.057,2.4,0.0,198.99,3.057,31838.4,35022.240000000005,0.0
2011-10-28 03:00:00,B4104,3.057,2.4,0.0,198.99,3.057,31838.4,35022.240000000005,0.0
2011-10-28 04:00:00,B4104,3.057,2.4,0.0,198.99,3.057,31838.4,35022.240000000005,0.0
2011-10-28 05:00:00,B4104,1.183,0.0,0.0,198.99,1.183,31838.4,35022.240000000005,0.0
2011-10-28 06:00:00,B4104,4.336,0.0,0.0,198.99,4.336,31838.4,35022.240000000005,0.0
2011-10-28 07:00:00,B4104,1.183,0.0,0.0,198.99,1.183,31838.4,35022.240000000005,0.0
2011-10-28 08:00:00,B4104,0.657,0.0,1.67,198.99,-1.383,31838.4,35022.240000000005,2.04
2011-10-28 09:00:00,B4104,0.657,0.0,2.61,198.99,-2.573,31838.4,35022.240000000005,3.23
2011-10-28 10:00:00,B4104,0.657,0.0,3.93,198.99,-4.083,31838.4,35022.240000000005,4.74
2011-10-28 11:00:00,B4104,0.657,0.0,5.56,198.99,-5.883,31838.4,35022.240000000005,6.54
2011-10-28 12:00:00,B4104,4.335,0.0,5.91,198.99,-2.6050000000000004,31838.4,35022.240000000005,6.94
2011-10-28 13:00:00,B4104,1.183,0.0,5.38,198.99,-5.2170000000000005,31838.4,35022.240000000005,6.4
2011-10-28 14:00:00,B4104,0.657,0.0,4.52,198.99,-4.8629999999999995,31838.4,35022.240000000005,5.52
2011-10-28 15:00:00,B4104,0.657,0.0,3.42,198.99,-3.6529999999999996,31838.4,35022.240000000005,4.31
2011-10-28 16:00:00,B4104,0.657,0.0,1.42,198.99,-1.173,31838.4,35022.240000000005,1.83
2011-10-28 17:00:00,B4104,1.183,0.0,0.0,198.99,1.183,31838.4,35022.240000000005,0.0
2011-10-28 18:00:00,B4104,4.335,0.0,0.0,198.99,4.335,31838.4,35022.240000000005,0.0
2011-10-28 19:00:00,B4104,5.386,0.0,0.0,198.99,5.386,31838.4,35022.240000000005,0.0
2011-10-28 20:00:00,B4104,1.183,0.0,0.0,198.99,1.183,31838.4,35022.240000000005,0.0
2011-10-28 21:00:00,B4104,1.183,0.0,0.0,198.99,1.183,31838.4,35022.240000000005,0.0
2011-10-28 22:00:00,B4104,1.182,0.0,0.0,198.99,1.182,31838.4,35022.240000000005,0.0
2011-10-28 23:00:00,B4104,0.657,0.0,0.0,198.99,0.657,31838.4,35022.240000000005,0.0
2011-10-29 00:00:00,B4104,0.657,0.0,0.0,198.99,0.657,31838.4,35022.240000000005,0.0
2011-10-29 01:00:00,B4104,0.657,0.0,0.0,198.99,0.657,31838.4,35022.240000000005,0.0
2011-10-29 02:00:00,B4104,0.657,0.0,0.0,198.99,0.657,31838.4,35022.240000000005,0.0
2011-10-29 03:00:00,B4104,0.657,0.0,0.0,198.99,0.657,31838.4,35022.240000000005,0.0
2011-10-29 04:00:00,B4104,0.657,0.0,0.0,198.99,0.657,31838.4,35022.240000000005,0.0
2011-10-29 05:00:00,B4104,1.182,0.0,0.0,198.99,1.182,31838.4,35022.240000000005,0.0
2011-10-29 06:00:00,B4104,4.335,0.0,0.0,198.99,4.335,31838.4,35022.240000000005,0.0
2011-10-29 07:00:00,B4104,1.183,0.0,0.0,198.99,1.183,31838.4,35022.240000000005,0.0
2011-10-29 08:00:00,B4104,3.058,2.4,1.33,198.99,1.388,31838.4,35022.240000000005,1.67
2011-10-29 09:00:00,B4104,3.058,2.4,2.45,198.99,0.008000000000000007,31838.4,35022.240000000005,3.05
2011-10-29 10:00:00,B4104,3.058,2.4,2.86,198.99,-0.512,31838.4,35022.240000000005,3.57
2011-10-29 11:00:00,B4104,3.058,2.4,2.98,198.99,-0.6520000000000001,31838.4,35022.240000000005,3.71
2011-10-29 12:00:00,B4104,6.735,2.4,3.25,198.99,2.7350000000000003,31838.4,35022.240000000005,4.0
2011-10-29 13:00:00,B4104,1.183,0.0,3.05,198.99,-2.627,31838.4,35022.240000000005,3.81
2011-10-29 14:00:00,B4104,0.657,0.0,2.65,198.99,-2.793,31838.4,35022.240000000005,3.45
2011-10-29 15:00:00,B4104,0.657,0.0,2.25,198.99,-2.393,31838.4,35022.240000000005,3.05
2011-10-29 16:00:00,B4104,0.657,0.0,0.92,198.99,-0.653,31838.4,35022.240000000005,1.31
2011-10-29 17:00:00,B4104,1.183,0.0,0.0,198.99,1.183,31838.4,35022.240000000005,0.0
2011-10-29 18:00:00,B4104,4.336,0.0,0.0,198.99,4.336,31838.4,35022.240000000005,0.0
2011-10-29 19:00:00,B4104,5.386,0.0,0.0,198.99,5.386,31838.4,35022.240000000005,0.0
2011-10-29 20:00:00,B4104,1.183,0.0,0.0,198.99,1.183,31838.4,35022.240000000005,0.0
2011-10-29 21:00:00,B4104,1.183,0.0,0.0,198.99,1.183,31838.4,35022.240000000005,0.0
2011-10-29 22:00:00,B4104,1.182,0.0,0.0,198.99,1.182,31838.4,35022.240000000005,0.0
2011-10-29 23:00:00,B4104,0.657,0.0,0.0,198.99,0.657,31838.4,35022.240000000005,0.0
2011-10-30 00:00:00,B4104,0.657,0.0,0.0,198.99,0.657,31838.4,35022.240000000005,0.0
2011-10-30 01:00:00,B4104,0.657,0.0,0.0,198.99,0.657,31838.4,35022.240000000005,0.0
2011-10-30 02:00:00,B4104,0.657,0.0,0.0,198.99,0.657,31838.4,35022.240000000005,0.0
2011-10-30 03:00:00,B4104,0.657,0.0,0.0,198.99,0.657,31838.4,35022.240000000005,0.0
2011-10-30 04:00:00,B4104,0.657,0.0,0.0,198.99,0.657,31838.4,35022.240000000005,0.0
2011-10-30 05:00:00,B4104,1.182,0.0,0.0,198.99,1.182,31838.4,35022.240000000005,0.0
2011-10-30 06:00:00,B4104,4.335,0.0,0.0,198.99,4.335,31838.4,35022.240000000005,0.0
2011-10-30 07:00:00,B4104,1.183,0.0,0.0,198.99,1.183,31838.4,35022.240000000005,0.0
2011-10-30 08:00:00,B4104,3.057,2.4,2.01,198.99,0.617,31838.4,35022.240000000005,2.44
2011-10-30 09:00:00,B4104,3.058,2.4,3.35,198.99,-1.0120000000000005,31838.4,35022.240000000005,4.07
2011-10-30 10:00:00,B4104,3.058,2.4,4.06,198.99,-1.862,31838.4,35022.240000000005,4.92
2011-10-30 11:00:00,B4104,3.058,2.4,3.89,198.99,-1.6920000000000002,31838.4,35022.240000000005,4.75
2011-10-30 12:00:00,B4104,6.735,2.4,3.59,198.99,2.325,31838.4,35022.240000000005,4.41
2011-10-30 13:00:00,B4104,1.183,0.0,3.44,198.99,-3.077,31838.4,35022.240000000005,4.26
2011-10-30 14:00:00,B4104,0.657,0.0,3.27,198.99,-3.503,31838.4,35022.240000000005,4.16
2011-10-30 15:00:00,B4104,0.657,0.0,2.74,198.99,-2.943,31838.4,35022.240000000005,3.6
2011-10-30 16:00:00,B4104,0.657,0.0,1.17,198.99,-0.923,31838.4,35022.240000000005,1.58
2011-10-30 17:00:00,B4104,1.183,0.0,0.0,198.99,1.183,31838.4,35022.240000000005,0.0
2011-10-30 18:00:00,B4104,4.335,0.0,0.0,198.99,4.335,31838.4,35022.240000000005,0.0
2011-10-30 19:00:00,B4104,5.386,0.0,0.0,198.99,5.386,31838.4,35022.240000000005,0.0
2011-10-30 20:00:00,B4104,1.183,0.0,0.0,198.99,1.183,31838.4,35022.240000000005,0.0
2011-10-30 21:00:00,B4104,1.183,0.0,0.0,198.99,1.183,31838.4,35022.240000000005,0.0
2011-10-30 22:00:00,B4104,1.183,0.0,0.0,198.99,1.183,31838.4,35022.240000000005,0.0
2011-10-30 23:00:00,B4104,0.657,0.0,0.0,198.99,0.657,31838.4,35022.240000000005,0.0
2011-10-31 00:00:00,B4104,3.057,2.4,0.0,198.99,3.057,31838.4,35022.240000000005,0.0
2011-10-31 01:00:00,B4104,3.057,2.4,0.0,198.99,3.057,31838.4,35022.240000000005,0.0
2011-10-31 02:00:00,B4104,3.057,2.4,0.0,198.99,3.057,31838.4,35022.240000000005,0.0
2011-10-31 03:00:00,B4104,3.057,2.4,0.0,198.99,3.057,31838.4,35022.240000000005,0.0
2011-10-31 04:00:00,B4104,3.057,2.4,0.0,198.99,3.057,31838.4,35022.240000000005,0.0
2011-10-31 05:00:00,B4104,1.183,0.0,0.0,198.99,1.183,31838.4,35022.240000000005,0.0
2011-10-31 06:00:00,B4104,4.336,0.0,0.0,198.99,4.336,31838.4,35022.240000000005,0.0
2011-10-31 07:00:00,B4104,1.183,0.0,0.0,198.99,1.183,31838.4,35022.240000000005,0.0
2011-10-31 08:00:00,B4104,0.657,0.0,1.58,198.99,-1.303,31838.4,35022.240000000005,1.96
2011-10-31 09:00:00,B4104,0.657,0.0,2.19,198.99,-2.143,31838.4,35022.240000000005,2.8
2011-10-31 10:00:00,B4104,0.657,0.0,2.44,198.99,-2.493,31838.4,35022.240000000005,3.15
2011-10-31 11:00:00,B4104,0.657,0.0,2.68,198.99,-2.763,31838.4,35022.240000000005,3.42
2011-10-31 12:00:00,B4104,4.335,0.0,2.85,198.99,0.7450000000000001,31838.4,35022.240000000005,3.59
2011-10-31 13:00:00,B4104,1.183,0.0,2.85,198.99,-2.447,31838.4,35022.240000000005,3.63
2011-10-31 14:00:00,B4104,0.657,0.0,2.61,198.99,-2.793,31838.4,35022.240000000005,3.45
2011-10-31 15:00:00,B4104,0.657,0.0,2.13,198.99,-2.273,31838.4,35022.240000000005,2.93
2011-10-31 16:00:00,B4104,0.657,0.0,0.89,198.99,-0.643,31838.4,35022.240000000005,1.3
2011-10-31 17:00:00,B4104,1.183,0.0,0.0,198.99,1.183,31838.4,35022.240000000005,0.0
2011-10-31 18:00:00,B4104,4.335,0.0,0.0,198.99,4.335,31838.4,35022.240000000005,0.0
2011-10-31 19:00:00,B4104,5.386,0.0,0.0,198.99,5.386,31838.4,35022.240000000005,0.0
2011-10-31 20:00:00,B4104,1.183,0.0,0.0,198.99,1.183,31838.4,35022.240000000005,0.0
2011-10-31 21:00:00,B4104,1.183,0.0,0.0,198.99,1.183,31838.4,35022.240000000005,0.0
2011-10-31 22:00:00,B4104,1.182,0.0,0.0,198.99,1.182,31838.4,35022.240000000005,0.0
2011-10-31 23:00:00,B4104,0.657,0.0,0.0,198.99,0.657,31838.4,35022.240000000005,0.0
2011-11-01 00:00:00,B4104,3.057,2.4,0.0,198.99,3.057,31838.4,35022.240000000005,0.0
2011-11-01 01:00:00,B4104,3.057,2.4,0.0,198.99,3.057,31838.4,35022.240000000005,0.0
2011-11-01 02:00:00,B4104,3.057,2.4,0.0,198.99,3.057,31838.4,35022.240000000005,0.0
2011-11-01 03:00:00,B4104,3.057,2.4,0.0,198.99,3.057,31838.4,35022.240000000005,0.0
2011-11-01 04:00:00,B4104,3.057,2.4,0.0,198.99,3.057,31838.4,35022.240000000005,0.0
2011-11-01 05:00:00,B4104,1.183,0.0,0.0,198.99,1.183,31838.4,35022.240000000005,0.0
2011-11-01 06:00:00,B4104,4.336,0.0,0.0,198.99,4.336,31838.4,35022.240000000005,0.0
2011-11-01 07:00:00,B4104,1.183,0.0,0.0,198.99,1.183,31838.4,35022.240000000005,0.0
2011-11-01 08:00:00,B4104,0.657,0.0,1.45,198.99,-1.173,31838.4,35022.240000000005,1.83
2011-11-01 09:00:00,B4104,0.657,0.0,2.94,198.99,-2.983,31838.4,35022.240000000005,3.64
2011-11-01 10:00:00,B4104,0.657,0.0,4.8,198.99,-5.073,31838.4,35022.240000000005,5.73
2011-11-01 11:00:00,B4104,0.657,0.0,6.11,198.99,-6.513,31838.4,35022.240000000005,7.17
2011-11-01 12:00:00,B4104,4.335,0.0,6.31,198.99,-2.995,31838.4,35022.240000000005,7.33
2011-11-01 13:00:00,B4104,1.183,0.0,5.3,198.99,-4.987,31838.4,35022.240000000005,6.17
2011-11-01 14:00:00,B4104,0.657,0.0,3.92,198.99,-4.003,31838.4,35022.240000000005,4.66
2011-11-01 15:00:00,B4104,0.657,0.0,2.58,198.99,-2.483,31838.4,35022.240000000005,3.14
2011-11-01 16:00:00,B4104,0.657,0.0,0.0,198.99,0.43700000000000006,31838.4,35022.240000000005,0.22
2011-11-01 17:00:00,B4104,1.183,0.0,0.0,198.99,1.183,31838.4,35022.240000000005,0.0
2011-11-01 18:00:00,B4104,4.335,0.0,0.0,198.99,4.335,31838.4,35022.240000000005,0.0
2011-11-01 19:00:00,B4104,5.386,0.0,0.0,198.99,5.386,31838.4,35022.240000000005,0.0
2011-11-01 20:00:00,B4104,1.183,0.0,0.0,198.99,1.183,31838.4,35022.240000000005,0.0
2011-11-01 21:00:00,B4104,1.183,0.0,0.0,198.99,1.183,31838.4,35022.240000000005,0.0
2011-11-01 22:00:00,B4104,1.182,0.0,0.0,198.99,1.182,31838.4,35022.240000000005,0.0
2011-11-01 23:00:00,B4104,0.657,0.0,0.0,198.99,0.657,31838.4,35022.240000000005,0.0
2011-11-02 00:00:00,B4104,3.057,2.4,0.0,198.99,3.057,31838.4,35022.240000000005,0.0
2011-11-02 01:00:00,B4104,3.057,2.4,0.0,198.99,3.057,31838.4,35022.240000000005,0.0
2011-11-02 02:00:00,B4104,3.057,2.4,0.0,198.99,3.057,31838.4,35022.240000000005,0.0
2011-11-02 03:00:00,B4104,3.057,2.4,0.0,198.99,3.057,31838.4,35022.240000000005,0.0
2011-11-02 04:00:00,B4104,3.057,2.4,0.0,198.99,3.057,31838.4,35022.240000000005,0.0
2011-11-02 05:00:00,B4104,1.183,0.0,0.0,198.99,1.183,31838.4,35022.240000000005,0.0
2011-11-02 06:00:00,B4104,4.336,0.0,0.0,198.99,4.336,31838.4,35022.240000000005,0.0
2011-11-02 07:00:00,B4104,1.183,0.0,0.0,198.99,1.183,31838.4,35022.240000000005,0.0
2011-11-02 08:00:00,B4104,0.657,0.0,0.0,198.99,0.657,31838.4,35022.240000000005,0.0
2011-11-02 09:00:00,B4104,0.657,0.0,0.0,198.99,0.657,31838.4,35022.240000000005,0.0
2011-11-02 10:00:00,B4104,0.657,0.0,0.0,198.99,0.657,31838.4,35022.240000000005,0.0
2011-11-02 11:00:00,B4104,0.657,0.0,1.98,198.99,-1.6229999999999998,31838.4,35022.240000000005,2.28
2011-11-02 12:00:00,B4104,4.335,0.0,4.35,198.99,-0.8150000000000004,31838.4,35022.240000000005,5.15
2011-11-02 13:00:00,B4104,1.183,0.0,4.94,198.99,-4.757000000000001,31838.4,35022.240000000005,5.94
2011-11-02 14:00:00,B4104,0.657,0.0,3.49,198.99,-3.723,31838.4,35022.240000000005,4.38
2011-11-02 15:00:00,B4104,0.657,0.0,2.35,198.99,-2.383,31838.4,35022.240000000005,3.04
2011-11-02 16:00:00,B4104,0.657,0.0,0.8,198.99,-0.43300000000000005,31838.4,35022.240000000005,1.09
2011-11-02 17:00:00,B4104,1.183,0.0,0.0,198.99,1.183,31838.4,35022.240000000005,0.0
2011-11-02 18:00:00,B4104,4.335,0.0,0.0,198.99,4.335,31838.4,35022.240000000005,0.0
2011-11-02 19:00:00,B4104,5.386,0.0,0.0,198.99,5.386,31838.4,35022.240000000005,0.0
2011-11-02 20:00:00,B4104,1.183,0.0,0.0,198.99,1.183,31838.4,35022.240000000005,0.0
2011-11-02 21:00:00,B4104,1.183,0.0,0.0,198.99,1.183,31838.4,35022.240000000005,0.0
2011-11-02 22:00:00,B4104,1.182,0.0,0.0,198.99,1.182,31838.4,35022.240000000005,0.0
2011-11-02 23:00:00,B4104,0.657,0.0,0.0,198.99,0.657,31838.4,35022.240000000005,0.0
2011-11-03 00:00:00,B4104,3.057,2.4,0.0,198.99,3.057,31838.4,35022.240000000005,0.0
2011-11-03 01:00:00,B4104,3.057,2.4,0.0,198.99,3.057,31838.4,35022.240000000005,0.0
2011-11-03 02:00:00,B4104,3.057,2.4,0.0,198.99,3.057,31838.4,35022.240000000005,0.0
2011-11-03 03:00:00,B4104,3.057,2.4,0.0,198.99,3.057,31838.4,35022.240000000005,0.0
2011-11-03 04:00:00,B4104,3.057,2.4,0.0,198.99,3.057,31838.4,35022.240000000005,0.0
2011-11-03 05:00:00,B4104,1.183,0.0,0.0,198.99,1.183,31838.4,35022.240000000005,0.0
2011-11-03 06:00:00,B4104,4.336,0.0,0.0,198.99,4.336,31838.4,35022.240000000005,0.0
2011-11-03 07:00:00,B4104,1.183,0.0,0.0,198.99,1.183,31838.4,35022.240000000005,0.0
2011-11-03 08:00:00,B4104,0.657,0.0,1.48,198.99,-1.173,31838.4,35022.240000000005,1.83
2011-11-03 09:00:00,B4104,0.657,0.0,2.45,198.99,-2.423,31838.4,35022.240000000005,3.08
2011-11-03 10:00:00,B4104,0.657,0.0,3.64,198.99,-3.803,31838.4,35022.240000000005,4.46
2011-11-03 11:00:00,B4104,0.657,0.0,4.1,198.99,-4.303,31838.4,35022.240000000005,4.96
2011-11-03 12:00:00,B4104,4.335,0.0,4.1,198.99,-0.6050000000000004,31838.4,35022.240000000005,4.94
2011-11-03 13:00:00,B4104,1.183,0.0,4.11,198.99,-3.817,31838.4,35022.240000000005,5.0
2011-11-03 14:00:00,B4104,0.657,0.0,3.46,198.99,-3.6129999999999995,31838.4,35022.240000000005,4.27
2011-11-03 15:00:00,B4104,0.657,0.0,2.48,198.99,-2.473,31838.4,35022.240000000005,3.13
2011-11-03 16:00:00,B4104,0.657,0.0,0.86,198.99,-0.4929999999999999,31838.4,35022.240000000005,1.15
2011-11-03 17:00:00,B4104,1.183,0.0,0.0,198.99,1.183,31838.4,35022.240000000005,0.0
2011-11-03 18:00:00,B4104,4.335,0.0,0.0,198.99,4.335,31838.4,35022.240000000005,0.0
2011-11-03 19:00:00,B4104,5.386,0.0,0.0,198.99,5.386,31838.4,35022.240000000005,0.0
2011-11-03 20:00:00,B4104,1.183,0.0,0.0,198.99,1.183,31838.4,35022.240000000005,0.0
2011-11-03 21:00:00,B4104,1.183,0.0,0.0,198.99,1.183,31838.4,35022.240000000005,0.0
2011-11-03 22:00:00,B4104,1.182,0.0,0.0,198.99,1.182,31838.4,35022.240000000005,0.0
2011-11-03 23:00:00,B4104,0.657,0.0,0.0,198.99,0.657,31838.4,35022.240000000005,0.0
2011-11-04 00:00:00,B4104,3.057,2.4,0.0,198.99,3.057,31838.4,35022.240000000005,0.0
2011-11-04 01:00:00,B4104,3.057,2.4,0.0,198.99,3.057,31838.4,35022.240000000005,0.0
2011-11-04 02:00:00,B4104,3.057,2.4,0.0,198.99,3.057,31838.4,35022.240000000005,0.0
2011-11-04 03:00:00,B4104,3.057,2.4,0.0,198.99,3.057,31838.4,35022.240000000005,0.0
2011-11-04 04:00:00,B4104,3.057,2.4,0.0,198.99,3.057,31838.4,35022.240000000005,0.0
2011-11-04 05:00:00,B4104,1.183,0.0,0.0,198.99,1.183,31838.4,35022.240000000005,0.0
2011-11-04 06:00:00,B4104,4.336,0.0,0.0,198.99,4.336,31838.4,35022.240000000005,0.0
2011-11-04 07:00:00,B4104,1.183,0.0,0.0,198.99,1.183,31838.4,35022.240000000005,0.0
2011-11-04 08:00:00,B4104,0.657,0.0,2.82,198.99,-2.563,31838.4,35022.240000000005,3.22
2011-11-04 09:00:00,B4104,0.657,0.0,4.11,198.99,-4.173,31838.4,35022.240000000005,4.83
2011-11-04 10:00:00,B4104,0.657,0.0,4.91,198.99,-5.193,31838.4,35022.240000000005,5.85
2011-11-04 11:00:00,B4104,0.657,0.0,5.18,198.99,-5.543,31838.4,35022.240000000005,6.2
2011-11-04 12:00:00,B4104,4.335,0.0,4.77,198.99,-1.4050000000000002,31838.4,35022.240000000005,5.74
2011-11-04 13:00:00,B4104,1.183,0.0,3.91,198.99,-3.607,31838.4,35022.240000000005,4.79
2011-11-04 14:00:00,B4104,0.657,0.0,3.31,198.99,-3.5229999999999997,31838.4,35022.240000000005,4.18
2011-11-04 15:00:00,B4104,0.657,0.0,2.57,198.99,-2.703,31838.4,35022.240000000005,3.36
2011-11-04 16:00:00,B4104,0.657,0.0,0.93,198.99,-0.623,31838.4,35022.240000000005,1.28
2011-11-04 17:00:00,B4104,1.183,0.0,0.0,198.99,1.183,31838.4,35022.240000000005,0.0
2011-11-04 18:00:00,B4104,4.335,0.0,0.0,198.99,4.335,31838.4,35022.240000000005,0.0
2011-11-04 19:00:00,B4104,5.386,0.0,0.0,198.99,5.386,31838.4,35022.240000000005,0.0
2011-11-04 20:00:00,B4104,1.183,0.0,0.0,198.99,1.183,31838.4,35022.240000000005,0.0
2011-11-04 21:00:00,B4104,1.183,0.0,0.0,198.99,1.183,31838.4,35022.240000000005,0.0
2011-11-04 22:00:00,B4104,1.182,0.0,0.0,198.99,1.182,31838.4,35022.240000000005,0.0
2011-11-04 23:00:00,B4104,0.657,0.0,0.0,198.99,0.657,31838.4,35022.240000000005,0.0
2011-11-05 00:00:00,B4104,0.657,0.0,0.0,198.99,0.657,31838.4,35022.240000000005,0.0
2011-11-05 01:00:00,B4104,0.657,0.0,0.0,198.99,0.657,31838.4,35022.240000000005,0.0
2011-11-05 02:00:00,B4104,0.657,0.0,0.0,198.99,0.657,31838.4,35022.240000000005,0.0
2011-11-05 03:00:00,B4104,0.657,0.0,0.0,198.99,0.657,31838.4,35022.240000000005,0.0
2011-11-05 04:00:00,B4104,0.657,0.0,0.0,198.99,0.657,31838.4,35022.240000000005,0.0
2011-11-05 05:00:00,B4104,1.182,0.0,0.0,198.99,1.182,31838.4,35022.240000000005,0.0
2011-11-05 06:00:00,B4104,4.335,0.0,0.0,198.99,4.335,31838.4,35022.240000000005,0.0
2011-11-05 07:00:00,B4104,1.183,0.0,0.0,198.99,1.183,31838.4,35022.240000000005,0.0
2011-11-05 08:00:00,B4104,3.058,2.4,1.41,198.99,1.2879999999999998,31838.4,35022.240000000005,1.77
2011-11-05 09:00:00,B4104,3.058,2.4,2.25,198.99,0.19799999999999995,31838.4,35022.240000000005,2.86
2011-11-05 10:00:00,B4104,3.058,2.4,2.76,198.99,-0.4320000000000004,31838.4,35022.240000000005,3.49
2011-11-05 11:00:00,B4104,3.058,2.4,3.1,198.99,-0.8320000000000003,31838.4,35022.240000000005,3.89
2011-11-05 12:00:00,B4104,6.735,2.4,3.1,198.99,2.845,31838.4,35022.240000000005,3.89
2011-11-05 13:00:00,B4104,1.183,0.0,3.26,198.99,-2.8970000000000002,31838.4,35022.240000000005,4.08
2011-11-05 14:00:00,B4104,0.657,0.0,3.12,198.99,-3.313,31838.4,35022.240000000005,3.97
2011-11-05 15:00:00,B4104,0.657,0.0,2.29,198.99,-2.383,31838.4,35022.240000000005,3.04
2011-11-05 16:00:00,B4104,0.657,0.0,0.86,198.99,-0.5529999999999999,31838.4,35022.240000000005,1.21
2011-11-05 17:00:00,B4104,1.183,0.0,0.0,198.99,1.183,31838.4,35022.240000000005,0.0
2011-11-05 18:00:00,B4104,4.336,0.0,0.0,198.99,4.336,31838.4,35022.240000000005,0.0
2011-11-05 19:00:00,B4104,5.386,0.0,0.0,198.99,5.386,31838.4,35022.240000000005,0.0
2011-11-05 20:00:00,B4104,1.183,0.0,0.0,198.99,1.183,31838.4,35022.240000000005,0.0
2011-11-05 21:00:00,B4104,1.183,0.0,0.0,198.99,1.183,31838.4,35022.240000000005,0.0
2011-11-05 22:00:00,B4104,1.182,0.0,0.0,198.99,1.182,31838.4,35022.240000000005,0.0
2011-11-05 23:00:00,B4104,0.657,0.0,0.0,198.99,0.657,31838.4,35022.240000000005,0.0
2011-11-06 00:00:00,B4104,0.657,0.0,0.0,198.99,0.657,31838.4,35022.240000000005,0.0
2011-11-06 01:00:00,B4104,0.657,0.0,0.0,198.99,0.657,31838.4,35022.240000000005,0.0
2011-11-06 02:00:00,B4104,0.657,0.0,0.0,198.99,0.657,31838.4,35022.240000000005,0.0
2011-11-06 03:00:00,B4104,0.657,0.0,0.0,198.99,0.657,31838.4,35022.240000000005,0.0
2011-11-06 04:00:00,B4104,0.657,0.0,0.0,198.99,0.657,31838.4,35022.240000000005,0.0
2011-11-06 05:00:00,B4104,1.182,0.0,0.0,198.99,1.182,31838.4,35022.240000000005,0.0
2011-11-06 06:00:00,B4104,4.335,0.0,0.0,198.99,4.335,31838.4,35022.240000000005,0.0
2011-11-06 07:00:00,B4104,1.183,0.0,0.0,198.99,1.183,31838.4,35022.240000000005,0.0
2011-11-06 08:00:00,B4104,3.057,2.4,1.17,198.99,1.527,31838.4,35022.240000000005,1.53
2011-11-06 09:00:00,B4104,3.058,2.4,2.01,198.99,0.44799999999999995,31838.4,35022.240000000005,2.61
2011-11-06 10:00:00,B4104,3.058,2.4,2.77,198.99,-0.492,31838.4,35022.240000000005,3.55
2011-11-06 11:00:00,B4104,3.058,2.4,2.96,198.99,-0.742,31838.4,35022.240000000005,3.8
2011-11-06 12:00:00,B4104,6.735,2.4,2.78,198.99,3.1550000000000002,31838.4,35022.240000000005,3.58
2011-11-06 13:00:00,B4104,1.183,0.0,2.66,198.99,-2.287,31838.4,35022.240000000005,3.47
2011-11-06 14:00:00,B4104,0.657,0.0,2.54,198.99,-2.763,31838.4,35022.240000000005,3.42
2011-11-06 15:00:00,B4104,0.657,0.0,2.15,198.99,-2.343,31838.4,35022.240000000005,3.0
2011-11-06 16:00:00,B4104,0.657,0.0,0.82,198.99,-0.573,31838.4,35022.240000000005,1.23
2011-11-06 17:00:00,B4104,1.183,0.0,0.0,198.99,1.183,31838.4,35022.240000000005,0.0
2011-11-06 18:00:00,B4104,4.335,0.0,0.0,198.99,4.335,31838.4,35022.240000000005,0.0
2011-11-06 19:00:00,B4104,5.386,0.0,0.0,198.99,5.386,31838.4,35022.240000000005,0.0
2011-11-06 20:00:00,B4104,1.183,0.0,0.0,198.99,1.183,31838.4,35022.240000000005,0.0
2011-11-06 21:00:00,B4104,1.183,0.0,0.0,198.99,1.183,31838.4,35022.240000000005,0.0
2011-11-06 22:00:00,B4104,1.183,0.0,0.0,198.99,1.183,31838.4,35022.240000000005,0.0
2011-11-06 23:00:00,B4104,0.657,0.0,0.0,198.99,0.657,31838.4,35022.240000000005,0.0
2011-11-07 00:00:00,B4104,3.057,2.4,0.0,198.99,3.057,31838.4,35022.240000000005,0.0
2011-11-07 01:00:00,B4104,3.057,2.4,0.0,198.99,3.057,31838.4,35022.240000000005,0.0
2011-11-07 02:00:00,B4104,3.057,2.4,0.0,198.99,3.057,31838.4,35022.240000000005,0.0
2011-11-07 03:00:00,B4104,3.057,2.4,0.0,198.99,3.057,31838.4,35022.240000000005,0.0
2011-11-07 04:00:00,B4104,3.057,2.4,0.0,198.99,3.057,31838.4,35022.240000000005,0.0
2011-11-07 05:00:00,B4104,1.183,0.0,0.0,198.99,1.183,31838.4,35022.240000000005,0.0
2011-11-07 06:00:00,B4104,4.336,0.0,0.0,198.99,4.336,31838.4,35022.240000000005,0.0
2011-11-07 07:00:00,B4104,1.183,0.0,0.0,198.99,1.183,31838.4,35022.240000000005,0.0
2011-11-07 08:00:00,B4104,0.657,0.0,1.05,198.99,-0.7529999999999999,31838.4,35022.240000000005,1.41
2011-11-07 09:00:00,B4104,0.657,0.0,1.67,198.99,-1.6029999999999998,31838.4,35022.240000000005,2.26
2011-11-07 10:00:00,B4104,0.657,0.0,2.21,198.99,-2.283,31838.4,35022.240000000005,2.94
2011-11-07 11:00:00,B4104,0.657,0.0,2.55,198.99,-2.683,31838.4,35022.240000000005,3.34
2011-11-07 12:00:00,B4104,4.335,0.0,2.86,198.99,0.6549999999999998,31838.4,35022.240000000005,3.68
2011-11-07 13:00:00,B4104,1.183,0.0,3.16,198.99,-2.857,31838.4,35022.240000000005,4.04
2011-11-07 14:00:00,B4104,0.657,0.0,2.91,198.99,-3.163,31838.4,35022.240000000005,3.82
2011-11-07 15:00:00,B4104,0.657,0.0,2.27,198.99,-2.453,31838.4,35022.240000000005,3.11
2011-11-07 16:00:00,B4104,0.657,0.0,0.9,198.99,-0.663,31838.4,35022.240000000005,1.32
2011-11-07 17:00:00,B4104,1.183,0.0,0.0,198.99,1.183,31838.4,35022.240000000005,0.0
2011-11-07 18:00:00,B4104,4.335,0.0,0.0,198.99,4.335,31838.4,35022.240000000005,0.0
2011-11-07 19:00:00,B4104,5.386,0.0,0.0,198.99,5.386,31838.4,35022.240000000005,0.0
2011-11-07 20:00:00,B4104,1.183,0.0,0.0,198.99,1.183,31838.4,35022.240000000005,0.0
2011-11-07 21:00:00,B4104,1.183,0.0,0.0,198.99,1.183,31838.4,35022.240000000005,0.0
2011-11-07 22:00:00,B4104,1.182,0.0,0.0,198.99,1.182,31838.4,35022.240000000005,0.0
2011-11-07 23:00:00,B4104,0.657,0.0,0.0,198.99,0.657,31838.4,35022.240000000005,0.0
2011-11-08 00:00:00,B4104,3.057,2.4,0.0,198.99,3.057,31838.4,35022.240000000005,0.0
2011-11-08 01:00:00,B4104,3.057,2.4,0.0,198.99,3.057,31838.4,35022.240000000005,0.0
2011-11-08 02:00:00,B4104,3.057,2.4,0.0,198.99,3.057,31838.4,35022.240000000005,0.0
2011-11-08 03:00:00,B4104,3.057,2.4,0.0,198.99,3.057,31838.4,35022.240000000005,0.0
2011-11-08 04:00:00,B4104,3.057,2.4,0.0,198.99,3.057,31838.4,35022.240000000005,0.0
2011-11-08 05:00:00,B4104,1.183,0.0,0.0,198.99,1.183,31838.4,35022.240000000005,0.0
2011-11-08 06:00:00,B4104,4.336,0.0,0.0,198.99,4.336,31838.4,35022.240000000005,0.0
2011-11-08 07:00:00,B4104,1.183,0.0,0.0,198.99,1.183,31838.4,35022.240000000005,0.0
2011-11-08 08:00:00,B4104,0.657,0.0,1.84,198.99,-1.443,31838.4,35022.240000000005,2.1
2011-11-08 09:00:00,B4104,0.662,0.0,3.22,198.99,-2.918,31838.4,35022.240000000005,3.58
2011-11-08 10:00:00,B4104,0.662,0.0,4.01,198.99,-3.7880000000000003,31838.4,35022.240000000005,4.45
2011-11-08 11:00:00,B4104,0.662,0.0,3.34,198.99,-3.248,31838.4,35022.240000000005,3.91
2011-11-08 12:00:00,B4104,4.335,0.0,2.85,198.99,0.9849999999999999,31838.4,35022.240000000005,3.35
2011-11-08 13:00:00,B4104,1.183,0.0,3.17,198.99,-2.577,31838.4,35022.240000000005,3.76
2011-11-08 14:00:00,B4104,0.657,0.0,2.56,198.99,-2.403,31838.4,35022.240000000005,3.06
2011-11-08 15:00:00,B4104,0.657,0.0,1.34,198.99,-0.9729999999999999,31838.4,35022.240000000005,1.63
2011-11-08 16:00:00,B4104,0.657,0.0,0.0,198.99,0.657,31838.4,35022.240000000005,0.0
2011-11-08 17:00:00,B4104,1.183,0.0,0.0,198.99,1.183,31838.4,35022.240000000005,0.0
2011-11-08 18:00:00,B4104,4.335,0.0,0.0,198.99,4.335,31838.4,35022.240000000005,0.0
2011-11-08 19:00:00,B4104,5.386,0.0,0.0,198.99,5.386,31838.4,35022.240000000005,0.0
2011-11-08 20:00:00,B4104,1.183,0.0,0.0,198.99,1.183,31838.4,35022.240000000005,0.0
2011-11-08 21:00:00,B4104,1.183,0.0,0.0,198.99,1.183,31838.4,35022.240000000005,0.0
2011-11-08 22:00:00,B4104,1.182,0.0,0.0,198.99,1.182,31838.4,35022.240000000005,0.0
2011-11-08 23:00:00,B4104,0.657,0.0,0.0,198.99,0.657,31838.4,35022.240000000005,0.0
2011-11-09 00:00:00,B4104,3.057,2.4,0.0,198.99,3.057,31838.4,35022.240000000005,0.0
2011-11-09 01:00:00,B4104,3.057,2.4,0.0,198.99,3.057,31838.4,35022.240000000005,0.0
2011-11-09 02:00:00,B4104,3.057,2.4,0.0,198.99,3.057,31838.4,35022.240000000005,0.0
2011-11-09 03:00:00,B4104,3.057,2.4,0.0,198.99,3.057,31838.4,35022.240000000005,0.0
2011-11-09 04:00:00,B4104,3.057,2.4,0.0,198.99,3.057,31838.4,35022.240000000005,0.0
2011-11-09 05:00:00,B4104,1.183,0.0,0.0,198.99,1.183,31838.4,35022.240000000005,0.0
2011-11-09 06:00:00,B4104,4.336,0.0,0.0,198.99,4.336,31838.4,35022.240000000005,0.0
2011-11-09 07:00:00,B4104,1.183,0.0,0.0,198.99,1.183,31838.4,35022.240000000005,0.0
2011-11-09 08:00:00,B4104,0.657,0.0,0.0,198.99,0.527,31838.4,35022.240000000005,0.13
2011-11-09 09:00:00,B4104,0.657,0.0,1.99,198.99,-1.6229999999999998,31838.4,35022.240000000005,2.28
2011-11-09 10:00:00,B4104,0.657,0.0,2.58,198.99,-2.303,31838.4,35022.240000000005,2.96
2011-11-09 11:00:00,B4104,0.657,0.0,2.68,198.99,-2.473,31838.4,35022.240000000005,3.13
2011-11-09 12:00:00,B4104,4.335,0.0,2.98,198.99,0.815,31838.4,35022.240000000005,3.52
2011-11-09 13:00:00,B4104,1.183,0.0,2.55,198.99,-1.837,31838.4,35022.240000000005,3.02
2011-11-09 14:00:00,B4104,0.657,0.0,1.89,198.99,-1.6429999999999998,31838.4,35022.240000000005,2.3
2011-11-09 15:00:00,B4104,0.657,0.0,1.74,198.99,-1.5630000000000002,31838.4,35022.240000000005,2.22
2011-11-09 16:00:00,B4104,0.662,0.0,0.0,198.99,0.41200000000000003,31838.4,35022.240000000005,0.25
2011-11-09 17:00:00,B4104,1.183,0.0,0.0,198.99,1.183,31838.4,35022.240000000005,0.0
2011-11-09 18:00:00,B4104,4.335,0.0,0.0,198.99,4.335,31838.4,35022.240000000005,0.0
2011-11-09 19:00:00,B4104,5.386,0.0,0.0,198.99,5.386,31838.4,35022.240000000005,0.0
2011-11-09 20:00:00,B4104,1.183,0.0,0.0,198.99,1.183,31838.4,35022.240000000005,0.0
2011-11-09 21:00:00,B4104,1.183,0.0,0.0,198.99,1.183,31838.4,35022.240000000005,0.0
2011-11-09 22:00:00,B4104,1.182,0.0,0.0,198.99,1.182,31838.4,35022.240000000005,0.0
2011-11-09 23:00:00,B4104,0.657,0.0,0.0,198.99,0.657,31838.4,35022.240000000005,0.0
2011-11-10 00:00:00,B4104,3.057,2.4,0.0,198.99,3.057,31838.4,35022.240000000005,0.0
2011-11-10 01:00:00,B4104,3.057,2.4,0.0,198.99,3.057,31838.4,35022.240000000005,0.0
2011-11-10 02:00:00,B4104,3.057,2.4,0.0,198.99,3.057,31838.4,35022.240000000005,0.0
2011-11-10 03:00:00,B4104,3.057,2.4,0.0,198.99,3.057,31838.4,35022.240000000005,0.0
2011-11-10 04:00:00,B4104,3.057,2.4,0.0,198.99,3.057,31838.4,35022.240000000005,0.0
2011-11-10 05:00:00,B4104,1.183,0.0,0.0,198.99,1.183,31838.4,35022.240000000005,0.0
2011-11-10 06:00:00,B4104,4.336,0.0,0.0,198.99,4.336,31838.4,35022.240000000005,0.0
2011-11-10 07:00:00,B4104,1.188,0.0,0.0,198.99,1.188,31838.4,35022.240000000005,0.0
2011-11-10 08:00:00,B4104,0.662,0.0,2.19,198.99,-1.948,31838.4,35022.240000000005,2.61
2011-11-10 09:00:00,B4104,0.662,0.0,3.6,198.99,-3.6980000000000004,31838.4,35022.240000000005,4.36
2011-11-10 10:00:00,B4104,0.662,0.0,4.07,198.99,-4.3180000000000005,31838.4,35022.240000000005,4.98
2011-11-10 11:00:00,B4104,0.662,0.0,4.09,198.99,-4.388,31838.4,35022.240000000005,5.05
2011-11-10 12:00:00,B4104,4.335,0.0,3.74,198.99,-0.33499999999999996,31838.4,35022.240000000005,4.67
2011-11-10 13:00:00,B4104,1.183,0.0,3.12,198.99,-2.817,31838.4,35022.240000000005,4.0
2011-11-10 14:00:00,B4104,0.657,0.0,2.83,198.99,-3.073,31838.4,35022.240000000005,3.73
2011-11-10 15:00:00,B4104,0.662,0.0,2.26,198.99,-2.438,31838.4,35022.240000000005,3.1
2011-11-10 16:00:00,B4104,0.662,0.0,0.75,198.99,-0.4580000000000001,31838.4,35022.240000000005,1.12
2011-11-10 17:00:00,B4104,1.187,0.0,0.0,198.99,1.187,31838.4,35022.240000000005,0.0
2011-11-10 18:00:00,B4104,4.335,0.0,0.0,198.99,4.335,31838.4,35022.240000000005,0.0
2011-11-10 19:00:00,B4104,5.386,0.0,0.0,198.99,5.386,31838.4,35022.240000000005,0.0
2011-11-10 20:00:00,B4104,1.183,0.0,0.0,198.99,1.183,31838.4,35022.240000000005,0.0
2011-11-10 21:00:00,B4104,1.183,0.0,0.0,198.99,1.183,31838.4,35022.240000000005,0.0
2011-11-10 22:00:00,B4104,1.182,0.0,0.0,198.99,1.182,31838.4,35022.240000000005,0.0
2011-11-10 23:00:00,B4104,0.657,0.0,0.0,198.99,0.657,31838.4,35022.240000000005,0.0
2011-11-11 00:00:00,B4104,3.057,2.4,0.0,198.99,3.057,31838.4,35022.240000000005,0.0
2011-11-11 01:00:00,B4104,3.057,2.4,0.0,198.99,3.057,31838.4,35022.240000000005,0.0
2011-11-11 02:00:00,B4104,3.057,2.4,0.0,198.99,3.057,31838.4,35022.240000000005,0.0
2011-11-11 03:00:00,B4104,3.057,2.4,0.0,198.99,3.057,31838.4,35022.240000000005,0.0
2011-11-11 04:00:00,B4104,3.057,2.4,0.0,198.99,3.057,31838.4,35022.240000000005,0.0
2011-11-11 05:00:00,B4104,1.183,0.0,0.0,198.99,1.183,31838.4,35022.240000000005,0.0
2011-11-11 06:00:00,B4104,4.336,0.0,0.0,198.99,4.336,31838.4,35022.240000000005,0.0
2011-11-11 07:00:00,B4104,1.183,0.0,0.0,198.99,1.183,31838.4,35022.240000000005,0.0
2011-11-11 08:00:00,B4104,0.662,0.0,0.72,198.99,-0.20799999999999996,31838.4,35022.240000000005,0.87
2011-11-11 09:00:00,B4104,0.657,0.0,1.7,198.99,-1.383,31838.4,35022.240000000005,2.04
2011-11-11 10:00:00,B4104,0.662,0.0,2.39,198.99,-2.178,31838.4,35022.240000000005,2.84
2011-11-11 11:00:00,B4104,0.662,0.0,2.57,198.99,-2.398,31838.4,35022.240000000005,3.06
2011-11-11 12:00:00,B4104,4.335,0.0,3.23,198.99,0.46499999999999986,31838.4,35022.240000000005,3.87
2011-11-11 13:00:00,B4104,1.183,0.0,3.46,198.99,-2.987,31838.4,35022.240000000005,4.17
2011-11-11 14:00:00,B4104,0.657,0.0,2.87,198.99,-2.903,31838.4,35022.240000000005,3.56
2011-11-11 15:00:00,B4104,0.657,0.0,1.89,198.99,-1.763,31838.4,35022.240000000005,2.42
2011-11-11 16:00:00,B4104,0.657,0.0,0.0,198.99,0.47700000000000004,31838.4,35022.240000000005,0.18
2011-11-11 17:00:00,B4104,1.183,0.0,0.0,198.99,1.183,31838.4,35022.240000000005,0.0
2011-11-11 18:00:00,B4104,4.335,0.0,0.0,198.99,4.335,31838.4,35022.240000000005,0.0
2011-11-11 19:00:00,B4104,5.386,0.0,0.0,198.99,5.386,31838.4,35022.240000000005,0.0
2011-11-11 20:00:00,B4104,1.183,0.0,0.0,198.99,1.183,31838.4,35022.240000000005,0.0
2011-11-11 21:00:00,B4104,1.183,0.0,0.0,198.99,1.183,31838.4,35022.240000000005,0.0
2011-11-11 22:00:00,B4104,1.182,0.0,0.0,198.99,1.182,31838.4,35022.240000000005,0.0
2011-11-11 23:00:00,B4104,0.657,0.0,0.0,198.99,0.657,31838.4,35022.240000000005,0.0
2011-11-12 00:00:00,B4104,0.657,0.0,0.0,198.99,0.657,31838.4,35022.240000000005,0.0
2011-11-12 01:00:00,B4104,0.657,0.0,0.0,198.99,0.657,31838.4,35022.240000000005,0.0
2011-11-12 02:00:00,B4104,0.657,0.0,0.0,198.99,0.657,31838.4,35022.240000000005,0.0
2011-11-12 03:00:00,B4104,0.657,0.0,0.0,198.99,0.657,31838.4,35022.240000000005,0.0
2011-11-12 04:00:00,B4104,0.657,0.0,0.0,198.99,0.657,31838.4,35022.240000000005,0.0
2011-11-12 05:00:00,B4104,1.182,0.0,0.0,198.99,1.182,31838.4,35022.240000000005,0.0
2011-11-12 06:00:00,B4104,4.335,0.0,0.0,198.99,4.335,31838.4,35022.240000000005,0.0
2011-11-12 07:00:00,B4104,1.183,0.0,0.0,198.99,1.183,31838.4,35022.240000000005,0.0
2011-11-12 08:00:00,B4104,3.058,2.4,2.31,198.99,0.4079999999999999,31838.4,35022.240000000005,2.65
2011-11-12 09:00:00,B4104,3.058,2.4,3.18,198.99,-0.722,31838.4,35022.240000000005,3.78
2011-11-12 10:00:00,B4104,3.058,2.4,3.52,198.99,-1.1920000000000002,31838.4,35022.240000000005,4.25
2011-11-12 11:00:00,B4104,3.058,2.4,4.51,198.99,-2.3120000000000003,31838.4,35022.240000000005,5.37
2011-11-12 12:00:00,B4104,6.735,2.4,4.28,198.99,1.5250000000000004,31838.4,35022.240000000005,5.21
2011-11-12 13:00:00,B4104,1.183,0.0,2.91,198.99,-2.577,31838.4,35022.240000000005,3.76
2011-11-12 14:00:00,B4104,0.657,0.0,2.25,198.99,-2.433,31838.4,35022.240000000005,3.09
2011-11-12 15:00:00,B4104,0.657,0.0,1.91,198.99,-2.033,31838.4,35022.240000000005,2.69
2011-11-12 16:00:00,B4104,0.657,0.0,0.74,198.99,-0.44300000000000006,31838.4,35022.240000000005,1.1
2011-11-12 17:00:00,B4104,1.183,0.0,0.0,198.99,1.183,31838.4,35022.240000000005,0.0
2011-11-12 18:00:00,B4104,4.336,0.0,0.0,198.99,4.336,31838.4,35022.240000000005,0.0
2011-11-12 19:00:00,B4104,5.386,0.0,0.0,198.99,5.386,31838.4,35022.240000000005,0.0
2011-11-12 20:00:00,B4104,1.183,0.0,0.0,198.99,1.183,31838.4,35022.240000000005,0.0
2011-11-12 21:00:00,B4104,1.183,0.0,0.0,198.99,1.183,31838.4,35022.240000000005,0.0
2011-11-12 22:00:00,B4104,1.182,0.0,0.0,198.99,1.182,31838.4,35022.240000000005,0.0
2011-11-12 23:00:00,B4104,0.657,0.0,0.0,198.99,0.657,31838.4,35022.240000000005,0.0
2011-11-13 00:00:00,B4104,0.657,0.0,0.0,198.99,0.657,31838.4,35022.240000000005,0.0
2011-11-13 01:00:00,B4104,0.657,0.0,0.0,198.99,0.657,31838.4,35022.240000000005,0.0
2011-11-13 02:00:00,B4104,0.657,0.0,0.0,198.99,0.657,31838.4,35022.240000000005,0.0
2011-11-13 03:00:00,B4104,0.657,0.0,0.0,198.99,0.657,31838.4,35022.240000000005,0.0
2011-11-13 04:00:00,B4104,0.657,0.0,0.0,198.99,0.657,31838.4,35022.240000000005,0.0
2011-11-13 05:00:00,B4104,1.182,0.0,0.0,198.99,1.182,31838.4,35022.240000000005,0.0
2011-11-13 06:00:00,B4104,4.335,0.0,0.0,198.99,4.335,31838.4,35022.240000000005,0.0
2011-11-13 07:00:00,B4104,1.183,0.0,0.0,198.99,1.183,31838.4,35022.240000000005,0.0
2011-11-13 08:00:00,B4104,3.057,2.4,1.31,198.99,1.387,31838.4,35022.240000000005,1.67
2011-11-13 09:00:00,B4104,3.058,2.4,2.42,198.99,-0.02200000000000024,31838.4,35022.240000000005,3.08
2011-11-13 10:00:00,B4104,3.058,2.4,3.86,198.99,-1.702,31838.4,35022.240000000005,4.76
2011-11-13 11:00:00,B4104,3.058,2.4,4.69,198.99,-2.6420000000000003,31838.4,35022.240000000005,5.7
2011-11-13 12:00:00,B4104,6.735,2.4,5.31,198.99,0.375,31838.4,35022.240000000005,6.36
2011-11-13 13:00:00,B4104,1.183,0.0,5.46,198.99,-5.257000000000001,31838.4,35022.240000000005,6.44
2011-11-13 14:00:00,B4104,0.657,0.0,4.4,198.99,-4.583,31838.4,35022.240000000005,5.24
2011-11-13 15:00:00,B4104,0.657,0.0,2.29,198.99,-2.133,31838.4,35022.240000000005,2.79
2011-11-13 16:00:00,B4104,0.657,0.0,0.0,198.99,0.657,31838.4,35022.240000000005,0.0
2011-11-13 17:00:00,B4104,1.183,0.0,0.0,198.99,1.183,31838.4,35022.240000000005,0.0
2011-11-13 18:00:00,B4104,4.335,0.0,0.0,198.99,4.335,31838.4,35022.240000000005,0.0
2011-11-13 19:00:00,B4104,5.386,0.0,0.0,198.99,5.386,31838.4,35022.240000000005,0.0
2011-11-13 20:00:00,B4104,1.183,0.0,0.0,198.99,1.183,31838.4,35022.240000000005,0.0
2011-11-13 21:00:00,B4104,1.183,0.0,0.0,198.99,1.183,31838.4,35022.240000000005,0.0
2011-11-13 22:00:00,B4104,1.183,0.0,0.0,198.99,1.183,31838.4,35022.240000000005,0.0
2011-11-13 23:00:00,B4104,0.657,0.0,0.0,198.99,0.657,31838.4,35022.240000000005,0.0
2011-11-14 00:00:00,B4104,3.057,2.4,0.0,198.99,3.057,31838.4,35022.240000000005,0.0
2011-11-14 01:00:00,B4104,3.057,2.4,0.0,198.99,3.057,31838.4,35022.240000000005,0.0
2011-11-14 02:00:00,B4104,3.057,2.4,0.0,198.99,3.057,31838.4,35022.240000000005,0.0
2011-11-14 03:00:00,B4104,3.057,2.4,0.0,198.99,3.057,31838.4,35022.240000000005,0.0
2011-11-14 04:00:00,B4104,3.057,2.4,0.0,198.99,3.057,31838.4,35022.240000000005,0.0
2011-11-14 05:00:00,B4104,1.183,0.0,0.0,198.99,1.183,31838.4,35022.240000000005,0.0
2011-11-14 06:00:00,B4104,4.336,0.0,0.0,198.99,4.336,31838.4,35022.240000000005,0.0
2011-11-14 07:00:00,B4104,1.183,0.0,0.0,198.99,1.183,31838.4,35022.240000000005,0.0
2011-11-14 08:00:00,B4104,0.657,0.0,1.26,198.99,-0.923,31838.4,35022.240000000005,1.58
2011-11-14 09:00:00,B4104,0.657,0.0,2.34,198.99,-2.333,31838.4,35022.240000000005,2.99
2011-11-14 10:00:00,B4104,0.657,0.0,2.68,198.99,-2.803,31838.4,35022.240000000005,3.46
2011-11-14 11:00:00,B4104,0.657,0.0,2.82,198.99,-2.963,31838.4,35022.240000000005,3.62
2011-11-14 12:00:00,B4104,4.335,0.0,3.26,198.99,0.2450000000000001,31838.4,35022.240000000005,4.09
2011-11-14 13:00:00,B4104,1.183,0.0,3.55,198.99,-3.2270000000000003,31838.4,35022.240000000005,4.41
2011-11-14 14:00:00,B4104,0.657,0.0,3.26,198.99,-3.513,31838.4,35022.240000000005,4.17
2011-11-14 15:00:00,B4104,0.657,0.0,2.05,198.99,-2.153,31838.4,35022.240000000005,2.81
2011-11-14 16:00:00,B4104,0.657,0.0,0.0,198.99,0.34700000000000003,31838.4,35022.240000000005,0.31
2011-11-14 17:00:00,B4104,1.183,0.0,0.0,198.99,1.183,31838.4,35022.240000000005,0.0
2011-11-14 18:00:00,B4104,4.335,0.0,0.0,198.99,4.335,31838.4,35022.240000000005,0.0
2011-11-14 19:00:00,B4104,5.386,0.0,0.0,198.99,5.386,31838.4,35022.240000000005,0.0
2011-11-14 20:00:00,B4104,1.183,0.0,0.0,198.99,1.183,31838.4,35022.240000000005,0.0
2011-11-14 21:00:00,B4104,1.183,0.0,0.0,198.99,1.183,31838.4,35022.240000000005,0.0
2011-11-14 22:00:00,B4104,1.182,0.0,0.0,198.99,1.182,31838.4,35022.240000000005,0.0
2011-11-14 23:00:00,B4104,0.657,0.0,0.0,198.99,0.657,31838.4,35022.240000000005,0.0
2011-11-15 00:00:00,B4104,3.057,2.4,0.0,198.99,3.057,31838.4,35022.240000000005,0.0
2011-11-15 01:00:00,B4104,3.057,2.4,0.0,198.99,3.057,31838.4,35022.240000000005,0.0
2011-11-15 02:00:00,B4104,3.057,2.4,0.0,198.99,3.057,31838.4,35022.240000000005,0.0
2011-11-15 03:00:00,B4104,3.057,2.4,0.0,198.99,3.057,31838.4,35022.240000000005,0.0
2011-11-15 04:00:00,B4104,3.057,2.4,0.0,198.99,3.057,31838.4,35022.240000000005,0.0
2011-11-15 05:00:00,B4104,1.183,0.0,0.0,198.99,1.183,31838.4,35022.240000000005,0.0
2011-11-15 06:00:00,B4104,4.336,0.0,0.0,198.99,4.336,31838.4,35022.240000000005,0.0
2011-11-15 07:00:00,B4104,1.183,0.0,0.0,198.99,1.183,31838.4,35022.240000000005,0.0
2011-11-15 08:00:00,B4104,0.662,0.0,1.11,198.99,-0.7879999999999999,31838.4,35022.240000000005,1.45
2011-11-15 09:00:00,B4104,0.657,0.0,2.2,198.99,-2.153,31838.4,35022.240000000005,2.81
2011-11-15 10:00:00,B4104,0.657,0.0,3.3,198.99,-3.433,31838.4,35022.240000000005,4.09
2011-11-15 11:00:00,B4104,0.657,0.0,3.78,198.99,-3.9930000000000003,31838.4,35022.240000000005,4.65
2011-11-15 12:00:00,B4104,4.335,0.0,4.12,198.99,-0.7050000000000001,31838.4,35022.240000000005,5.04
2011-11-15 13:00:00,B4104,1.183,0.0,3.79,198.99,-3.5170000000000003,31838.4,35022.240000000005,4.7
2011-11-15 14:00:00,B4104,0.657,0.0,2.64,198.99,-2.823,31838.4,35022.240000000005,3.48
2011-11-15 15:00:00,B4104,0.657,0.0,1.95,198.99,-2.053,31838.4,35022.240000000005,2.71
2011-11-15 16:00:00,B4104,0.662,0.0,0.62,198.99,-0.2879999999999999,31838.4,35022.240000000005,0.95
2011-11-15 17:00:00,B4104,1.187,0.0,0.0,198.99,1.187,31838.4,35022.240000000005,0.0
2011-11-15 18:00:00,B4104,4.335,0.0,0.0,198.99,4.335,31838.4,35022.240000000005,0.0
2011-11-15 19:00:00,B4104,5.386,0.0,0.0,198.99,5.386,31838.4,35022.240000000005,0.0
2011-11-15 20:00:00,B4104,1.187,0.0,0.0,198.99,1.187,31838.4,35022.240000000005,0.0
2011-11-15 21:00:00,B4104,1.183,0.0,0.0,198.99,1.183,31838.4,35022.240000000005,0.0
2011-11-15 22:00:00,B4104,1.182,0.0,0.0,198.99,1.182,31838.4,35022.240000000005,0.0
2011-11-15 23:00:00,B4104,0.657,0.0,0.0,198.99,0.657,31838.4,35022.240000000005,0.0
2011-11-16 00:00:00,B4104,3.057,2.4,0.0,198.99,3.057,31838.4,35022.240000000005,0.0
2011-11-16 01:00:00,B4104,3.057,2.4,0.0,198.99,3.057,31838.4,35022.240000000005,0.0
2011-11-16 02:00:00,B4104,3.057,2.4,0.0,198.99,3.057,31838.4,35022.240000000005,0.0
2011-11-16 03:00:00,B4104,3.057,2.4,0.0,198.99,3.057,31838.4,35022.240000000005,0.0
2011-11-16 04:00:00,B4104,3.057,2.4,0.0,198.99,3.057,31838.4,35022.240000000005,0.0
2011-11-16 05:00:00,B4104,1.183,0.0,0.0,198.99,1.183,31838.4,35022.240000000005,0.0
2011-11-16 06:00:00,B4104,4.336,0.0,0.0,198.99,4.336,31838.4,35022.240000000005,0.0
2011-11-16 07:00:00,B4104,1.188,0.0,0.0,198.99,1.188,31838.4,35022.240000000005,0.0
2011-11-16 08:00:00,B4104,0.662,0.0,1.27,198.99,-0.9380000000000001,31838.4,35022.240000000005,1.6
2011-11-16 09:00:00,B4104,0.662,0.0,2.29,198.99,-2.258,31838.4,35022.240000000005,2.92
2011-11-16 10:00:00,B4104,0.662,0.0,3.08,198.99,-3.228,31838.4,35022.240000000005,3.89
2011-11-16 11:00:00,B4104,0.662,0.0,4.32,198.99,-4.618,31838.4,35022.240000000005,5.28
2011-11-16 12:00:00,B4104,4.335,0.0,4.62,198.99,-1.255,31838.4,35022.240000000005,5.59
2011-11-16 13:00:00,B4104,1.183,0.0,3.93,198.99,-3.607,31838.4,35022.240000000005,4.79
2011-11-16 14:00:00,B4104,0.662,0.0,3.35,198.99,-3.468,31838.4,35022.240000000005,4.13
2011-11-16 15:00:00,B4104,0.662,0.0,2.05,198.99,-1.8780000000000001,31838.4,35022.240000000005,2.54
2011-11-16 16:00:00,B4104,0.662,0.0,0.0,198.99,0.662,31838.4,35022.240000000005,0.0
2011-11-16 17:00:00,B4104,1.187,0.0,0.0,198.99,1.187,31838.4,35022.240000000005,0.0
2011-11-16 18:00:00,B4104,4.335,0.0,0.0,198.99,4.335,31838.4,35022.240000000005,0.0
2011-11-16 19:00:00,B4104,5.386,0.0,0.0,198.99,5.386,31838.4,35022.240000000005,0.0
2011-11-16 20:00:00,B4104,1.187,0.0,0.0,198.99,1.187,31838.4,35022.240000000005,0.0
2011-11-16 21:00:00,B4104,1.183,0.0,0.0,198.99,1.183,31838.4,35022.240000000005,0.0
2011-11-16 22:00:00,B4104,1.182,0.0,0.0,198.99,1.182,31838.4,35022.240000000005,0.0
2011-11-16 23:00:00,B4104,0.657,0.0,0.0,198.99,0.657,31838.4,35022.240000000005,0.0
2011-11-17 00:00:00,B4104,3.057,2.4,0.0,198.99,3.057,31838.4,35022.240000000005,0.0
2011-11-17 01:00:00,B4104,3.057,2.4,0.0,198.99,3.057,31838.4,35022.240000000005,0.0
2011-11-17 02:00:00,B4104,3.057,2.4,0.0,198.99,3.057,31838.4,35022.240000000005,0.0
2011-11-17 03:00:00,B4104,3.057,2.4,0.0,198.99,3.057,31838.4,35022.240000000005,0.0
2011-11-17 04:00:00,B4104,3.057,2.4,0.0,198.99,3.057,31838.4,35022.240000000005,0.0
2011-11-17 05:00:00,B4104,1.183,0.0,0.0,198.99,1.183,31838.4,35022.240000000005,0.0
2011-11-17 06:00:00,B4104,4.34,0.0,0.0,198.99,4.34,31838.4,35022.240000000005,0.0
2011-11-17 07:00:00,B4104,1.188,0.0,0.0,198.99,1.188,31838.4,35022.240000000005,0.0
2011-11-17 08:00:00,B4104,0.662,0.0,0.98,198.99,-0.6880000000000001,31838.4,35022.240000000005,1.35
2011-11-17 09:00:00,B4104,0.662,0.0,1.74,198.99,-1.6680000000000001,31838.4,35022.240000000005,2.33
2011-11-17 10:00:00,B4104,0.662,0.0,2.18,198.99,-2.248,31838.4,35022.240000000005,2.91
2011-11-17 11:00:00,B4104,0.662,0.0,2.4,198.99,-2.5380000000000003,31838.4,35022.240000000005,3.2
2011-11-17 12:00:00,B4104,4.335,0.0,2.47,198.99,1.0550000000000002,31838.4,35022.240000000005,3.28
2011-11-17 13:00:00,B4104,1.187,0.0,2.49,198.99,-2.133,31838.4,35022.240000000005,3.32
2011-11-17 14:00:00,B4104,0.662,0.0,2.38,198.99,-2.598,31838.4,35022.240000000005,3.26
2011-11-17 15:00:00,B4104,0.662,0.0,1.83,198.99,-1.9780000000000002,31838.4,35022.240000000005,2.64
2011-11-17 16:00:00,B4104,0.662,0.0,0.64,198.99,-0.348,31838.4,35022.240000000005,1.01
2011-11-17 17:00:00,B4104,1.187,0.0,0.0,198.99,1.187,31838.4,35022.240000000005,0.0
2011-11-17 18:00:00,B4104,4.34,0.0,0.0,198.99,4.34,31838.4,35022.240000000005,0.0
2011-11-17 19:00:00,B4104,5.386,0.0,0.0,198.99,5.386,31838.4,35022.240000000005,0.0
2011-11-17 20:00:00,B4104,1.187,0.0,0.0,198.99,1.187,31838.4,35022.240000000005,0.0
2011-11-17 21:00:00,B4104,1.183,0.0,0.0,198.99,1.183,31838.4,35022.240000000005,0.0
2011-11-17 22:00:00,B4104,1.182,0.0,0.0,198.99,1.182,31838.4,35022.240000000005,0.0
2011-11-17 23:00:00,B4104,0.657,0.0,0.0,198.99,0.657,31838.4,35022.240000000005,0.0
2011-11-18 00:00:00,B4104,3.057,2.4,0.0,198.99,3.057,31838.4,35022.240000000005,0.0
2011-11-18 01:00:00,B4104,3.057,2.4,0.0,198.99,3.057,31838.4,35022.240000000005,0.0
2011-11-18 02:00:00,B4104,3.057,2.4,0.0,198.99,3.057,31838.4,35022.240000000005,0.0
2011-11-18 03:00:00,B4104,3.057,2.4,0.0,198.99,3.057,31838.4,35022.240000000005,0.0
2011-11-18 04:00:00,B4104,3.057,2.4,0.0,198.99,3.057,31838.4,35022.240000000005,0.0
2011-11-18 05:00:00,B4104,1.183,0.0,0.0,198.99,1.183,31838.4,35022.240000000005,0.0
2011-11-18 06:00:00,B4104,4.34,0.0,0.0,198.99,4.34,31838.4,35022.240000000005,0.0
2011-11-18 07:00:00,B4104,1.188,0.0,0.0,198.99,1.188,31838.4,35022.240000000005,0.0
2011-11-18 08:00:00,B4104,0.662,0.0,2.31,198.99,-2.048,31838.4,35022.240000000005,2.71
2011-11-18 09:00:00,B4104,0.662,0.0,3.98,198.99,-3.998,31838.4,35022.240000000005,4.66
2011-11-18 10:00:00,B4104,0.662,0.0,5.08,198.99,-5.308,31838.4,35022.240000000005,5.97
2011-11-18 11:00:00,B4104,0.662,0.0,5.88,198.99,-6.208,31838.4,35022.240000000005,6.87
2011-11-18 12:00:00,B4104,4.335,0.0,5.9,198.99,-2.5650000000000004,31838.4,35022.240000000005,6.9
2011-11-18 13:00:00,B4104,1.187,0.0,5.2,198.99,-4.963,31838.4,35022.240000000005,6.15
2011-11-18 14:00:00,B4104,0.662,0.0,3.68,198.99,-3.798,31838.4,35022.240000000005,4.46
2011-11-18 15:00:00,B4104,0.662,0.0,1.89,198.99,-1.6880000000000002,31838.4,35022.240000000005,2.35
2011-11-18 16:00:00,B4104,0.662,0.0,0.0,198.99,0.662,31838.4,35022.240000000005,0.0
2011-11-18 17:00:00,B4104,1.187,0.0,0.0,198.99,1.187,31838.4,35022.240000000005,0.0
2011-11-18 18:00:00,B4104,4.34,0.0,0.0,198.99,4.34,31838.4,35022.240000000005,0.0
2011-11-18 19:00:00,B4104,5.386,0.0,0.0,198.99,5.386,31838.4,35022.240000000005,0.0
2011-11-18 20:00:00,B4104,1.187,0.0,0.0,198.99,1.187,31838.4,35022.240000000005,0.0
2011-11-18 21:00:00,B4104,1.183,0.0,0.0,198.99,1.183,31838.4,35022.240000000005,0.0
2011-11-18 22:00:00,B4104,1.182,0.0,0.0,198.99,1.182,31838.4,35022.240000000005,0.0
2011-11-18 23:00:00,B4104,0.657,0.0,0.0,198.99,0.657,31838.4,35022.240000000005,0.0
2011-11-19 00:00:00,B4104,0.657,0.0,0.0,198.99,0.657,31838.4,35022.240000000005,0.0
2011-11-19 01:00:00,B4104,0.657,0.0,0.0,198.99,0.657,31838.4,35022.240000000005,0.0
2011-11-19 02:00:00,B4104,0.657,0.0,0.0,198.99,0.657,31838.4,35022.240000000005,0.0
2011-11-19 03:00:00,B4104,0.657,0.0,0.0,198.99,0.657,31838.4,35022.240000000005,0.0
2011-11-19 04:00:00,B4104,0.657,0.0,0.0,198.99,0.657,31838.4,35022.240000000005,0.0
2011-11-19 05:00:00,B4104,1.182,0.0,0.0,198.99,1.182,31838.4,35022.240000000005,0.0
2011-11-19 06:00:00,B4104,4.339,0.0,0.0,198.99,4.339,31838.4,35022.240000000005,0.0
2011-11-19 07:00:00,B4104,1.187,0.0,0.0,198.99,1.187,31838.4,35022.240000000005,0.0
2011-11-19 08:00:00,B4104,3.062,2.4,1.51,198.99,1.2319999999999998,31838.4,35022.240000000005,1.83
2011-11-19 09:00:00,B4104,3.062,2.4,2.88,198.99,-0.46799999999999997,31838.4,35022.240000000005,3.53
2011-11-19 10:00:00,B4104,3.062,2.4,4.1,198.99,-1.908,31838.4,35022.240000000005,4.97
2011-11-19 11:00:00,B4104,3.062,2.4,5.1,198.99,-3.0580000000000003,31838.4,35022.240000000005,6.12
2011-11-19 12:00:00,B4104,6.735,2.4,5.64,198.99,-0.01499999999999968,31838.4,35022.240000000005,6.75
2011-11-19 13:00:00,B4104,1.187,0.0,5.08,198.99,-4.943,31838.4,35022.240000000005,6.13
2011-11-19 14:00:00,B4104,0.662,0.0,3.73,198.99,-3.998,31838.4,35022.240000000005,4.66
2011-11-19 15:00:00,B4104,0.662,0.0,2.05,198.99,-2.0380000000000003,31838.4,35022.240000000005,2.7
2011-11-19 16:00:00,B4104,0.662,0.0,0.0,198.99,0.42200000000000004,31838.4,35022.240000000005,0.24
2011-11-19 17:00:00,B4104,1.187,0.0,0.0,198.99,1.187,31838.4,35022.240000000005,0.0
2011-11-19 18:00:00,B4104,4.34,0.0,0.0,198.99,4.34,31838.4,35022.240000000005,0.0
2011-11-19 19:00:00,B4104,5.386,0.0,0.0,198.99,5.386,31838.4,35022.240000000005,0.0
2011-11-19 20:00:00,B4104,1.187,0.0,0.0,198.99,1.187,31838.4,35022.240000000005,0.0
2011-11-19 21:00:00,B4104,1.183,0.0,0.0,198.99,1.183,31838.4,35022.240000000005,0.0
2011-11-19 22:00:00,B4104,1.182,0.0,0.0,198.99,1.182,31838.4,35022.240000000005,0.0
2011-11-19 23:00:00,B4104,0.657,0.0,0.0,198.99,0.657,31838.4,35022.240000000005,0.0
2011-11-20 00:00:00,B4104,0.657,0.0,0.0,198.99,0.657,31838.4,35022.240000000005,0.0
2011-11-20 01:00:00,B4104,0.657,0.0,0.0,198.99,0.657,31838.4,35022.240000000005,0.0
2011-11-20 02:00:00,B4104,0.657,0.0,0.0,198.99,0.657,31838.4,35022.240000000005,0.0
2011-11-20 03:00:00,B4104,0.657,0.0,0.0,198.99,0.657,31838.4,35022.240000000005,0.0
2011-11-20 04:00:00,B4104,0.657,0.0,0.0,198.99,0.657,31838.4,35022.240000000005,0.0
2011-11-20 05:00:00,B4104,1.182,0.0,0.0,198.99,1.182,31838.4,35022.240000000005,0.0
2011-11-20 06:00:00,B4104,4.339,0.0,0.0,198.99,4.339,31838.4,35022.240000000005,0.0
2011-11-20 07:00:00,B4104,1.187,0.0,0.0,198.99,1.187,31838.4,35022.240000000005,0.0
2011-11-20 08:00:00,B4104,3.062,2.4,1.64,198.99,1.0419999999999998,31838.4,35022.240000000005,2.02
2011-11-20 09:00:00,B4104,3.062,2.4,2.67,198.99,-0.31800000000000006,31838.4,35022.240000000005,3.38
2011-11-20 10:00:00,B4104,3.062,2.4,2.77,198.99,-0.528,31838.4,35022.240000000005,3.59
2011-11-20 11:00:00,B4104,3.062,2.4,2.51,198.99,-0.258,31838.4,35022.240000000005,3.32
2011-11-20 12:00:00,B4104,6.735,2.4,2.56,198.99,3.365,31838.4,35022.240000000005,3.37
2011-11-20 13:00:00,B4104,1.187,0.0,2.74,198.99,-2.4130000000000003,31838.4,35022.240000000005,3.6
2011-11-20 14:00:00,B4104,0.662,0.0,2.54,198.99,-2.7880000000000003,31838.4,35022.240000000005,3.45
2011-11-20 15:00:00,B4104,0.662,0.0,1.74,198.99,-1.8479999999999999,31838.4,35022.240000000005,2.51
2011-11-20 16:00:00,B4104,0.662,0.0,0.0,198.99,0.332,31838.4,35022.240000000005,0.33
2011-11-20 17:00:00,B4104,1.187,0.0,0.0,198.99,1.187,31838.4,35022.240000000005,0.0
2011-11-20 18:00:00,B4104,4.335,0.0,0.0,198.99,4.335,31838.4,35022.240000000005,0.0
2011-11-20 19:00:00,B4104,5.386,0.0,0.0,198.99,5.386,31838.4,35022.240000000005,0.0
2011-11-20 20:00:00,B4104,1.187,0.0,0.0,198.99,1.187,31838.4,35022.240000000005,0.0
2011-11-20 21:00:00,B4104,1.183,0.0,0.0,198.99,1.183,31838.4,35022.240000000005,0.0
2011-11-20 22:00:00,B4104,1.183,0.0,0.0,198.99,1.183,31838.4,35022.240000000005,0.0
2011-11-20 23:00:00,B4104,0.657,0.0,0.0,198.99,0.657,31838.4,35022.240000000005,0.0
2011-11-21 00:00:00,B4104,3.057,2.4,0.0,198.99,3.057,31838.4,35022.240000000005,0.0
2011-11-21 01:00:00,B4104,3.057,2.4,0.0,198.99,3.057,31838.4,35022.240000000005,0.0
2011-11-21 02:00:00,B4104,3.057,2.4,0.0,198.99,3.057,31838.4,35022.240000000005,0.0
2011-11-21 03:00:00,B4104,3.057,2.4,0.0,198.99,3.057,31838.4,35022.240000000005,0.0
2011-11-21 04:00:00,B4104,3.057,2.4,0.0,198.99,3.057,31838.4,35022.240000000005,0.0
2011-11-21 05:00:00,B4104,1.183,0.0,0.0,198.99,1.183,31838.4,35022.240000000005,0.0
2011-11-21 06:00:00,B4104,4.34,0.0,0.0,198.99,4.34,31838.4,35022.240000000005,0.0
2011-11-21 07:00:00,B4104,1.188,0.0,0.0,198.99,1.188,31838.4,35022.240000000005,0.0
2011-11-21 08:00:00,B4104,0.662,0.0,2.06,198.99,-1.6880000000000002,31838.4,35022.240000000005,2.35
2011-11-21 09:00:00,B4104,0.662,0.0,3.46,198.99,-3.428,31838.4,35022.240000000005,4.09
2011-11-21 10:00:00,B4104,0.662,0.0,4.5,198.99,-4.608,31838.4,35022.240000000005,5.27
2011-11-21 11:00:00,B4104,0.662,0.0,5.2,198.99,-5.398,31838.4,35022.240000000005,6.06
2011-11-21 12:00:00,B4104,4.335,0.0,5.16,198.99,-1.745,31838.4,35022.240000000005,6.08
2011-11-21 13:00:00,B4104,1.187,0.0,4.47,198.99,-4.202999999999999,31838.4,35022.240000000005,5.39
2011-11-21 14:00:00,B4104,0.662,0.0,3.41,198.99,-3.5780000000000003,31838.4,35022.240000000005,4.24
2011-11-21 15:00:00,B4104,0.662,0.0,2.03,198.99,-1.9980000000000002,31838.4,35022.240000000005,2.66
2011-11-21 16:00:00,B4104,0.662,0.0,0.0,198.99,0.44200000000000006,31838.4,35022.240000000005,0.22
2011-11-21 17:00:00,B4104,1.187,0.0,0.0,198.99,1.187,31838.4,35022.240000000005,0.0
2011-11-21 18:00:00,B4104,4.34,0.0,0.0,198.99,4.34,31838.4,35022.240000000005,0.0
2011-11-21 19:00:00,B4104,5.386,0.0,0.0,198.99,5.386,31838.4,35022.240000000005,0.0
2011-11-21 20:00:00,B4104,1.187,0.0,0.0,198.99,1.187,31838.4,35022.240000000005,0.0
2011-11-21 21:00:00,B4104,1.183,0.0,0.0,198.99,1.183,31838.4,35022.240000000005,0.0
2011-11-21 22:00:00,B4104,1.182,0.0,0.0,198.99,1.182,31838.4,35022.240000000005,0.0
2011-11-21 23:00:00,B4104,0.657,0.0,0.0,198.99,0.657,31838.4,35022.240000000005,0.0
2011-11-22 00:00:00,B4104,3.057,2.4,0.0,198.99,3.057,31838.4,35022.240000000005,0.0
2011-11-22 01:00:00,B4104,3.057,2.4,0.0,198.99,3.057,31838.4,35022.240000000005,0.0
2011-11-22 02:00:00,B4104,3.057,2.4,0.0,198.99,3.057,31838.4,35022.240000000005,0.0
2011-11-22 03:00:00,B4104,3.057,2.4,0.0,198.99,3.057,31838.4,35022.240000000005,0.0
2011-11-22 04:00:00,B4104,3.057,2.4,0.0,198.99,3.057,31838.4,35022.240000000005,0.0
2011-11-22 05:00:00,B4104,1.183,0.0,0.0,198.99,1.183,31838.4,35022.240000000005,0.0
2011-11-22 06:00:00,B4104,4.34,0.0,0.0,198.99,4.34,31838.4,35022.240000000005,0.0
2011-11-22 07:00:00,B4104,1.188,0.0,0.0,198.99,1.188,31838.4,35022.240000000005,0.0
2011-11-22 08:00:00,B4104,0.662,0.0,1.62,198.99,-1.2279999999999998,31838.4,35022.240000000005,1.89
2011-11-22 09:00:00,B4104,0.662,0.0,2.02,198.99,-1.678,31838.4,35022.240000000005,2.34
2011-11-22 10:00:00,B4104,0.662,0.0,2.36,198.99,-1.8679999999999999,31838.4,35022.240000000005,2.53
2011-11-22 11:00:00,B4104,0.662,0.0,3.36,198.99,-3.348,31838.4,35022.240000000005,4.01
2011-11-22 12:00:00,B4104,4.34,0.0,3.75,198.99,-0.23000000000000043,31838.4,35022.240000000005,4.57
2011-11-22 13:00:00,B4104,1.187,0.0,3.62,198.99,-3.2729999999999997,31838.4,35022.240000000005,4.46
2011-11-22 14:00:00,B4104,0.662,0.0,3.21,198.99,-3.3979999999999997,31838.4,35022.240000000005,4.06
2011-11-22 15:00:00,B4104,0.662,0.0,1.83,198.99,-1.798,31838.4,35022.240000000005,2.46
2011-11-22 16:00:00,B4104,0.662,0.0,0.0,198.99,0.43200000000000005,31838.4,35022.240000000005,0.23
2011-11-22 17:00:00,B4104,1.187,0.0,0.0,198.99,1.187,31838.4,35022.240000000005,0.0
2011-11-22 18:00:00,B4104,4.34,0.0,0.0,198.99,4.34,31838.4,35022.240000000005,0.0
2011-11-22 19:00:00,B4104,5.391,0.0,0.0,198.99,5.391,31838.4,35022.240000000005,0.0
2011-11-22 20:00:00,B4104,1.187,0.0,0.0,198.99,1.187,31838.4,35022.240000000005,0.0
2011-11-22 21:00:00,B4104,1.183,0.0,0.0,198.99,1.183,31838.4,35022.240000000005,0.0
2011-11-22 22:00:00,B4104,1.182,0.0,0.0,198.99,1.182,31838.4,35022.240000000005,0.0
2011-11-22 23:00:00,B4104,0.657,0.0,0.0,198.99,0.657,31838.4,35022.240000000005,0.0
2011-11-23 00:00:00,B4104,3.057,2.4,0.0,198.99,3.057,31838.4,35022.240000000005,0.0
2011-11-23 01:00:00,B4104,3.057,2.4,0.0,198.99,3.057,31838.4,35022.240000000005,0.0
2011-11-23 02:00:00,B4104,3.057,2.4,0.0,198.99,3.057,31838.4,35022.240000000005,0.0
2011-11-23 03:00:00,B4104,3.057,2.4,0.0,198.99,3.057,31838.4,35022.240000000005,0.0
2011-11-23 04:00:00,B4104,3.057,2.4,0.0,198.99,3.057,31838.4,35022.240000000005,0.0
2011-11-23 05:00:00,B4104,1.183,0.0,0.0,198.99,1.183,31838.4,35022.240000000005,0.0
2011-11-23 06:00:00,B4104,4.34,0.0,0.0,198.99,4.34,31838.4,35022.240000000005,0.0
2011-11-23 07:00:00,B4104,1.188,0.0,0.0,198.99,1.188,31838.4,35022.240000000005,0.0
2011-11-23 08:00:00,B4104,0.662,0.0,1.0,198.99,-0.7080000000000001,31838.4,35022.240000000005,1.37
2011-11-23 09:00:00,B4104,0.662,0.0,1.72,198.99,-1.6680000000000001,31838.4,35022.240000000005,2.33
2011-11-23 10:00:00,B4104,0.662,0.0,2.05,198.99,-2.128,31838.4,35022.240000000005,2.79
2011-11-23 11:00:00,B4104,0.662,0.0,2.26,198.99,-2.398,31838.4,35022.240000000005,3.06
2011-11-23 12:00:00,B4104,4.335,0.0,2.37,198.99,1.165,31838.4,35022.240000000005,3.17
2011-11-23 13:00:00,B4104,1.187,0.0,2.33,198.99,-1.953,31838.4,35022.240000000005,3.14
2011-11-23 14:00:00,B4104,0.662,0.0,2.22,198.99,-2.428,31838.4,35022.240000000005,3.09
2011-11-23 15:00:00,B4104,0.662,0.0,1.65,198.99,-1.7680000000000002,31838.4,35022.240000000005,2.43
2011-11-23 16:00:00,B4104,0.662,0.0,0.51,198.99,-0.17799999999999994,31838.4,35022.240000000005,0.84
2011-11-23 17:00:00,B4104,1.187,0.0,0.0,198.99,1.187,31838.4,35022.240000000005,0.0
2011-11-23 18:00:00,B4104,4.335,0.0,0.0,198.99,4.335,31838.4,35022.240000000005,0.0
2011-11-23 19:00:00,B4104,5.386,0.0,0.0,198.99,5.386,31838.4,35022.240000000005,0.0
2011-11-23 20:00:00,B4104,1.187,0.0,0.0,198.99,1.187,31838.4,35022.240000000005,0.0
2011-11-23 21:00:00,B4104,1.183,0.0,0.0,198.99,1.183,31838.4,35022.240000000005,0.0
2011-11-23 22:00:00,B4104,1.182,0.0,0.0,198.99,1.182,31838.4,35022.240000000005,0.0
2011-11-23 23:00:00,B4104,0.657,0.0,0.0,198.99,0.657,31838.4,35022.240000000005,0.0
2011-11-24 00:00:00,B4104,3.057,2.4,0.0,198.99,3.057,31838.4,35022.240000000005,0.0
2011-11-24 01:00:00,B4104,3.057,2.4,0.0,198.99,3.057,31838.4,35022.240000000005,0.0
2011-11-24 02:00:00,B4104,3.057,2.4,0.0,198.99,3.057,31838.4,35022.240000000005,0.0
2011-11-24 03:00:00,B4104,3.057,2.4,0.0,198.99,3.057,31838.4,35022.240000000005,0.0
2011-11-24 04:00:00,B4104,3.057,2.4,0.0,198.99,3.057,31838.4,35022.240000000005,0.0
2011-11-24 05:00:00,B4104,1.183,0.0,0.0,198.99,1.183,31838.4,35022.240000000005,0.0
2011-11-24 06:00:00,B4104,4.34,0.0,0.0,198.99,4.34,31838.4,35022.240000000005,0.0
2011-11-24 07:00:00,B4104,1.188,0.0,0.0,198.99,1.188,31838.4,35022.240000000005,0.0
2011-11-24 08:00:00,B4104,0.662,0.0,0.85,198.99,-0.5479999999999999,31838.4,35022.240000000005,1.21
2011-11-24 09:00:00,B4104,0.662,0.0,1.57,198.99,-1.4980000000000002,31838.4,35022.240000000005,2.16
2011-11-24 10:00:00,B4104,0.662,0.0,1.99,198.99,-2.068,31838.4,35022.240000000005,2.73
2011-11-24 11:00:00,B4104,0.662,0.0,2.22,198.99,-2.358,31838.4,35022.240000000005,3.02
2011-11-24 12:00:00,B4104,4.335,0.0,2.32,198.99,1.2149999999999999,31838.4,35022.240000000005,3.12
2011-11-24 13:00:00,B4104,1.187,0.0,2.3,198.99,-1.9229999999999998,31838.4,35022.240000000005,3.11
2011-11-24 14:00:00,B4104,0.662,0.0,2.19,198.99,-2.398,31838.4,35022.240000000005,3.06
2011-11-24 15:00:00,B4104,0.662,0.0,1.65,198.99,-1.778,31838.4,35022.240000000005,2.44
2011-11-24 16:00:00,B4104,0.662,0.0,0.55,198.99,-0.238,31838.4,35022.240000000005,0.9
2011-11-24 17:00:00,B4104,1.187,0.0,0.0,198.99,1.187,31838.4,35022.240000000005,0.0
2011-11-24 18:00:00,B4104,4.335,0.0,0.0,198.99,4.335,31838.4,35022.240000000005,0.0
2011-11-24 19:00:00,B4104,5.386,0.0,0.0,198.99,5.386,31838.4,35022.240000000005,0.0
2011-11-24 20:00:00,B4104,1.187,0.0,0.0,198.99,1.187,31838.4,35022.240000000005,0.0
2011-11-24 21:00:00,B4104,1.183,0.0,0.0,198.99,1.183,31838.4,35022.240000000005,0.0
2011-11-24 22:00:00,B4104,1.182,0.0,0.0,198.99,1.182,31838.4,35022.240000000005,0.0
2011-11-24 23:00:00,B4104,0.657,0.0,0.0,198.99,0.657,31838.4,35022.240000000005,0.0
2011-11-25 00:00:00,B4104,3.057,2.4,0.0,198.99,3.057,31838.4,35022.240000000005,0.0
2011-11-25 01:00:00,B4104,3.057,2.4,0.0,198.99,3.057,31838.4,35022.240000000005,0.0
2011-11-25 02:00:00,B4104,3.057,2.4,0.0,198.99,3.057,31838.4,35022.240000000005,0.0
2011-11-25 03:00:00,B4104,3.057,2.4,0.0,198.99,3.057,31838.4,35022.240000000005,0.0
2011-11-25 04:00:00,B4104,3.057,2.4,0.0,198.99,3.057,31838.4,35022.240000000005,0.0
2011-11-25 05:00:00,B4104,1.183,0.0,0.0,198.99,1.183,31838.4,35022.240000000005,0.0
2011-11-25 06:00:00,B4104,4.34,0.0,0.0,198.99,4.34,31838.4,35022.240000000005,0.0
2011-11-25 07:00:00,B4104,1.188,0.0,0.0,198.99,1.188,31838.4,35022.240000000005,0.0
2011-11-25 08:00:00,B4104,0.662,0.0,0.83,198.99,-0.5279999999999999,31838.4,35022.240000000005,1.19
2011-11-25 09:00:00,B4104,0.662,0.0,1.54,198.99,-1.4780000000000002,31838.4,35022.240000000005,2.14
2011-11-25 10:00:00,B4104,0.662,0.0,1.96,198.99,-2.028,31838.4,35022.240000000005,2.69
2011-11-25 11:00:00,B4104,0.662,0.0,2.22,198.99,-2.358,31838.4,35022.240000000005,3.02
2011-11-25 12:00:00,B4104,4.335,0.0,2.29,198.99,1.245,31838.4,35022.240000000005,3.09
2011-11-25 13:00:00,B4104,1.187,0.0,2.4,198.99,-2.043,31838.4,35022.240000000005,3.23
2011-11-25 14:00:00,B4104,0.662,0.0,2.4,198.99,-2.638,31838.4,35022.240000000005,3.3
2011-11-25 15:00:00,B4104,0.662,0.0,1.89,198.99,-2.048,31838.4,35022.240000000005,2.71
2011-11-25 16:00:00,B4104,0.662,0.0,0.0,198.99,0.31200000000000006,31838.4,35022.240000000005,0.35
2011-11-25 17:00:00,B4104,1.187,0.0,0.0,198.99,1.187,31838.4,35022.240000000005,0.0
2011-11-25 18:00:00,B4104,4.335,0.0,0.0,198.99,4.335,31838.4,35022.240000000005,0.0
2011-11-25 19:00:00,B4104,5.386,0.0,0.0,198.99,5.386,31838.4,35022.240000000005,0.0
2011-11-25 20:00:00,B4104,1.187,0.0,0.0,198.99,1.187,31838.4,35022.240000000005,0.0
2011-11-25 21:00:00,B4104,1.183,0.0,0.0,198.99,1.183,31838.4,35022.240000000005,0.0
2011-11-25 22:00:00,B4104,1.182,0.0,0.0,198.99,1.182,31838.4,35022.240000000005,0.0
2011-11-25 23:00:00,B4104,0.657,0.0,0.0,198.99,0.657,31838.4,35022.240000000005,0.0
2011-11-26 00:00:00,B4104,0.657,0.0,0.0,198.99,0.657,31838.4,35022.240000000005,0.0
2011-11-26 01:00:00,B4104,0.657,0.0,0.0,198.99,0.657,31838.4,35022.240000000005,0.0
2011-11-26 02:00:00,B4104,0.657,0.0,0.0,198.99,0.657,31838.4,35022.240000000005,0.0
2011-11-26 03:00:00,B4104,0.657,0.0,0.0,198.99,0.657,31838.4,35022.240000000005,0.0
2011-11-26 04:00:00,B4104,0.657,0.0,0.0,198.99,0.657,31838.4,35022.240000000005,0.0
2011-11-26 05:00:00,B4104,1.182,0.0,0.0,198.99,1.182,31838.4,35022.240000000005,0.0
2011-11-26 06:00:00,B4104,4.339,0.0,0.0,198.99,4.339,31838.4,35022.240000000005,0.0
2011-11-26 07:00:00,B4104,1.187,0.0,0.0,198.99,1.187,31838.4,35022.240000000005,0.0
2011-11-26 08:00:00,B4104,3.062,2.4,0.81,198.99,1.892,31838.4,35022.240000000005,1.17
2011-11-26 09:00:00,B4104,3.062,2.4,1.57,198.99,0.8819999999999997,31838.4,35022.240000000005,2.18
2011-11-26 10:00:00,B4104,3.062,2.4,2.02,198.99,0.28200000000000003,31838.4,35022.240000000005,2.78
2011-11-26 11:00:00,B4104,3.062,2.4,2.27,198.99,-0.018000000000000238,31838.4,35022.240000000005,3.08
2011-11-26 12:00:00,B4104,6.735,2.4,2.52,198.99,3.365,31838.4,35022.240000000005,3.37
2011-11-26 13:00:00,B4104,1.187,0.0,2.67,198.99,-2.373,31838.4,35022.240000000005,3.56
2011-11-26 14:00:00,B4104,0.662,0.0,2.56,198.99,-2.848,31838.4,35022.240000000005,3.51
2011-11-26 15:00:00,B4104,0.662,0.0,1.97,198.99,-2.138,31838.4,35022.240000000005,2.8
2011-11-26 16:00:00,B4104,0.662,0.0,0.0,198.99,0.322,31838.4,35022.240000000005,0.34
2011-11-26 17:00:00,B4104,1.187,0.0,0.0,198.99,1.187,31838.4,35022.240000000005,0.0
2011-11-26 18:00:00,B4104,4.336,0.0,0.0,198.99,4.336,31838.4,35022.240000000005,0.0
2011-11-26 19:00:00,B4104,5.386,0.0,0.0,198.99,5.386,31838.4,35022.240000000005,0.0
2011-11-26 20:00:00,B4104,1.187,0.0,0.0,198.99,1.187,31838.4,35022.240000000005,0.0
2011-11-26 21:00:00,B4104,1.183,0.0,0.0,198.99,1.183,31838.4,35022.240000000005,0.0
2011-11-26 22:00:00,B4104,1.182,0.0,0.0,198.99,1.182,31838.4,35022.240000000005,0.0
2011-11-26 23:00:00,B4104,0.657,0.0,0.0,198.99,0.657,31838.4,35022.240000000005,0.0
2011-11-27 00:00:00,B4104,0.657,0.0,0.0,198.99,0.657,31838.4,35022.240000000005,0.0
2011-11-27 01:00:00,B4104,0.657,0.0,0.0,198.99,0.657,31838.4,35022.240000000005,0.0
2011-11-27 02:00:00,B4104,0.657,0.0,0.0,198.99,0.657,31838.4,35022.240000000005,0.0
2011-11-27 03:00:00,B4104,0.657,0.0,0.0,198.99,0.657,31838.4,35022.240000000005,0.0
2011-11-27 04:00:00,B4104,0.657,0.0,0.0,198.99,0.657,31838.4,35022.240000000005,0.0
2011-11-27 05:00:00,B4104,1.182,0.0,0.0,198.99,1.182,31838.4,35022.240000000005,0.0
2011-11-27 06:00:00,B4104,4.339,0.0,0.0,198.99,4.339,31838.4,35022.240000000005,0.0
2011-11-27 07:00:00,B4104,1.187,0.0,0.0,198.99,1.187,31838.4,35022.240000000005,0.0
2011-11-27 08:00:00,B4104,3.062,2.4,1.3,198.99,1.3719999999999999,31838.4,35022.240000000005,1.69
2011-11-27 09:00:00,B4104,3.062,2.4,1.91,198.99,0.512,31838.4,35022.240000000005,2.55
2011-11-27 10:00:00,B4104,3.062,2.4,2.0,198.99,0.31199999999999983,31838.4,35022.240000000005,2.75
2011-11-27 11:00:00,B4104,3.062,2.4,2.2,198.99,0.052000000000000046,31838.4,35022.240000000005,3.01
2011-11-27 12:00:00,B4104,6.735,2.4,2.35,198.99,3.555,31838.4,35022.240000000005,3.18
2011-11-27 13:00:00,B4104,1.187,0.0,2.33,198.99,-1.9829999999999999,31838.4,35022.240000000005,3.17
2011-11-27 14:00:00,B4104,0.662,0.0,2.15,198.99,-2.378,31838.4,35022.240000000005,3.04
2011-11-27 15:00:00,B4104,0.662,0.0,1.64,198.99,-1.778,31838.4,35022.240000000005,2.44
2011-11-27 16:00:00,B4104,0.662,0.0,0.38,198.99,-0.06799999999999995,31838.4,35022.240000000005,0.73
2011-11-27 17:00:00,B4104,1.187,0.0,0.0,198.99,1.187,31838.4,35022.240000000005,0.0
2011-11-27 18:00:00,B4104,4.34,0.0,0.0,198.99,4.34,31838.4,35022.240000000005,0.0
2011-11-27 19:00:00,B4104,5.386,0.0,0.0,198.99,5.386,31838.4,35022.240000000005,0.0
2011-11-27 20:00:00,B4104,1.187,0.0,0.0,198.99,1.187,31838.4,35022.240000000005,0.0
2011-11-27 21:00:00,B4104,1.183,0.0,0.0,198.99,1.183,31838.4,35022.240000000005,0.0
2011-11-27 22:00:00,B4104,1.183,0.0,0.0,198.99,1.183,31838.4,35022.240000000005,0.0
2011-11-27 23:00:00,B4104,0.657,0.0,0.0,198.99,0.657,31838.4,35022.240000000005,0.0
2011-11-28 00:00:00,B4104,3.057,2.4,0.0,198.99,3.057,31838.4,35022.240000000005,0.0
2011-11-28 01:00:00,B4104,3.057,2.4,0.0,198.99,3.057,31838.4,35022.240000000005,0.0
2011-11-28 02:00:00,B4104,3.057,2.4,0.0,198.99,3.057,31838.4,35022.240000000005,0.0
2011-11-28 03:00:00,B4104,3.057,2.4,0.0,198.99,3.057,31838.4,35022.240000000005,0.0
2011-11-28 04:00:00,B4104,3.057,2.4,0.0,198.99,3.057,31838.4,35022.240000000005,0.0
2011-11-28 05:00:00,B4104,1.183,0.0,0.0,198.99,1.183,31838.4,35022.240000000005,0.0
2011-11-28 06:00:00,B4104,4.34,0.0,0.0,198.99,4.34,31838.4,35022.240000000005,0.0
2011-11-28 07:00:00,B4104,1.188,0.0,0.0,198.99,1.188,31838.4,35022.240000000005,0.0
2011-11-28 08:00:00,B4104,0.662,0.0,1.48,198.99,-1.1880000000000002,31838.4,35022.240000000005,1.85
2011-11-28 09:00:00,B4104,0.662,0.0,2.55,198.99,-2.608,31838.4,35022.240000000005,3.27
2011-11-28 10:00:00,B4104,0.662,0.0,2.83,198.99,-3.0380000000000003,31838.4,35022.240000000005,3.7
2011-11-28 11:00:00,B4104,0.662,0.0,2.54,198.99,-2.728,31838.4,35022.240000000005,3.39
2011-11-28 12:00:00,B4104,4.335,0.0,2.36,198.99,1.1549999999999998,31838.4,35022.240000000005,3.18
2011-11-28 13:00:00,B4104,1.187,0.0,2.38,198.99,-2.0330000000000004,31838.4,35022.240000000005,3.22
2011-11-28 14:00:00,B4104,0.662,0.0,2.2,198.99,-2.438,31838.4,35022.240000000005,3.1
2011-11-28 15:00:00,B4104,0.662,0.0,1.67,198.99,-1.818,31838.4,35022.240000000005,2.48
2011-11-28 16:00:00,B4104,0.662,0.0,0.0,198.99,0.31200000000000006,31838.4,35022.240000000005,0.35
2011-11-28 17:00:00,B4104,1.187,0.0,0.0,198.99,1.187,31838.4,35022.240000000005,0.0
2011-11-28 18:00:00,B4104,4.34,0.0,0.0,198.99,4.34,31838.4,35022.240000000005,0.0
2011-11-28 19:00:00,B4104,5.391,0.0,0.0,198.99,5.391,31838.4,35022.240000000005,0.0
2011-11-28 20:00:00,B4104,1.187,0.0,0.0,198.99,1.187,31838.4,35022.240000000005,0.0
2011-11-28 21:00:00,B4104,1.183,0.0,0.0,198.99,1.183,31838.4,35022.240000000005,0.0
2011-11-28 22:00:00,B4104,1.182,0.0,0.0,198.99,1.182,31838.4,35022.240000000005,0.0
2011-11-28 23:00:00,B4104,0.657,0.0,0.0,198.99,0.657,31838.4,35022.240000000005,0.0
2011-11-29 00:00:00,B4104,3.057,2.4,0.0,198.99,3.057,31838.4,35022.240000000005,0.0
2011-11-29 01:00:00,B4104,3.057,2.4,0.0,198.99,3.057,31838.4,35022.240000000005,0.0
2011-11-29 02:00:00,B4104,3.057,2.4,0.0,198.99,3.057,31838.4,35022.240000000005,0.0
2011-11-29 03:00:00,B4104,3.057,2.4,0.0,198.99,3.057,31838.4,35022.240000000005,0.0
2011-11-29 04:00:00,B4104,3.057,2.4,0.0,198.99,3.057,31838.4,35022.240000000005,0.0
2011-11-29 05:00:00,B4104,1.183,0.0,0.0,198.99,1.183,31838.4,35022.240000000005,0.0
2011-11-29 06:00:00,B4104,4.34,0.0,0.0,198.99,4.34,31838.4,35022.240000000005,0.0
2011-11-29 07:00:00,B4104,1.188,0.0,0.0,198.99,1.188,31838.4,35022.240000000005,0.0
2011-11-29 08:00:00,B4104,0.662,0.0,1.61,198.99,-1.2279999999999998,31838.4,35022.240000000005,1.89
2011-11-29 09:00:00,B4104,0.662,0.0,3.16,198.99,-3.118,31838.4,35022.240000000005,3.78
2011-11-29 10:00:00,B4104,0.662,0.0,4.39,198.99,-4.628,31838.4,35022.240000000005,5.29
2011-11-29 11:00:00,B4104,0.662,0.0,5.17,198.99,-5.548,31838.4,35022.240000000005,6.21
2011-11-29 12:00:00,B4104,4.34,0.0,5.06,198.99,-1.7599999999999998,31838.4,35022.240000000005,6.1
2011-11-29 13:00:00,B4104,1.187,0.0,4.25,198.99,-4.053,31838.4,35022.240000000005,5.24
2011-11-29 14:00:00,B4104,0.662,0.0,3.14,198.99,-3.458,31838.4,35022.240000000005,4.12
2011-11-29 15:00:00,B4104,0.662,0.0,1.83,198.99,-1.9380000000000002,31838.4,35022.240000000005,2.6
2011-11-29 16:00:00,B4104,0.662,0.0,0.0,198.99,0.35200000000000004,31838.4,35022.240000000005,0.31
2011-11-29 17:00:00,B4104,1.187,0.0,0.0,198.99,1.187,31838.4,35022.240000000005,0.0
2011-11-29 18:00:00,B4104,4.34,0.0,0.0,198.99,4.34,31838.4,35022.240000000005,0.0
2011-11-29 19:00:00,B4104,5.391,0.0,0.0,198.99,5.391,31838.4,35022.240000000005,0.0
2011-11-29 20:00:00,B4104,1.187,0.0,0.0,198.99,1.187,31838.4,35022.240000000005,0.0
2011-11-29 21:00:00,B4104,1.183,0.0,0.0,198.99,1.183,31838.4,35022.240000000005,0.0
2011-11-29 22:00:00,B4104,1.182,0.0,0.0,198.99,1.182,31838.4,35022.240000000005,0.0
2011-11-29 23:00:00,B4104,0.657,0.0,0.0,198.99,0.657,31838.4,35022.240000000005,0.0
2011-11-30 00:00:00,B4104,3.057,2.4,0.0,198.99,3.057,31838.4,35022.240000000005,0.0
2011-11-30 01:00:00,B4104,3.057,2.4,0.0,198.99,3.057,31838.4,35022.240000000005,0.0
2011-11-30 02:00:00,B4104,3.057,2.4,0.0,198.99,3.057,31838.4,35022.240000000005,0.0
2011-11-30 03:00:00,B4104,3.057,2.4,0.0,198.99,3.057,31838.4,35022.240000000005,0.0
2011-11-30 04:00:00,B4104,3.057,2.4,0.0,198.99,3.057,31838.4,35022.240000000005,0.0
2011-11-30 05:00:00,B4104,1.183,0.0,0.0,198.99,1.183,31838.4,35022.240000000005,0.0
2011-11-30 06:00:00,B4104,4.34,0.0,0.0,198.99,4.34,31838.4,35022.240000000005,0.0
2011-11-30 07:00:00,B4104,1.188,0.0,0.0,198.99,1.188,31838.4,35022.240000000005,0.0
2011-11-30 08:00:00,B4104,0.662,0.0,1.56,198.99,-1.238,31838.4,35022.240000000005,1.9
2011-11-30 09:00:00,B4104,0.662,0.0,3.01,198.99,-3.0580000000000003,31838.4,35022.240000000005,3.72
2011-11-30 10:00:00,B4104,0.662,0.0,3.34,198.99,-3.5780000000000003,31838.4,35022.240000000005,4.24
2011-11-30 11:00:00,B4104,0.662,0.0,3.43,198.99,-3.718,31838.4,35022.240000000005,4.38
2011-11-30 12:00:00,B4104,4.34,0.0,3.63,198.99,-0.28000000000000025,31838.4,35022.240000000005,4.62
2011-11-30 13:00:00,B4104,1.187,0.0,3.17,198.99,-2.9429999999999996,31838.4,35022.240000000005,4.13
2011-11-30 14:00:00,B4104,0.662,0.0,2.48,198.99,-2.758,31838.4,35022.240000000005,3.42
2011-11-30 15:00:00,B4104,0.662,0.0,1.71,198.99,-1.858,31838.4,35022.240000000005,2.52
2011-11-30 16:00:00,B4104,0.662,0.0,0.0,198.99,0.332,31838.4,35022.240000000005,0.33
2011-11-30 17:00:00,B4104,1.187,0.0,0.0,198.99,1.187,31838.4,35022.240000000005,0.0
2011-11-30 18:00:00,B4104,4.34,0.0,0.0,198.99,4.34,31838.4,35022.240000000005,0.0
2011-11-30 19:00:00,B4104,5.391,0.0,0.0,198.99,5.391,31838.4,35022.240000000005,0.0
2011-11-30 20:00:00,B4104,1.187,0.0,0.0,198.99,1.187,31838.4,35022.240000000005,0.0
2011-11-30 21:00:00,B4104,1.183,0.0,0.0,198.99,1.183,31838.4,35022.240000000005,0.0
2011-11-30 22:00:00,B4104,1.182,0.0,0.0,198.99,1.182,31838.4,35022.240000000005,0.0
2011-11-30 23:00:00,B4104,0.657,0.0,0.0,198.99,0.657,31838.4,35022.240000000005,0.0
2011-12-01 00:00:00,B4104,3.057,2.4,0.0,198.99,3.057,31838.4,35022.240000000005,0.0
2011-12-01 01:00:00,B4104,3.057,2.4,0.0,198.99,3.057,31838.4,35022.240000000005,0.0
2011-12-01 02:00:00,B4104,3.057,2.4,0.0,198.99,3.057,31838.4,35022.240000000005,0.0
2011-12-01 03:00:00,B4104,3.057,2.4,0.0,198.99,3.057,31838.4,35022.240000000005,0.0
2011-12-01 04:00:00,B4104,3.057,2.4,0.0,198.99,3.057,31838.4,35022.240000000005,0.0
2011-12-01 05:00:00,B4104,1.183,0.0,0.0,198.99,1.183,31838.4,35022.240000000005,0.0
2011-12-01 06:00:00,B4104,4.34,0.0,0.0,198.99,4.34,31838.4,35022.240000000005,0.0
2011-12-01 07:00:00,B4104,1.188,0.0,0.0,198.99,1.188,31838.4,35022.240000000005,0.0
2011-12-01 08:00:00,B4104,0.662,0.0,1.42,198.99,-1.1280000000000001,31838.4,35022.240000000005,1.79
2011-12-01 09:00:00,B4104,0.662,0.0,2.79,198.99,-2.8280000000000003,31838.4,35022.240000000005,3.49
2011-12-01 10:00:00,B4104,0.662,0.0,3.82,198.99,-4.058,31838.4,35022.240000000005,4.72
2011-12-01 11:00:00,B4104,0.662,0.0,4.19,198.99,-4.498,31838.4,35022.240000000005,5.16
2011-12-01 12:00:00,B4104,4.34,0.0,3.85,198.99,-0.4800000000000004,31838.4,35022.240000000005,4.82
2011-12-01 13:00:00,B4104,1.187,0.0,3.29,198.99,-3.0229999999999997,31838.4,35022.240000000005,4.21
2011-12-01 14:00:00,B4104,0.662,0.0,2.78,198.99,-2.958,31838.4,35022.240000000005,3.62
2011-12-01 15:00:00,B4104,0.662,0.0,1.96,198.99,-2.0180000000000002,31838.4,35022.240000000005,2.68
2011-12-01 16:00:00,B4104,0.662,0.0,0.0,198.99,0.382,31838.4,35022.240000000005,0.28
2011-12-01 17:00:00,B4104,1.187,0.0,0.0,198.99,1.187,31838.4,35022.240000000005,0.0
2011-12-01 18:00:00,B4104,4.34,0.0,0.0,198.99,4.34,31838.4,35022.240000000005,0.0
2011-12-01 19:00:00,B4104,5.386,0.0,0.0,198.99,5.386,31838.4,35022.240000000005,0.0
2011-12-01 20:00:00,B4104,1.187,0.0,0.0,198.99,1.187,31838.4,35022.240000000005,0.0
2011-12-01 21:00:00,B4104,1.183,0.0,0.0,198.99,1.183,31838.4,35022.240000000005,0.0
2011-12-01 22:00:00,B4104,1.182,0.0,0.0,198.99,1.182,31838.4,35022.240000000005,0.0
2011-12-01 23:00:00,B4104,0.657,0.0,0.0,198.99,0.657,31838.4,35022.240000000005,0.0
2011-12-02 00:00:00,B4104,3.057,2.4,0.0,198.99,3.057,31838.4,35022.240000000005,0.0
2011-12-02 01:00:00,B4104,3.057,2.4,0.0,198.99,3.057,31838.4,35022.240000000005,0.0
2011-12-02 02:00:00,B4104,3.057,2.4,0.0,198.99,3.057,31838.4,35022.240000000005,0.0
2011-12-02 03:00:00,B4104,3.057,2.4,0.0,198.99,3.057,31838.4,35022.240000000005,0.0
2011-12-02 04:00:00,B4104,3.057,2.4,0.0,198.99,3.057,31838.4,35022.240000000005,0.0
2011-12-02 05:00:00,B4104,1.183,0.0,0.0,198.99,1.183,31838.4,35022.240000000005,0.0
2011-12-02 06:00:00,B4104,4.34,0.0,0.0,198.99,4.34,31838.4,35022.240000000005,0.0
2011-12-02 07:00:00,B4104,1.188,0.0,0.0,198.99,1.188,31838.4,35022.240000000005,0.0
2011-12-02 08:00:00,B4104,0.662,0.0,0.88,198.99,-0.5179999999999999,31838.4,35022.240000000005,1.18
2011-12-02 09:00:00,B4104,0.662,0.0,2.02,198.99,-1.9780000000000002,31838.4,35022.240000000005,2.64
2011-12-02 10:00:00,B4104,0.662,0.0,2.75,198.99,-2.888,31838.4,35022.240000000005,3.55
2011-12-02 11:00:00,B4104,0.662,0.0,3.13,198.99,-3.318,31838.4,35022.240000000005,3.98
2011-12-02 12:00:00,B4104,4.34,0.0,3.28,198.99,0.17999999999999972,31838.4,35022.240000000005,4.16
2011-12-02 13:00:00,B4104,1.187,0.0,3.3,198.99,-2.9829999999999997,31838.4,35022.240000000005,4.17
2011-12-02 14:00:00,B4104,0.662,0.0,3.16,198.99,-3.3979999999999997,31838.4,35022.240000000005,4.06
2011-12-02 15:00:00,B4104,0.662,0.0,2.06,198.99,-2.198,31838.4,35022.240000000005,2.86
2011-12-02 16:00:00,B4104,0.662,0.0,0.0,198.99,0.36200000000000004,31838.4,35022.240000000005,0.3
2011-12-02 17:00:00,B4104,1.187,0.0,0.0,198.99,1.187,31838.4,35022.240000000005,0.0
2011-12-02 18:00:00,B4104,4.34,0.0,0.0,198.99,4.34,31838.4,35022.240000000005,0.0
2011-12-02 19:00:00,B4104,5.386,0.0,0.0,198.99,5.386,31838.4,35022.240000000005,0.0
2011-12-02 20:00:00,B4104,1.187,0.0,0.0,198.99,1.187,31838.4,35022.240000000005,0.0
2011-12-02 21:00:00,B4104,1.183,0.0,0.0,198.99,1.183,31838.4,35022.240000000005,0.0
2011-12-02 22:00:00,B4104,1.182,0.0,0.0,198.99,1.182,31838.4,35022.240000000005,0.0
2011-12-02 23:00:00,B4104,0.657,0.0,0.0,198.99,0.657,31838.4,35022.240000000005,0.0
2011-12-03 00:00:00,B4104,0.657,0.0,0.0,198.99,0.657,31838.4,35022.240000000005,0.0
2011-12-03 01:00:00,B4104,0.657,0.0,0.0,198.99,0.657,31838.4,35022.240000000005,0.0
2011-12-03 02:00:00,B4104,0.657,0.0,0.0,198.99,0.657,31838.4,35022.240000000005,0.0
2011-12-03 03:00:00,B4104,0.657,0.0,0.0,198.99,0.657,31838.4,35022.240000000005,0.0
2011-12-03 04:00:00,B4104,0.657,0.0,0.0,198.99,0.657,31838.4,35022.240000000005,0.0
2011-12-03 05:00:00,B4104,1.182,0.0,0.0,198.99,1.182,31838.4,35022.240000000005,0.0
2011-12-03 06:00:00,B4104,4.339,0.0,0.0,198.99,4.339,31838.4,35022.240000000005,0.0
2011-12-03 07:00:00,B4104,1.187,0.0,0.0,198.99,1.187,31838.4,35022.240000000005,0.0
2011-12-03 08:00:00,B4104,3.062,2.4,1.21,198.99,1.4719999999999998,31838.4,35022.240000000005,1.59
2011-12-03 09:00:00,B4104,3.062,2.4,2.56,198.99,-0.20800000000000018,31838.4,35022.240000000005,3.27
2011-12-03 10:00:00,B4104,3.062,2.4,3.78,198.99,-1.658,31838.4,35022.240000000005,4.72
2011-12-03 11:00:00,B4104,3.062,2.4,3.82,198.99,-1.7479999999999998,31838.4,35022.240000000005,4.81
2011-12-03 12:00:00,B4104,6.74,2.4,3.33,198.99,2.4700000000000006,31838.4,35022.240000000005,4.27
2011-12-03 13:00:00,B4104,1.187,0.0,3.06,198.99,-2.803,31838.4,35022.240000000005,3.99
2011-12-03 14:00:00,B4104,0.662,0.0,2.41,198.99,-2.678,31838.4,35022.240000000005,3.34
2011-12-03 15:00:00,B4104,0.662,0.0,1.7,198.99,-1.8479999999999999,31838.4,35022.240000000005,2.51
2011-12-03 16:00:00,B4104,0.662,0.0,0.0,198.99,0.342,31838.4,35022.240000000005,0.32
2011-12-03 17:00:00,B4104,1.187,0.0,0.0,198.99,1.187,31838.4,35022.240000000005,0.0
2011-12-03 18:00:00,B4104,4.34,0.0,0.0,198.99,4.34,31838.4,35022.240000000005,0.0
2011-12-03 19:00:00,B4104,5.391,0.0,0.0,198.99,5.391,31838.4,35022.240000000005,0.0
2011-12-03 20:00:00,B4104,1.187,0.0,0.0,198.99,1.187,31838.4,35022.240000000005,0.0
2011-12-03 21:00:00,B4104,1.183,0.0,0.0,198.99,1.183,31838.4,35022.240000000005,0.0
2011-12-03 22:00:00,B4104,1.182,0.0,0.0,198.99,1.182,31838.4,35022.240000000005,0.0
2011-12-03 23:00:00,B4104,0.657,0.0,0.0,198.99,0.657,31838.4,35022.240000000005,0.0
2011-12-04 00:00:00,B4104,0.657,0.0,0.0,198.99,0.657,31838.4,35022.240000000005,0.0
2011-12-04 01:00:00,B4104,0.657,0.0,0.0,198.99,0.657,31838.4,35022.240000000005,0.0
2011-12-04 02:00:00,B4104,0.657,0.0,0.0,198.99,0.657,31838.4,35022.240000000005,0.0
2011-12-04 03:00:00,B4104,0.657,0.0,0.0,198.99,0.657,31838.4,35022.240000000005,0.0
2011-12-04 04:00:00,B4104,0.657,0.0,0.0,198.99,0.657,31838.4,35022.240000000005,0.0
2011-12-04 05:00:00,B4104,1.182,0.0,0.0,198.99,1.182,31838.4,35022.240000000005,0.0
2011-12-04 06:00:00,B4104,4.339,0.0,0.0,198.99,4.339,31838.4,35022.240000000005,0.0
2011-12-04 07:00:00,B4104,1.187,0.0,0.0,198.99,1.187,31838.4,35022.240000000005,0.0
2011-12-04 08:00:00,B4104,3.062,2.4,0.98,198.99,1.8019999999999998,31838.4,35022.240000000005,1.26
2011-12-04 09:00:00,B4104,3.062,2.4,2.31,198.99,0.1419999999999999,31838.4,35022.240000000005,2.92
2011-12-04 10:00:00,B4104,3.062,2.4,3.11,198.99,-0.8480000000000003,31838.4,35022.240000000005,3.91
2011-12-04 11:00:00,B4104,3.062,2.4,3.56,198.99,-1.3480000000000003,31838.4,35022.240000000005,4.41
2011-12-04 12:00:00,B4104,6.74,2.4,4.0,198.99,1.87,31838.4,35022.240000000005,4.87
2011-12-04 13:00:00,B4104,1.187,0.0,3.87,198.99,-3.5329999999999995,31838.4,35022.240000000005,4.72
2011-12-04 14:00:00,B4104,0.662,0.0,3.12,198.99,-3.248,31838.4,35022.240000000005,3.91
2011-12-04 15:00:00,B4104,0.662,0.0,1.91,198.99,-1.888,31838.4,35022.240000000005,2.55
2011-12-04 16:00:00,B4104,0.662,0.0,0.0,198.99,0.44200000000000006,31838.4,35022.240000000005,0.22
2011-12-04 17:00:00,B4104,1.187,0.0,0.0,198.99,1.187,31838.4,35022.240000000005,0.0
2011-12-04 18:00:00,B4104,4.34,0.0,0.0,198.99,4.34,31838.4,35022.240000000005,0.0
2011-12-04 19:00:00,B4104,5.386,0.0,0.0,198.99,5.386,31838.4,35022.240000000005,0.0
2011-12-04 20:00:00,B4104,1.187,0.0,0.0,198.99,1.187,31838.4,35022.240000000005,0.0
2011-12-04 21:00:00,B4104,1.183,0.0,0.0,198.99,1.183,31838.4,35022.240000000005,0.0
2011-12-04 22:00:00,B4104,1.183,0.0,0.0,198.99,1.183,31838.4,35022.240000000005,0.0
2011-12-04 23:00:00,B4104,0.657,0.0,0.0,198.99,0.657,31838.4,35022.240000000005,0.0
2011-12-05 00:00:00,B4104,3.057,2.4,0.0,198.99,3.057,31838.4,35022.240000000005,0.0
2011-12-05 01:00:00,B4104,3.057,2.4,0.0,198.99,3.057,31838.4,35022.240000000005,0.0
2011-12-05 02:00:00,B4104,3.057,2.4,0.0,198.99,3.057,31838.4,35022.240000000005,0.0
2011-12-05 03:00:00,B4104,3.057,2.4,0.0,198.99,3.057,31838.4,35022.240000000005,0.0
2011-12-05 04:00:00,B4104,3.057,2.4,0.0,198.99,3.057,31838.4,35022.240000000005,0.0
2011-12-05 05:00:00,B4104,1.183,0.0,0.0,198.99,1.183,31838.4,35022.240000000005,0.0
2011-12-05 06:00:00,B4104,4.34,0.0,0.0,198.99,4.34,31838.4,35022.240000000005,0.0
2011-12-05 07:00:00,B4104,1.188,0.0,0.0,198.99,1.188,31838.4,35022.240000000005,0.0
2011-12-05 08:00:00,B4104,0.662,0.0,1.33,198.99,-0.9979999999999999,31838.4,35022.240000000005,1.66
2011-12-05 09:00:00,B4104,0.662,0.0,2.34,198.99,-2.3080000000000003,31838.4,35022.240000000005,2.97
2011-12-05 10:00:00,B4104,0.662,0.0,3.04,198.99,-3.178,31838.4,35022.240000000005,3.84
2011-12-05 11:00:00,B4104,0.662,0.0,3.41,198.99,-3.598,31838.4,35022.240000000005,4.26
2011-12-05 12:00:00,B4104,4.335,0.0,3.35,198.99,0.11500000000000021,31838.4,35022.240000000005,4.22
2011-12-05 13:00:00,B4104,1.187,0.0,3.1,198.99,-2.7430000000000003,31838.4,35022.240000000005,3.93
2011-12-05 14:00:00,B4104,0.662,0.0,2.52,198.99,-2.648,31838.4,35022.240000000005,3.31
2011-12-05 15:00:00,B4104,0.662,0.0,1.48,198.99,-1.428,31838.4,35022.240000000005,2.09
2011-12-05 16:00:00,B4104,0.662,0.0,0.0,198.99,0.43200000000000005,31838.4,35022.240000000005,0.23
2011-12-05 17:00:00,B4104,1.187,0.0,0.0,198.99,1.187,31838.4,35022.240000000005,0.0
2011-12-05 18:00:00,B4104,4.34,0.0,0.0,198.99,4.34,31838.4,35022.240000000005,0.0
2011-12-05 19:00:00,B4104,5.386,0.0,0.0,198.99,5.386,31838.4,35022.240000000005,0.0
2011-12-05 20:00:00,B4104,1.187,0.0,0.0,198.99,1.187,31838.4,35022.240000000005,0.0
2011-12-05 21:00:00,B4104,1.183,0.0,0.0,198.99,1.183,31838.4,35022.240000000005,0.0
2011-12-05 22:00:00,B4104,1.182,0.0,0.0,198.99,1.182,31838.4,35022.240000000005,0.0
2011-12-05 23:00:00,B4104,0.657,0.0,0.0,198.99,0.657,31838.4,35022.240000000005,0.0
2011-12-06 00:00:00,B4104,3.057,2.4,0.0,198.99,3.057,31838.4,35022.240000000005,0.0
2011-12-06 01:00:00,B4104,3.057,2.4,0.0,198.99,3.057,31838.4,35022.240000000005,0.0
2011-12-06 02:00:00,B4104,3.057,2.4,0.0,198.99,3.057,31838.4,35022.240000000005,0.0
2011-12-06 03:00:00,B4104,3.057,2.4,0.0,198.99,3.057,31838.4,35022.240000000005,0.0
2011-12-06 04:00:00,B4104,3.057,2.4,0.0,198.99,3.057,31838.4,35022.240000000005,0.0
2011-12-06 05:00:00,B4104,1.183,0.0,0.0,198.99,1.183,31838.4,35022.240000000005,0.0
2011-12-06 06:00:00,B4104,4.34,0.0,0.0,198.99,4.34,31838.4,35022.240000000005,0.0
2011-12-06 07:00:00,B4104,1.188,0.0,0.0,198.99,1.188,31838.4,35022.240000000005,0.0
2011-12-06 08:00:00,B4104,0.662,0.0,0.88,198.99,-0.5379999999999999,31838.4,35022.240000000005,1.2
2011-12-06 09:00:00,B4104,0.662,0.0,1.93,198.99,-1.8679999999999999,31838.4,35022.240000000005,2.53
2011-12-06 10:00:00,B4104,0.662,0.0,2.82,198.99,-2.948,31838.4,35022.240000000005,3.61
2011-12-06 11:00:00,B4104,0.662,0.0,3.55,198.99,-3.808,31838.4,35022.240000000005,4.47
2011-12-06 12:00:00,B4104,4.335,0.0,3.9,198.99,-0.5149999999999997,31838.4,35022.240000000005,4.85
2011-12-06 13:00:00,B4104,1.187,0.0,3.5,198.99,-3.143,31838.4,35022.240000000005,4.33
2011-12-06 14:00:00,B4104,0.662,0.0,2.77,198.99,-2.7880000000000003,31838.4,35022.240000000005,3.45
2011-12-06 15:00:00,B4104,0.662,0.0,2.07,198.99,-2.088,31838.4,35022.240000000005,2.75
2011-12-06 16:00:00,B4104,0.662,0.0,0.0,198.99,0.382,31838.4,35022.240000000005,0.28
2011-12-06 17:00:00,B4104,1.187,0.0,0.0,198.99,1.187,31838.4,35022.240000000005,0.0
2011-12-06 18:00:00,B4104,4.34,0.0,0.0,198.99,4.34,31838.4,35022.240000000005,0.0
2011-12-06 19:00:00,B4104,5.386,0.0,0.0,198.99,5.386,31838.4,35022.240000000005,0.0
2011-12-06 20:00:00,B4104,1.187,0.0,0.0,198.99,1.187,31838.4,35022.240000000005,0.0
2011-12-06 21:00:00,B4104,1.183,0.0,0.0,198.99,1.183,31838.4,35022.240000000005,0.0
2011-12-06 22:00:00,B4104,1.182,0.0,0.0,198.99,1.182,31838.4,35022.240000000005,0.0
2011-12-06 23:00:00,B4104,0.657,0.0,0.0,198.99,0.657,31838.4,35022.240000000005,0.0
2011-12-07 00:00:00,B4104,3.057,2.4,0.0,198.99,3.057,31838.4,35022.240000000005,0.0
2011-12-07 01:00:00,B4104,3.057,2.4,0.0,198.99,3.057,31838.4,35022.240000000005,0.0
2011-12-07 02:00:00,B4104,3.057,2.4,0.0,198.99,3.057,31838.4,35022.240000000005,0.0
2011-12-07 03:00:00,B4104,3.057,2.4,0.0,198.99,3.057,31838.4,35022.240000000005,0.0
2011-12-07 04:00:00,B4104,3.057,2.4,0.0,198.99,3.057,31838.4,35022.240000000005,0.0
2011-12-07 05:00:00,B4104,1.183,0.0,0.0,198.99,1.183,31838.4,35022.240000000005,0.0
2011-12-07 06:00:00,B4104,4.34,0.0,0.0,198.99,4.34,31838.4,35022.240000000005,0.0
2011-12-07 07:00:00,B4104,1.188,0.0,0.0,198.99,1.188,31838.4,35022.240000000005,0.0
2011-12-07 08:00:00,B4104,0.662,0.0,0.76,198.99,-0.44800000000000006,31838.4,35022.240000000005,1.11
2011-12-07 09:00:00,B4104,0.662,0.0,1.66,198.99,-1.6280000000000001,31838.4,35022.240000000005,2.29
2011-12-07 10:00:00,B4104,0.662,0.0,2.06,198.99,-2.178,31838.4,35022.240000000005,2.84
2011-12-07 11:00:00,B4104,0.662,0.0,2.2,198.99,-2.358,31838.4,35022.240000000005,3.02
2011-12-07 12:00:00,B4104,4.34,0.0,2.36,198.99,1.1399999999999997,31838.4,35022.240000000005,3.2
2011-12-07 13:00:00,B4104,1.187,0.0,2.51,198.99,-2.213,31838.4,35022.240000000005,3.4
2011-12-07 14:00:00,B4104,0.662,0.0,2.49,198.99,-2.778,31838.4,35022.240000000005,3.44
2011-12-07 15:00:00,B4104,0.662,0.0,1.84,198.99,-1.988,31838.4,35022.240000000005,2.65
2011-12-07 16:00:00,B4104,0.662,0.0,0.0,198.99,0.35200000000000004,31838.4,35022.240000000005,0.31
2011-12-07 17:00:00,B4104,1.187,0.0,0.0,198.99,1.187,31838.4,35022.240000000005,0.0
2011-12-07 18:00:00,B4104,4.34,0.0,0.0,198.99,4.34,31838.4,35022.240000000005,0.0
2011-12-07 19:00:00,B4104,5.391,0.0,0.0,198.99,5.391,31838.4,35022.240000000005,0.0
2011-12-07 20:00:00,B4104,1.187,0.0,0.0,198.99,1.187,31838.4,35022.240000000005,0.0
2011-12-07 21:00:00,B4104,1.183,0.0,0.0,198.99,1.183,31838.4,35022.240000000005,0.0
2011-12-07 22:00:00,B4104,1.182,0.0,0.0,198.99,1.182,31838.4,35022.240000000005,0.0
2011-12-07 23:00:00,B4104,0.657,0.0,0.0,198.99,0.657,31838.4,35022.240000000005,0.0
2011-12-08 00:00:00,B4104,3.057,2.4,0.0,198.99,3.057,31838.4,35022.240000000005,0.0
2011-12-08 01:00:00,B4104,3.057,2.4,0.0,198.99,3.057,31838.4,35022.240000000005,0.0
2011-12-08 02:00:00,B4104,3.057,2.4,0.0,198.99,3.057,31838.4,35022.240000000005,0.0
2011-12-08 03:00:00,B4104,3.057,2.4,0.0,198.99,3.057,31838.4,35022.240000000005,0.0
2011-12-08 04:00:00,B4104,3.057,2.4,0.0,198.99,3.057,31838.4,35022.240000000005,0.0
2011-12-08 05:00:00,B4104,1.183,0.0,0.0,198.99,1.183,31838.4,35022.240000000005,0.0
2011-12-08 06:00:00,B4104,4.34,0.0,0.0,198.99,4.34,31838.4,35022.240000000005,0.0
2011-12-08 07:00:00,B4104,1.188,0.0,0.0,198.99,1.188,31838.4,35022.240000000005,0.0
2011-12-08 08:00:00,B4104,0.662,0.0,1.91,198.99,-1.5580000000000003,31838.4,35022.240000000005,2.22
2011-12-08 09:00:00,B4104,0.662,0.0,3.73,198.99,-3.7880000000000003,31838.4,35022.240000000005,4.45
2011-12-08 10:00:00,B4104,0.662,0.0,4.93,198.99,-5.298,31838.4,35022.240000000005,5.96
2011-12-08 11:00:00,B4104,0.662,0.0,5.2,198.99,-5.678,31838.4,35022.240000000005,6.34
2011-12-08 12:00:00,B4104,4.34,0.0,5.4,198.99,-2.2300000000000004,31838.4,35022.240000000005,6.57
2011-12-08 13:00:00,B4104,1.187,0.0,5.37,198.99,-5.313,31838.4,35022.240000000005,6.5
2011-12-08 14:00:00,B4104,0.662,0.0,4.29,198.99,-4.608,31838.4,35022.240000000005,5.27
2011-12-08 15:00:00,B4104,0.662,0.0,2.41,198.99,-2.398,31838.4,35022.240000000005,3.06
2011-12-08 16:00:00,B4104,0.662,0.0,0.0,198.99,0.522,31838.4,35022.240000000005,0.14
2011-12-08 17:00:00,B4104,1.187,0.0,0.0,198.99,1.187,31838.4,35022.240000000005,0.0
2011-12-08 18:00:00,B4104,4.34,0.0,0.0,198.99,4.34,31838.4,35022.240000000005,0.0
2011-12-08 19:00:00,B4104,5.391,0.0,0.0,198.99,5.391,31838.4,35022.240000000005,0.0
2011-12-08 20:00:00,B4104,1.187,0.0,0.0,198.99,1.187,31838.4,35022.240000000005,0.0
2011-12-08 21:00:00,B4104,1.183,0.0,0.0,198.99,1.183,31838.4,35022.240000000005,0.0
2011-12-08 22:00:00,B4104,1.182,0.0,0.0,198.99,1.182,31838.4,35022.240000000005,0.0
2011-12-08 23:00:00,B4104,0.657,0.0,0.0,198.99,0.657,31838.4,35022.240000000005,0.0
2011-12-09 00:00:00,B4104,3.057,2.4,0.0,198.99,3.057,31838.4,35022.240000000005,0.0
2011-12-09 01:00:00,B4104,3.057,2.4,0.0,198.99,3.057,31838.4,35022.240000000005,0.0
2011-12-09 02:00:00,B4104,3.057,2.4,0.0,198.99,3.057,31838.4,35022.240000000005,0.0
2011-12-09 03:00:00,B4104,3.057,2.4,0.0,198.99,3.057,31838.4,35022.240000000005,0.0
2011-12-09 04:00:00,B4104,3.057,2.4,0.0,198.99,3.057,31838.4,35022.240000000005,0.0
2011-12-09 05:00:00,B4104,1.183,0.0,0.0,198.99,1.183,31838.4,35022.240000000005,0.0
2011-12-09 06:00:00,B4104,4.34,0.0,0.0,198.99,4.34,31838.4,35022.240000000005,0.0
2011-12-09 07:00:00,B4104,1.188,0.0,0.0,198.99,1.188,31838.4,35022.240000000005,0.0
2011-12-09 08:00:00,B4104,0.662,0.0,1.67,198.99,-1.238,31838.4,35022.240000000005,1.9
2011-12-09 09:00:00,B4104,0.662,0.0,2.89,198.99,-2.728,31838.4,35022.240000000005,3.39
2011-12-09 10:00:00,B4104,0.662,0.0,4.05,198.99,-4.188,31838.4,35022.240000000005,4.85
2011-12-09 11:00:00,B4104,0.662,0.0,4.44,198.99,-4.768,31838.4,35022.240000000005,5.43
2011-12-09 12:00:00,B4104,4.34,0.0,4.22,198.99,-0.9000000000000004,31838.4,35022.240000000005,5.24
2011-12-09 13:00:00,B4104,1.187,0.0,3.82,198.99,-3.5829999999999993,31838.4,35022.240000000005,4.77
2011-12-09 14:00:00,B4104,0.662,0.0,2.85,198.99,-2.978,31838.4,35022.240000000005,3.64
2011-12-09 15:00:00,B4104,0.662,0.0,1.67,198.99,-1.5580000000000003,31838.4,35022.240000000005,2.22
2011-12-09 16:00:00,B4104,0.662,0.0,0.0,198.99,0.47200000000000003,31838.4,35022.240000000005,0.19
2011-12-09 17:00:00,B4104,1.187,0.0,0.0,198.99,1.187,31838.4,35022.240000000005,0.0
2011-12-09 18:00:00,B4104,4.34,0.0,0.0,198.99,4.34,31838.4,35022.240000000005,0.0
2011-12-09 19:00:00,B4104,5.391,0.0,0.0,198.99,5.391,31838.4,35022.240000000005,0.0
2011-12-09 20:00:00,B4104,1.187,0.0,0.0,198.99,1.187,31838.4,35022.240000000005,0.0
2011-12-09 21:00:00,B4104,1.183,0.0,0.0,198.99,1.183,31838.4,35022.240000000005,0.0
2011-12-09 22:00:00,B4104,1.182,0.0,0.0,198.99,1.182,31838.4,35022.240000000005,0.0
2011-12-09 23:00:00,B4104,0.657,0.0,0.0,198.99,0.657,31838.4,35022.240000000005,0.0
2011-12-10 00:00:00,B4104,0.657,0.0,0.0,198.99,0.657,31838.4,35022.240000000005,0.0
2011-12-10 01:00:00,B4104,0.657,0.0,0.0,198.99,0.657,31838.4,35022.240000000005,0.0
2011-12-10 02:00:00,B4104,0.657,0.0,0.0,198.99,0.657,31838.4,35022.240000000005,0.0
2011-12-10 03:00:00,B4104,0.657,0.0,0.0,198.99,0.657,31838.4,35022.240000000005,0.0
2011-12-10 04:00:00,B4104,0.657,0.0,0.0,198.99,0.657,31838.4,35022.240000000005,0.0
2011-12-10 05:00:00,B4104,1.182,0.0,0.0,198.99,1.182,31838.4,35022.240000000005,0.0
2011-12-10 06:00:00,B4104,4.339,0.0,0.0,198.99,4.339,31838.4,35022.240000000005,0.0
2011-12-10 07:00:00,B4104,1.187,0.0,0.0,198.99,1.187,31838.4,35022.240000000005,0.0
2011-12-10 08:00:00,B4104,3.062,2.4,0.0,198.99,2.9419999999999997,31838.4,35022.240000000005,0.12
2011-12-10 09:00:00,B4104,3.062,2.4,1.58,198.99,1.2019999999999997,31838.4,35022.240000000005,1.86
2011-12-10 10:00:00,B4104,3.062,2.4,1.84,198.99,0.8919999999999999,31838.4,35022.240000000005,2.17
2011-12-10 11:00:00,B4104,3.062,2.4,1.68,198.99,1.1119999999999999,31838.4,35022.240000000005,1.95
2011-12-10 12:00:00,B4104,6.74,2.4,1.97,198.99,4.41,31838.4,35022.240000000005,2.33
2011-12-10 13:00:00,B4104,1.187,0.0,2.71,198.99,-2.1929999999999996,31838.4,35022.240000000005,3.38
2011-12-10 14:00:00,B4104,0.662,0.0,2.67,198.99,-2.898,31838.4,35022.240000000005,3.56
2011-12-10 15:00:00,B4104,0.662,0.0,1.61,198.99,-1.6680000000000001,31838.4,35022.240000000005,2.33
2011-12-10 16:00:00,B4104,0.662,0.0,0.0,198.99,0.42200000000000004,31838.4,35022.240000000005,0.24
2011-12-10 17:00:00,B4104,1.187,0.0,0.0,198.99,1.187,31838.4,35022.240000000005,0.0
2011-12-10 18:00:00,B4104,4.34,0.0,0.0,198.99,4.34,31838.4,35022.240000000005,0.0
2011-12-10 19:00:00,B4104,5.391,0.0,0.0,198.99,5.391,31838.4,35022.240000000005,0.0
2011-12-10 20:00:00,B4104,1.187,0.0,0.0,198.99,1.187,31838.4,35022.240000000005,0.0
2011-12-10 21:00:00,B4104,1.183,0.0,0.0,198.99,1.183,31838.4,35022.240000000005,0.0
2011-12-10 22:00:00,B4104,1.182,0.0,0.0,198.99,1.182,31838.4,35022.240000000005,0.0
2011-12-10 23:00:00,B4104,0.657,0.0,0.0,198.99,0.657,31838.4,35022.240000000005,0.0
2011-12-11 00:00:00,B4104,0.657,0.0,0.0,198.99,0.657,31838.4,35022.240000000005,0.0
2011-12-11 01:00:00,B4104,0.657,0.0,0.0,198.99,0.657,31838.4,35022.240000000005,0.0
2011-12-11 02:00:00,B4104,0.657,0.0,0.0,198.99,0.657,31838.4,35022.240000000005,0.0
2011-12-11 03:00:00,B4104,0.657,0.0,0.0,198.99,0.657,31838.4,35022.240000000005,0.0
2011-12-11 04:00:00,B4104,0.657,0.0,0.0,198.99,0.657,31838.4,35022.240000000005,0.0
2011-12-11 05:00:00,B4104,1.182,0.0,0.0,198.99,1.182,31838.4,35022.240000000005,0.0
2011-12-11 06:00:00,B4104,4.339,0.0,0.0,198.99,4.339,31838.4,35022.240000000005,0.0
2011-12-11 07:00:00,B4104,1.187,0.0,0.0,198.99,1.187,31838.4,35022.240000000005,0.0
2011-12-11 08:00:00,B4104,3.062,2.4,1.55,198.99,1.2119999999999997,31838.4,35022.240000000005,1.85
2011-12-11 09:00:00,B4104,3.062,2.4,2.83,198.99,-0.38800000000000034,31838.4,35022.240000000005,3.45
2011-12-11 10:00:00,B4104,3.062,2.4,3.76,198.99,-1.5080000000000005,31838.4,35022.240000000005,4.57
2011-12-11 11:00:00,B4104,3.062,2.4,4.46,198.99,-2.318,31838.4,35022.240000000005,5.38
2011-12-11 12:00:00,B4104,6.74,2.4,4.39,198.99,1.3500000000000005,31838.4,35022.240000000005,5.39
2011-12-11 13:00:00,B4104,1.187,0.0,3.78,198.99,-3.5829999999999993,31838.4,35022.240000000005,4.77
2011-12-11 14:00:00,B4104,0.662,0.0,2.92,198.99,-3.168,31838.4,35022.240000000005,3.83
2011-12-11 15:00:00,B4104,0.662,0.0,1.71,198.99,-1.7280000000000002,31838.4,35022.240000000005,2.39
2011-12-11 16:00:00,B4104,0.662,0.0,0.0,198.99,0.42200000000000004,31838.4,35022.240000000005,0.24
2011-12-11 17:00:00,B4104,1.187,0.0,0.0,198.99,1.187,31838.4,35022.240000000005,0.0
2011-12-11 18:00:00,B4104,4.34,0.0,0.0,198.99,4.34,31838.4,35022.240000000005,0.0
2011-12-11 19:00:00,B4104,5.386,0.0,0.0,198.99,5.386,31838.4,35022.240000000005,0.0
2011-12-11 20:00:00,B4104,1.187,0.0,0.0,198.99,1.187,31838.4,35022.240000000005,0.0
2011-12-11 21:00:00,B4104,1.183,0.0,0.0,198.99,1.183,31838.4,35022.240000000005,0.0
2011-12-11 22:00:00,B4104,1.183,0.0,0.0,198.99,1.183,31838.4,35022.240000000005,0.0
2011-12-11 23:00:00,B4104,0.657,0.0,0.0,198.99,0.657,31838.4,35022.240000000005,0.0
2011-12-12 00:00:00,B4104,3.057,2.4,0.0,198.99,3.057,31838.4,35022.240000000005,0.0
2011-12-12 01:00:00,B4104,3.057,2.4,0.0,198.99,3.057,31838.4,35022.240000000005,0.0
2011-12-12 02:00:00,B4104,3.057,2.4,0.0,198.99,3.057,31838.4,35022.240000000005,0.0
2011-12-12 03:00:00,B4104,3.057,2.4,0.0,198.99,3.057,31838.4,35022.240000000005,0.0
2011-12-12 04:00:00,B4104,3.057,2.4,0.0,198.99,3.057,31838.4,35022.240000000005,0.0
2011-12-12 05:00:00,B4104,1.183,0.0,0.0,198.99,1.183,31838.4,35022.240000000005,0.0
2011-12-12 06:00:00,B4104,4.34,0.0,0.0,198.99,4.34,31838.4,35022.240000000005,0.0
2011-12-12 07:00:00,B4104,1.188,0.0,0.0,198.99,1.188,31838.4,35022.240000000005,0.0
2011-12-12 08:00:00,B4104,0.662,0.0,1.19,198.99,-0.828,31838.4,35022.240000000005,1.49
2011-12-12 09:00:00,B4104,0.662,0.0,2.41,198.99,-2.298,31838.4,35022.240000000005,2.96
2011-12-12 10:00:00,B4104,0.662,0.0,3.21,198.99,-3.338,31838.4,35022.240000000005,4.0
2011-12-12 11:00:00,B4104,0.662,0.0,4.25,198.99,-4.508,31838.4,35022.240000000005,5.17
2011-12-12 12:00:00,B4104,4.34,0.0,5.09,198.99,-1.7000000000000002,31838.4,35022.240000000005,6.04
2011-12-12 13:00:00,B4104,1.187,0.0,4.67,198.99,-4.372999999999999,31838.4,35022.240000000005,5.56
2011-12-12 14:00:00,B4104,0.662,0.0,3.48,198.99,-3.628,31838.4,35022.240000000005,4.29
2011-12-12 15:00:00,B4104,0.662,0.0,2.0,198.99,-1.9380000000000002,31838.4,35022.240000000005,2.6
2011-12-12 16:00:00,B4104,0.662,0.0,0.0,198.99,0.502,31838.4,35022.240000000005,0.16
2011-12-12 17:00:00,B4104,1.187,0.0,0.0,198.99,1.187,31838.4,35022.240000000005,0.0
2011-12-12 18:00:00,B4104,4.34,0.0,0.0,198.99,4.34,31838.4,35022.240000000005,0.0
2011-12-12 19:00:00,B4104,5.386,0.0,0.0,198.99,5.386,31838.4,35022.240000000005,0.0
2011-12-12 20:00:00,B4104,1.187,0.0,0.0,198.99,1.187,31838.4,35022.240000000005,0.0
2011-12-12 21:00:00,B4104,1.183,0.0,0.0,198.99,1.183,31838.4,35022.240000000005,0.0
2011-12-12 22:00:00,B4104,1.182,0.0,0.0,198.99,1.182,31838.4,35022.240000000005,0.0
2011-12-12 23:00:00,B4104,0.657,0.0,0.0,198.99,0.657,31838.4,35022.240000000005,0.0
2011-12-13 00:00:00,B4104,3.057,2.4,0.0,198.99,3.057,31838.4,35022.240000000005,0.0
2011-12-13 01:00:00,B4104,3.057,2.4,0.0,198.99,3.057,31838.4,35022.240000000005,0.0
2011-12-13 02:00:00,B4104,3.057,2.4,0.0,198.99,3.057,31838.4,35022.240000000005,0.0
2011-12-13 03:00:00,B4104,3.057,2.4,0.0,198.99,3.057,31838.4,35022.240000000005,0.0
2011-12-13 04:00:00,B4104,3.057,2.4,0.0,198.99,3.057,31838.4,35022.240000000005,0.0
2011-12-13 05:00:00,B4104,1.183,0.0,0.0,198.99,1.183,31838.4,35022.240000000005,0.0
2011-12-13 06:00:00,B4104,4.34,0.0,0.0,198.99,4.34,31838.4,35022.240000000005,0.0
2011-12-13 07:00:00,B4104,1.188,0.0,0.0,198.99,1.188,31838.4,35022.240000000005,0.0
2011-12-13 08:00:00,B4104,0.662,0.0,0.78,198.99,-0.40800000000000003,31838.4,35022.240000000005,1.07
2011-12-13 09:00:00,B4104,0.662,0.0,1.68,198.99,-1.568,31838.4,35022.240000000005,2.23
2011-12-13 10:00:00,B4104,0.662,0.0,2.73,198.99,-2.8280000000000003,31838.4,35022.240000000005,3.49
2011-12-13 11:00:00,B4104,0.662,0.0,4.04,198.99,-4.2780000000000005,31838.4,35022.240000000005,4.94
2011-12-13 12:00:00,B4104,4.335,0.0,3.92,198.99,-0.47499999999999964,31838.4,35022.240000000005,4.81
2011-12-13 13:00:00,B4104,1.187,0.0,3.16,198.99,-2.793,31838.4,35022.240000000005,3.98
2011-12-13 14:00:00,B4104,0.662,0.0,2.7,198.99,-2.878,31838.4,35022.240000000005,3.54
2011-12-13 15:00:00,B4104,0.662,0.0,1.66,198.99,-1.6880000000000002,31838.4,35022.240000000005,2.35
2011-12-13 16:00:00,B4104,0.662,0.0,0.0,198.99,0.392,31838.4,35022.240000000005,0.27
2011-12-13 17:00:00,B4104,1.187,0.0,0.0,198.99,1.187,31838.4,35022.240000000005,0.0
2011-12-13 18:00:00,B4104,4.335,0.0,0.0,198.99,4.335,31838.4,35022.240000000005,0.0
2011-12-13 19:00:00,B4104,5.386,0.0,0.0,198.99,5.386,31838.4,35022.240000000005,0.0
2011-12-13 20:00:00,B4104,1.187,0.0,0.0,198.99,1.187,31838.4,35022.240000000005,0.0
2011-12-13 21:00:00,B4104,1.183,0.0,0.0,198.99,1.183,31838.4,35022.240000000005,0.0
2011-12-13 22:00:00,B4104,1.182,0.0,0.0,198.99,1.182,31838.4,35022.240000000005,0.0
2011-12-13 23:00:00,B4104,0.657,0.0,0.0,198.99,0.657,31838.4,35022.240000000005,0.0
2011-12-14 00:00:00,B4104,3.057,2.4,0.0,198.99,3.057,31838.4,35022.240000000005,0.0
2011-12-14 01:00:00,B4104,3.057,2.4,0.0,198.99,3.057,31838.4,35022.240000000005,0.0
2011-12-14 02:00:00,B4104,3.057,2.4,0.0,198.99,3.057,31838.4,35022.240000000005,0.0
2011-12-14 03:00:00,B4104,3.057,2.4,0.0,198.99,3.057,31838.4,35022.240000000005,0.0
2011-12-14 04:00:00,B4104,3.057,2.4,0.0,198.99,3.057,31838.4,35022.240000000005,0.0
2011-12-14 05:00:00,B4104,1.183,0.0,0.0,198.99,1.183,31838.4,35022.240000000005,0.0
2011-12-14 06:00:00,B4104,4.34,0.0,0.0,198.99,4.34,31838.4,35022.240000000005,0.0
2011-12-14 07:00:00,B4104,1.188,0.0,0.0,198.99,1.188,31838.4,35022.240000000005,0.0
2011-12-14 08:00:00,B4104,0.662,0.0,1.59,198.99,-1.2479999999999998,31838.4,35022.240000000005,1.91
2011-12-14 09:00:00,B4104,0.662,0.0,3.13,198.99,-3.128,31838.4,35022.240000000005,3.79
2011-12-14 10:00:00,B4104,0.662,0.0,4.19,198.99,-4.388,31838.4,35022.240000000005,5.05
2011-12-14 11:00:00,B4104,0.662,0.0,3.56,198.99,-3.798,31838.4,35022.240000000005,4.46
2011-12-14 12:00:00,B4104,4.335,0.0,2.67,198.99,0.835,31838.4,35022.240000000005,3.5
2011-12-14 13:00:00,B4104,1.187,0.0,2.63,198.99,-2.263,31838.4,35022.240000000005,3.45
2011-12-14 14:00:00,B4104,0.662,0.0,2.35,198.99,-2.508,31838.4,35022.240000000005,3.17
2011-12-14 15:00:00,B4104,0.662,0.0,1.55,198.99,-1.548,31838.4,35022.240000000005,2.21
2011-12-14 16:00:00,B4104,0.662,0.0,0.0,198.99,0.42200000000000004,31838.4,35022.240000000005,0.24
2011-12-14 17:00:00,B4104,1.187,0.0,0.0,198.99,1.187,31838.4,35022.240000000005,0.0
2011-12-14 18:00:00,B4104,4.335,0.0,0.0,198.99,4.335,31838.4,35022.240000000005,0.0
2011-12-14 19:00:00,B4104,5.386,0.0,0.0,198.99,5.386,31838.4,35022.240000000005,0.0
2011-12-14 20:00:00,B4104,1.187,0.0,0.0,198.99,1.187,31838.4,35022.240000000005,0.0
2011-12-14 21:00:00,B4104,1.183,0.0,0.0,198.99,1.183,31838.4,35022.240000000005,0.0
2011-12-14 22:00:00,B4104,1.182,0.0,0.0,198.99,1.182,31838.4,35022.240000000005,0.0
2011-12-14 23:00:00,B4104,0.657,0.0,0.0,198.99,0.657,31838.4,35022.240000000005,0.0
2011-12-15 00:00:00,B4104,3.057,2.4,0.0,198.99,3.057,31838.4,35022.240000000005,0.0
2011-12-15 01:00:00,B4104,3.057,2.4,0.0,198.99,3.057,31838.4,35022.240000000005,0.0
2011-12-15 02:00:00,B4104,3.057,2.4,0.0,198.99,3.057,31838.4,35022.240000000005,0.0
2011-12-15 03:00:00,B4104,3.057,2.4,0.0,198.99,3.057,31838.4,35022.240000000005,0.0
2011-12-15 04:00:00,B4104,3.057,2.4,0.0,198.99,3.057,31838.4,35022.240000000005,0.0
2011-12-15 05:00:00,B4104,1.183,0.0,0.0,198.99,1.183,31838.4,35022.240000000005,0.0
2011-12-15 06:00:00,B4104,4.34,0.0,0.0,198.99,4.34,31838.4,35022.240000000005,0.0
2011-12-15 07:00:00,B4104,1.188,0.0,0.0,198.99,1.188,31838.4,35022.240000000005,0.0
2011-12-15 08:00:00,B4104,0.662,0.0,0.95,198.99,-0.628,31838.4,35022.240000000005,1.29
2011-12-15 09:00:00,B4104,0.662,0.0,2.12,198.99,-2.118,31838.4,35022.240000000005,2.78
2011-12-15 10:00:00,B4104,0.662,0.0,2.57,198.99,-2.738,31838.4,35022.240000000005,3.4
2011-12-15 11:00:00,B4104,0.662,0.0,3.24,198.99,-3.5280000000000005,31838.4,35022.240000000005,4.19
2011-12-15 12:00:00,B4104,4.335,0.0,3.75,198.99,-0.41500000000000004,31838.4,35022.240000000005,4.75
2011-12-15 13:00:00,B4104,1.187,0.0,3.68,198.99,-3.4929999999999994,31838.4,35022.240000000005,4.68
2011-12-15 14:00:00,B4104,0.662,0.0,3.29,198.99,-3.6180000000000003,31838.4,35022.240000000005,4.28
2011-12-15 15:00:00,B4104,0.662,0.0,2.05,198.99,-2.168,31838.4,35022.240000000005,2.83
2011-12-15 16:00:00,B4104,0.662,0.0,0.0,198.99,0.382,31838.4,35022.240000000005,0.28
2011-12-15 17:00:00,B4104,1.187,0.0,0.0,198.99,1.187,31838.4,35022.240000000005,0.0
2011-12-15 18:00:00,B4104,4.34,0.0,0.0,198.99,4.34,31838.4,35022.240000000005,0.0
2011-12-15 19:00:00,B4104,5.386,0.0,0.0,198.99,5.386,31838.4,35022.240000000005,0.0
2011-12-15 20:00:00,B4104,1.187,0.0,0.0,198.99,1.187,31838.4,35022.240000000005,0.0
2011-12-15 21:00:00,B4104,1.183,0.0,0.0,198.99,1.183,31838.4,35022.240000000005,0.0
2011-12-15 22:00:00,B4104,1.182,0.0,0.0,198.99,1.182,31838.4,35022.240000000005,0.0
2011-12-15 23:00:00,B4104,0.657,0.0,0.0,198.99,0.657,31838.4,35022.240000000005,0.0
2011-12-16 00:00:00,B4104,3.057,2.4,0.0,198.99,3.057,31838.4,35022.240000000005,0.0
2011-12-16 01:00:00,B4104,3.057,2.4,0.0,198.99,3.057,31838.4,35022.240000000005,0.0
2011-12-16 02:00:00,B4104,3.057,2.4,0.0,198.99,3.057,31838.4,35022.240000000005,0.0
2011-12-16 03:00:00,B4104,3.057,2.4,0.0,198.99,3.057,31838.4,35022.240000000005,0.0
2011-12-16 04:00:00,B4104,3.057,2.4,0.0,198.99,3.057,31838.4,35022.240000000005,0.0
2011-12-16 05:00:00,B4104,1.183,0.0,0.0,198.99,1.183,31838.4,35022.240000000005,0.0
2011-12-16 06:00:00,B4104,4.34,0.0,0.0,198.99,4.34,31838.4,35022.240000000005,0.0
2011-12-16 07:00:00,B4104,1.188,0.0,0.0,198.99,1.188,31838.4,35022.240000000005,0.0
2011-12-16 08:00:00,B4104,0.662,0.0,1.12,198.99,-0.7279999999999999,31838.4,35022.240000000005,1.39
2011-12-16 09:00:00,B4104,0.662,0.0,1.99,198.99,-1.818,31838.4,35022.240000000005,2.48
2011-12-16 10:00:00,B4104,0.662,0.0,2.37,198.99,-2.368,31838.4,35022.240000000005,3.03
2011-12-16 11:00:00,B4104,0.662,0.0,3.02,198.99,-3.178,31838.4,35022.240000000005,3.84
2011-12-16 12:00:00,B4104,4.335,0.0,3.4,198.99,0.054999999999999716,31838.4,35022.240000000005,4.28
2011-12-16 13:00:00,B4104,1.187,0.0,2.87,198.99,-2.4029999999999996,31838.4,35022.240000000005,3.59
2011-12-16 14:00:00,B4104,0.662,0.0,2.22,198.99,-2.068,31838.4,35022.240000000005,2.73
2011-12-16 15:00:00,B4104,0.662,0.0,1.72,198.99,-1.5780000000000003,31838.4,35022.240000000005,2.24
2011-12-16 16:00:00,B4104,0.662,0.0,0.0,198.99,0.44200000000000006,31838.4,35022.240000000005,0.22
2011-12-16 17:00:00,B4104,1.187,0.0,0.0,198.99,1.187,31838.4,35022.240000000005,0.0
2011-12-16 18:00:00,B4104,4.335,0.0,0.0,198.99,4.335,31838.4,35022.240000000005,0.0
2011-12-16 19:00:00,B4104,5.386,0.0,0.0,198.99,5.386,31838.4,35022.240000000005,0.0
2011-12-16 20:00:00,B4104,1.187,0.0,0.0,198.99,1.187,31838.4,35022.240000000005,0.0
2011-12-16 21:00:00,B4104,1.183,0.0,0.0,198.99,1.183,31838.4,35022.240000000005,0.0
2011-12-16 22:00:00,B4104,1.182,0.0,0.0,198.99,1.182,31838.4,35022.240000000005,0.0
2011-12-16 23:00:00,B4104,0.657,0.0,0.0,198.99,0.657,31838.4,35022.240000000005,0.0
2011-12-17 00:00:00,B4104,0.657,0.0,0.0,198.99,0.657,31838.4,35022.240000000005,0.0
2011-12-17 01:00:00,B4104,0.657,0.0,0.0,198.99,0.657,31838.4,35022.240000000005,0.0
2011-12-17 02:00:00,B4104,0.657,0.0,0.0,198.99,0.657,31838.4,35022.240000000005,0.0
2011-12-17 03:00:00,B4104,0.657,0.0,0.0,198.99,0.657,31838.4,35022.240000000005,0.0
2011-12-17 04:00:00,B4104,0.657,0.0,0.0,198.99,0.657,31838.4,35022.240000000005,0.0
2011-12-17 05:00:00,B4104,1.182,0.0,0.0,198.99,1.182,31838.4,35022.240000000005,0.0
2011-12-17 06:00:00,B4104,4.339,0.0,0.0,198.99,4.339,31838.4,35022.240000000005,0.0
2011-12-17 07:00:00,B4104,1.187,0.0,0.0,198.99,1.187,31838.4,35022.240000000005,0.0
2011-12-17 08:00:00,B4104,3.062,2.4,0.85,198.99,1.9419999999999997,31838.4,35022.240000000005,1.12
2011-12-17 09:00:00,B4104,3.062,2.4,2.12,198.99,0.30200000000000005,31838.4,35022.240000000005,2.76
2011-12-17 10:00:00,B4104,3.062,2.4,3.3,198.99,-1.1480000000000001,31838.4,35022.240000000005,4.21
2011-12-17 11:00:00,B4104,3.062,2.4,4.27,198.99,-2.2180000000000004,31838.4,35022.240000000005,5.28
2011-12-17 12:00:00,B4104,6.74,2.4,4.59,198.99,1.13,31838.4,35022.240000000005,5.61
2011-12-17 13:00:00,B4104,1.187,0.0,3.84,198.99,-3.5329999999999995,31838.4,35022.240000000005,4.72
2011-12-17 14:00:00,B4104,0.662,0.0,2.73,198.99,-2.678,31838.4,35022.240000000005,3.34
2011-12-17 15:00:00,B4104,0.662,0.0,1.79,198.99,-1.528,31838.4,35022.240000000005,2.19
2011-12-17 16:00:00,B4104,0.662,0.0,0.0,198.99,0.662,31838.4,35022.240000000005,0.0
2011-12-17 17:00:00,B4104,1.187,0.0,0.0,198.99,1.187,31838.4,35022.240000000005,0.0
2011-12-17 18:00:00,B4104,4.34,0.0,0.0,198.99,4.34,31838.4,35022.240000000005,0.0
2011-12-17 19:00:00,B4104,5.391,0.0,0.0,198.99,5.391,31838.4,35022.240000000005,0.0
2011-12-17 20:00:00,B4104,1.187,0.0,0.0,198.99,1.187,31838.4,35022.240000000005,0.0
2011-12-17 21:00:00,B4104,1.183,0.0,0.0,198.99,1.183,31838.4,35022.240000000005,0.0
2011-12-17 22:00:00,B4104,1.182,0.0,0.0,198.99,1.182,31838.4,35022.240000000005,0.0
2011-12-17 23:00:00,B4104,0.657,0.0,0.0,198.99,0.657,31838.4,35022.240000000005,0.0
2011-12-18 00:00:00,B4104,0.657,0.0,0.0,198.99,0.657,31838.4,35022.240000000005,0.0
2011-12-18 01:00:00,B4104,0.657,0.0,0.0,198.99,0.657,31838.4,35022.240000000005,0.0
2011-12-18 02:00:00,B4104,0.657,0.0,0.0,198.99,0.657,31838.4,35022.240000000005,0.0
2011-12-18 03:00:00,B4104,0.657,0.0,0.0,198.99,0.657,31838.4,35022.240000000005,0.0
2011-12-18 04:00:00,B4104,0.657,0.0,0.0,198.99,0.657,31838.4,35022.240000000005,0.0
2011-12-18 05:00:00,B4104,1.182,0.0,0.0,198.99,1.182,31838.4,35022.240000000005,0.0
2011-12-18 06:00:00,B4104,4.339,0.0,0.0,198.99,4.339,31838.4,35022.240000000005,0.0
2011-12-18 07:00:00,B4104,1.187,0.0,0.0,198.99,1.187,31838.4,35022.240000000005,0.0
2011-12-18 08:00:00,B4104,3.062,2.4,0.0,198.99,3.062,31838.4,35022.240000000005,0.0
2011-12-18 09:00:00,B4104,3.062,2.4,1.53,198.99,0.9419999999999997,31838.4,35022.240000000005,2.12
2011-12-18 10:00:00,B4104,3.062,2.4,2.0,198.99,0.2719999999999998,31838.4,35022.240000000005,2.79
2011-12-18 11:00:00,B4104,3.062,2.4,2.37,198.99,-0.18800000000000017,31838.4,35022.240000000005,3.25
2011-12-18 12:00:00,B4104,6.74,2.4,2.4,198.99,3.45,31838.4,35022.240000000005,3.29
2011-12-18 13:00:00,B4104,1.187,0.0,2.25,198.99,-1.9429999999999998,31838.4,35022.240000000005,3.13
2011-12-18 14:00:00,B4104,0.662,0.0,2.11,198.99,-2.378,31838.4,35022.240000000005,3.04
2011-12-18 15:00:00,B4104,0.662,0.0,1.56,198.99,-1.7280000000000002,31838.4,35022.240000000005,2.39
2011-12-18 16:00:00,B4104,0.662,0.0,0.0,198.99,0.30200000000000005,31838.4,35022.240000000005,0.36
2011-12-18 17:00:00,B4104,1.187,0.0,0.0,198.99,1.187,31838.4,35022.240000000005,0.0
2011-12-18 18:00:00,B4104,4.34,0.0,0.0,198.99,4.34,31838.4,35022.240000000005,0.0
2011-12-18 19:00:00,B4104,5.391,0.0,0.0,198.99,5.391,31838.4,35022.240000000005,0.0
2011-12-18 20:00:00,B4104,1.187,0.0,0.0,198.99,1.187,31838.4,35022.240000000005,0.0
2011-12-18 21:00:00,B4104,1.183,0.0,0.0,198.99,1.183,31838.4,35022.240000000005,0.0
2011-12-18 22:00:00,B4104,1.183,0.0,0.0,198.99,1.183,31838.4,35022.240000000005,0.0
2011-12-18 23:00:00,B4104,0.657,0.0,0.0,198.99,0.657,31838.4,35022.240000000005,0.0
2011-12-19 00:00:00,B4104,3.057,2.4,0.0,198.99,3.057,31838.4,35022.240000000005,0.0
2011-12-19 01:00:00,B4104,3.057,2.4,0.0,198.99,3.057,31838.4,35022.240000000005,0.0
2011-12-19 02:00:00,B4104,3.057,2.4,0.0,198.99,3.057,31838.4,35022.240000000005,0.0
2011-12-19 03:00:00,B4104,3.057,2.4,0.0,198.99,3.057,31838.4,35022.240000000005,0.0
2011-12-19 04:00:00,B4104,3.057,2.4,0.0,198.99,3.057,31838.4,35022.240000000005,0.0
2011-12-19 05:00:00,B4104,1.183,0.0,0.0,198.99,1.183,31838.4,35022.240000000005,0.0
2011-12-19 06:00:00,B4104,4.34,0.0,0.0,198.99,4.34,31838.4,35022.240000000005,0.0
2011-12-19 07:00:00,B4104,1.188,0.0,0.0,198.99,1.188,31838.4,35022.240000000005,0.0
2011-12-19 08:00:00,B4104,0.662,0.0,0.0,198.99,0.662,31838.4,35022.240000000005,0.0
2011-12-19 09:00:00,B4104,0.662,0.0,3.4,198.99,-3.428,31838.4,35022.240000000005,4.09
2011-12-19 10:00:00,B4104,0.662,0.0,3.31,198.99,-3.548,31838.4,35022.240000000005,4.21
2011-12-19 11:00:00,B4104,0.662,0.0,2.42,198.99,-2.638,31838.4,35022.240000000005,3.3
2011-12-19 12:00:00,B4104,4.34,0.0,2.21,198.99,1.2799999999999998,31838.4,35022.240000000005,3.06
2011-12-19 13:00:00,B4104,1.187,0.0,2.16,198.99,-1.833,31838.4,35022.240000000005,3.02
2011-12-19 14:00:00,B4104,0.662,0.0,1.99,198.99,-2.228,31838.4,35022.240000000005,2.89
2011-12-19 15:00:00,B4104,0.662,0.0,1.47,198.99,-1.6280000000000001,31838.4,35022.240000000005,2.29
2011-12-19 16:00:00,B4104,0.662,0.0,0.0,198.99,0.31200000000000006,31838.4,35022.240000000005,0.35
2011-12-19 17:00:00,B4104,1.187,0.0,0.0,198.99,1.187,31838.4,35022.240000000005,0.0
2011-12-19 18:00:00,B4104,4.34,0.0,0.0,198.99,4.34,31838.4,35022.240000000005,0.0
2011-12-19 19:00:00,B4104,5.391,0.0,0.0,198.99,5.391,31838.4,35022.240000000005,0.0
2011-12-19 20:00:00,B4104,1.187,0.0,0.0,198.99,1.187,31838.4,35022.240000000005,0.0
2011-12-19 21:00:00,B4104,1.183,0.0,0.0,198.99,1.183,31838.4,35022.240000000005,0.0
2011-12-19 22:00:00,B4104,1.182,0.0,0.0,198.99,1.182,31838.4,35022.240000000005,0.0
2011-12-19 23:00:00,B4104,0.657,0.0,0.0,198.99,0.657,31838.4,35022.240000000005,0.0
2011-12-20 00:00:00,B4104,3.057,2.4,0.0,198.99,3.057,31838.4,35022.240000000005,0.0
2011-12-20 01:00:00,B4104,3.057,2.4,0.0,198.99,3.057,31838.4,35022.240000000005,0.0
2011-12-20 02:00:00,B4104,3.057,2.4,0.0,198.99,3.057,31838.4,35022.240000000005,0.0
2011-12-20 03:00:00,B4104,3.057,2.4,0.0,198.99,3.057,31838.4,35022.240000000005,0.0
2011-12-20 04:00:00,B4104,3.057,2.4,0.0,198.99,3.057,31838.4,35022.240000000005,0.0
2011-12-20 05:00:00,B4104,1.183,0.0,0.0,198.99,1.183,31838.4,35022.240000000005,0.0
2011-12-20 06:00:00,B4104,4.34,0.0,0.0,198.99,4.34,31838.4,35022.240000000005,0.0
2011-12-20 07:00:00,B4104,1.188,0.0,0.0,198.99,1.188,31838.4,35022.240000000005,0.0
2011-12-20 08:00:00,B4104,0.662,0.0,0.0,198.99,0.662,31838.4,35022.240000000005,0.0
2011-12-20 09:00:00,B4104,0.662,0.0,1.49,198.99,-1.4180000000000001,31838.4,35022.240000000005,2.08
2011-12-20 10:00:00,B4104,0.662,0.0,1.94,198.99,-2.0380000000000003,31838.4,35022.240000000005,2.7
2011-12-20 11:00:00,B4104,0.662,0.0,2.24,198.99,-2.408,31838.4,35022.240000000005,3.07
2011-12-20 12:00:00,B4104,4.34,0.0,2.37,198.99,1.1199999999999997,31838.4,35022.240000000005,3.22
2011-12-20 13:00:00,B4104,1.187,0.0,2.25,198.99,-1.913,31838.4,35022.240000000005,3.1
2011-12-20 14:00:00,B4104,0.662,0.0,2.07,198.99,-2.298,31838.4,35022.240000000005,2.96
2011-12-20 15:00:00,B4104,0.662,0.0,1.51,198.99,-1.6280000000000001,31838.4,35022.240000000005,2.29
2011-12-20 16:00:00,B4104,0.662,0.0,0.0,198.99,0.332,31838.4,35022.240000000005,0.33
2011-12-20 17:00:00,B4104,1.187,0.0,0.0,198.99,1.187,31838.4,35022.240000000005,0.0
2011-12-20 18:00:00,B4104,4.34,0.0,0.0,198.99,4.34,31838.4,35022.240000000005,0.0
2011-12-20 19:00:00,B4104,5.391,0.0,0.0,198.99,5.391,31838.4,35022.240000000005,0.0
2011-12-20 20:00:00,B4104,1.187,0.0,0.0,198.99,1.187,31838.4,35022.240000000005,0.0
2011-12-20 21:00:00,B4104,1.183,0.0,0.0,198.99,1.183,31838.4,35022.240000000005,0.0
2011-12-20 22:00:00,B4104,1.182,0.0,0.0,198.99,1.182,31838.4,35022.240000000005,0.0
2011-12-20 23:00:00,B4104,0.657,0.0,0.0,198.99,0.657,31838.4,35022.240000000005,0.0
2011-12-21 00:00:00,B4104,3.057,2.4,0.0,198.99,3.057,31838.4,35022.240000000005,0.0
2011-12-21 01:00:00,B4104,3.057,2.4,0.0,198.99,3.057,31838.4,35022.240000000005,0.0
2011-12-21 02:00:00,B4104,3.057,2.4,0.0,198.99,3.057,31838.4,35022.240000000005,0.0
2011-12-21 03:00:00,B4104,3.057,2.4,0.0,198.99,3.057,31838.4,35022.240000000005,0.0
2011-12-21 04:00:00,B4104,3.057,2.4,0.0,198.99,3.057,31838.4,35022.240000000005,0.0
2011-12-21 05:00:00,B4104,1.183,0.0,0.0,198.99,1.183,31838.4,35022.240000000005,0.0
2011-12-21 06:00:00,B4104,4.34,0.0,0.0,198.99,4.34,31838.4,35022.240000000005,0.0
2011-12-21 07:00:00,B4104,1.188,0.0,0.0,198.99,1.188,31838.4,35022.240000000005,0.0
2011-12-21 08:00:00,B4104,0.662,0.0,0.0,198.99,0.662,31838.4,35022.240000000005,0.0
2011-12-21 09:00:00,B4104,0.662,0.0,1.81,198.99,-1.7480000000000002,31838.4,35022.240000000005,2.41
2011-12-21 10:00:00,B4104,0.662,0.0,2.61,198.99,-2.758,31838.4,35022.240000000005,3.42
2011-12-21 11:00:00,B4104,0.662,0.0,3.74,198.99,-4.058,31838.4,35022.240000000005,4.72
2011-12-21 12:00:00,B4104,4.34,0.0,4.3,198.99,-1.0099999999999998,31838.4,35022.240000000005,5.35
2011-12-21 13:00:00,B4104,1.187,0.0,3.67,198.99,-3.473,31838.4,35022.240000000005,4.66
2011-12-21 14:00:00,B4104,0.662,0.0,2.73,198.99,-3.0180000000000002,31838.4,35022.240000000005,3.68
2011-12-21 15:00:00,B4104,0.662,0.0,1.66,198.99,-1.798,31838.4,35022.240000000005,2.46
2011-12-21 16:00:00,B4104,0.662,0.0,0.0,198.99,0.342,31838.4,35022.240000000005,0.32
2011-12-21 17:00:00,B4104,1.187,0.0,0.0,198.99,1.187,31838.4,35022.240000000005,0.0
2011-12-21 18:00:00,B4104,4.34,0.0,0.0,198.99,4.34,31838.4,35022.240000000005,0.0
2011-12-21 19:00:00,B4104,5.391,0.0,0.0,198.99,5.391,31838.4,35022.240000000005,0.0
2011-12-21 20:00:00,B4104,1.187,0.0,0.0,198.99,1.187,31838.4,35022.240000000005,0.0
2011-12-21 21:00:00,B4104,1.183,0.0,0.0,198.99,1.183,31838.4,35022.240000000005,0.0
2011-12-21 22:00:00,B4104,1.182,0.0,0.0,198.99,1.182,31838.4,35022.240000000005,0.0
2011-12-21 23:00:00,B4104,0.657,0.0,0.0,198.99,0.657,31838.4,35022.240000000005,0.0
2011-12-22 00:00:00,B4104,3.057,2.4,0.0,198.99,3.057,31838.4,35022.240000000005,0.0
2011-12-22 01:00:00,B4104,3.057,2.4,0.0,198.99,3.057,31838.4,35022.240000000005,0.0
2011-12-22 02:00:00,B4104,3.057,2.4,0.0,198.99,3.057,31838.4,35022.240000000005,0.0
2011-12-22 03:00:00,B4104,3.057,2.4,0.0,198.99,3.057,31838.4,35022.240000000005,0.0
2011-12-22 04:00:00,B4104,3.057,2.4,0.0,198.99,3.057,31838.4,35022.240000000005,0.0
2011-12-22 05:00:00,B4104,1.183,0.0,0.0,198.99,1.183,31838.4,35022.240000000005,0.0
2011-12-22 06:00:00,B4104,4.34,0.0,0.0,198.99,4.34,31838.4,35022.240000000005,0.0
2011-12-22 07:00:00,B4104,1.188,0.0,0.0,198.99,1.188,31838.4,35022.240000000005,0.0
2011-12-22 08:00:00,B4104,0.662,0.0,0.0,198.99,0.662,31838.4,35022.240000000005,0.0
2011-12-22 09:00:00,B4104,0.662,0.0,2.48,198.99,-2.3080000000000003,31838.4,35022.240000000005,2.97
2011-12-22 10:00:00,B4104,0.662,0.0,3.52,198.99,-3.6079999999999997,31838.4,35022.240000000005,4.27
2011-12-22 11:00:00,B4104,0.662,0.0,4.71,198.99,-4.998,31838.4,35022.240000000005,5.66
2011-12-22 12:00:00,B4104,4.34,0.0,5.2,198.99,-1.8900000000000006,31838.4,35022.240000000005,6.23
2011-12-22 13:00:00,B4104,1.187,0.0,4.76,198.99,-4.603,31838.4,35022.240000000005,5.79
2011-12-22 14:00:00,B4104,0.662,0.0,3.73,198.99,-3.958,31838.4,35022.240000000005,4.62
2011-12-22 15:00:00,B4104,0.662,0.0,2.13,198.99,-1.9980000000000002,31838.4,35022.240000000005,2.66
2011-12-22 16:00:00,B4104,0.662,0.0,0.0,198.99,0.662,31838.4,35022.240000000005,0.0
2011-12-22 17:00:00,B4104,1.187,0.0,0.0,198.99,1.187,31838.4,35022.240000000005,0.0
2011-12-22 18:00:00,B4104,4.34,0.0,0.0,198.99,4.34,31838.4,35022.240000000005,0.0
2011-12-22 19:00:00,B4104,5.391,0.0,0.0,198.99,5.391,31838.4,35022.240000000005,0.0
2011-12-22 20:00:00,B4104,1.187,0.0,0.0,198.99,1.187,31838.4,35022.240000000005,0.0
2011-12-22 21:00:00,B4104,1.183,0.0,0.0,198.99,1.183,31838.4,35022.240000000005,0.0
2011-12-22 22:00:00,B4104,1.182,0.0,0.0,198.99,1.182,31838.4,35022.240000000005,0.0
2011-12-22 23:00:00,B4104,0.657,0.0,0.0,198.99,0.657,31838.4,35022.240000000005,0.0
2011-12-23 00:00:00,B4104,3.057,2.4,0.0,198.99,3.057,31838.4,35022.240000000005,0.0
2011-12-23 01:00:00,B4104,3.057,2.4,0.0,198.99,3.057,31838.4,35022.240000000005,0.0
2011-12-23 02:00:00,B4104,3.057,2.4,0.0,198.99,3.057,31838.4,35022.240000000005,0.0
2011-12-23 03:00:00,B4104,3.057,2.4,0.0,198.99,3.057,31838.4,35022.240000000005,0.0
2011-12-23 04:00:00,B4104,3.057,2.4,0.0,198.99,3.057,31838.4,35022.240000000005,0.0
2011-12-23 05:00:00,B4104,1.183,0.0,0.0,198.99,1.183,31838.4,35022.240000000005,0.0
2011-12-23 06:00:00,B4104,4.34,0.0,0.0,198.99,4.34,31838.4,35022.240000000005,0.0
2011-12-23 07:00:00,B4104,1.188,0.0,0.0,198.99,1.188,31838.4,35022.240000000005,0.0
2011-12-23 08:00:00,B4104,0.662,0.0,0.0,198.99,0.662,31838.4,35022.240000000005,0.0
2011-12-23 09:00:00,B4104,0.662,0.0,2.87,198.99,-2.7680000000000002,31838.4,35022.240000000005,3.43
2011-12-23 10:00:00,B4104,0.662,0.0,4.45,198.99,-4.658,31838.4,35022.240000000005,5.32
2011-12-23 11:00:00,B4104,0.662,0.0,5.23,198.99,-5.608,31838.4,35022.240000000005,6.27
2011-12-23 12:00:00,B4104,4.34,0.0,5.29,198.99,-2.0,31838.4,35022.240000000005,6.34
2011-12-23 13:00:00,B4104,1.187,0.0,4.74,198.99,-4.5729999999999995,31838.4,35022.240000000005,5.76
2011-12-23 14:00:00,B4104,0.662,0.0,3.58,198.99,-3.9379999999999997,31838.4,35022.240000000005,4.6
2011-12-23 15:00:00,B4104,0.662,0.0,2.08,198.99,-2.3080000000000003,31838.4,35022.240000000005,2.97
2011-12-23 16:00:00,B4104,0.662,0.0,0.0,198.99,0.322,31838.4,35022.240000000005,0.34
2011-12-23 17:00:00,B4104,1.187,0.0,0.0,198.99,1.187,31838.4,35022.240000000005,0.0
2011-12-23 18:00:00,B4104,4.34,0.0,0.0,198.99,4.34,31838.4,35022.240000000005,0.0
2011-12-23 19:00:00,B4104,5.391,0.0,0.0,198.99,5.391,31838.4,35022.240000000005,0.0
2011-12-23 20:00:00,B4104,1.187,0.0,0.0,198.99,1.187,31838.4,35022.240000000005,0.0
2011-12-23 21:00:00,B4104,1.183,0.0,0.0,198.99,1.183,31838.4,35022.240000000005,0.0
2011-12-23 22:00:00,B4104,1.182,0.0,0.0,198.99,1.182,31838.4,35022.240000000005,0.0
2011-12-23 23:00:00,B4104,0.657,0.0,0.0,198.99,0.657,31838.4,35022.240000000005,0.0
2011-12-24 00:00:00,B4104,0.657,0.0,0.0,198.99,0.657,31838.4,35022.240000000005,0.0
2011-12-24 01:00:00,B4104,0.657,0.0,0.0,198.99,0.657,31838.4,35022.240000000005,0.0
2011-12-24 02:00:00,B4104,0.657,0.0,0.0,198.99,0.657,31838.4,35022.240000000005,0.0
2011-12-24 03:00:00,B4104,0.657,0.0,0.0,198.99,0.657,31838.4,35022.240000000005,0.0
2011-12-24 04:00:00,B4104,0.657,0.0,0.0,198.99,0.657,31838.4,35022.240000000005,0.0
2011-12-24 05:00:00,B4104,1.182,0.0,0.0,198.99,1.182,31838.4,35022.240000000005,0.0
2011-12-24 06:00:00,B4104,4.339,0.0,0.0,198.99,4.339,31838.4,35022.240000000005,0.0
2011-12-24 07:00:00,B4104,1.187,0.0,0.0,198.99,1.187,31838.4,35022.240000000005,0.0
2011-12-24 08:00:00,B4104,3.062,2.4,0.0,198.99,3.062,31838.4,35022.240000000005,0.0
2011-12-24 09:00:00,B4104,3.062,2.4,1.51,198.99,0.952,31838.4,35022.240000000005,2.11
2011-12-24 10:00:00,B4104,3.062,2.4,1.94,198.99,0.34199999999999964,31838.4,35022.240000000005,2.72
2011-12-24 11:00:00,B4104,3.062,2.4,2.16,198.99,0.07199999999999962,31838.4,35022.240000000005,2.99
2011-12-24 12:00:00,B4104,6.74,2.4,2.25,198.99,3.64,31838.4,35022.240000000005,3.1
2011-12-24 13:00:00,B4104,1.187,0.0,2.22,198.99,-1.9029999999999998,31838.4,35022.240000000005,3.09
2011-12-24 14:00:00,B4104,0.662,0.0,2.05,198.99,-2.298,31838.4,35022.240000000005,2.96
2011-12-24 15:00:00,B4104,0.662,0.0,1.53,198.99,-1.698,31838.4,35022.240000000005,2.36
2011-12-24 16:00:00,B4104,0.662,0.0,0.0,198.99,0.30200000000000005,31838.4,35022.240000000005,0.36
2011-12-24 17:00:00,B4104,1.187,0.0,0.0,198.99,1.187,31838.4,35022.240000000005,0.0
2011-12-24 18:00:00,B4104,4.34,0.0,0.0,198.99,4.34,31838.4,35022.240000000005,0.0
2011-12-24 19:00:00,B4104,5.391,0.0,0.0,198.99,5.391,31838.4,35022.240000000005,0.0
2011-12-24 20:00:00,B4104,1.187,0.0,0.0,198.99,1.187,31838.4,35022.240000000005,0.0
2011-12-24 21:00:00,B4104,1.183,0.0,0.0,198.99,1.183,31838.4,35022.240000000005,0.0
2011-12-24 22:00:00,B4104,1.182,0.0,0.0,198.99,1.182,31838.4,35022.240000000005,0.0
2011-12-24 23:00:00,B4104,0.657,0.0,0.0,198.99,0.657,31838.4,35022.240000000005,0.0
2011-12-25 00:00:00,B4104,0.657,0.0,0.0,198.99,0.657,31838.4,35022.240000000005,0.0
2011-12-25 01:00:00,B4104,0.657,0.0,0.0,198.99,0.657,31838.4,35022.240000000005,0.0
2011-12-25 02:00:00,B4104,0.657,0.0,0.0,198.99,0.657,31838.4,35022.240000000005,0.0
2011-12-25 03:00:00,B4104,0.657,0.0,0.0,198.99,0.657,31838.4,35022.240000000005,0.0
2011-12-25 04:00:00,B4104,0.657,0.0,0.0,198.99,0.657,31838.4,35022.240000000005,0.0
2011-12-25 05:00:00,B4104,1.182,0.0,0.0,198.99,1.182,31838.4,35022.240000000005,0.0
2011-12-25 06:00:00,B4104,4.339,0.0,0.0,198.99,4.339,31838.4,35022.240000000005,0.0
2011-12-25 07:00:00,B4104,1.187,0.0,0.0,198.99,1.187,31838.4,35022.240000000005,0.0
2011-12-25 08:00:00,B4104,3.062,2.4,0.0,198.99,3.062,31838.4,35022.240000000005,0.0
2011-12-25 09:00:00,B4104,3.062,2.4,1.49,198.99,0.952,31838.4,35022.240000000005,2.11
2011-12-25 10:00:00,B4104,3.062,2.4,1.93,198.99,0.34199999999999964,31838.4,35022.240000000005,2.72
2011-12-25 11:00:00,B4104,3.062,2.4,2.2,198.99,0.01200000000000001,31838.4,35022.240000000005,3.05
2011-12-25 12:00:00,B4104,6.74,2.4,2.28,198.99,3.58,31838.4,35022.240000000005,3.16
2011-12-25 13:00:00,B4104,1.187,0.0,2.23,198.99,-1.9229999999999998,31838.4,35022.240000000005,3.11
2011-12-25 14:00:00,B4104,0.662,0.0,2.05,198.99,-2.318,31838.4,35022.240000000005,2.98
2011-12-25 15:00:00,B4104,0.662,0.0,1.53,198.99,-1.7080000000000002,31838.4,35022.240000000005,2.37
2011-12-25 16:00:00,B4104,0.662,0.0,0.0,198.99,0.29200000000000004,31838.4,35022.240000000005,0.37
2011-12-25 17:00:00,B4104,1.187,0.0,0.0,198.99,1.187,31838.4,35022.240000000005,0.0
2011-12-25 18:00:00,B4104,4.34,0.0,0.0,198.99,4.34,31838.4,35022.240000000005,0.0
2011-12-25 19:00:00,B4104,5.391,0.0,0.0,198.99,5.391,31838.4,35022.240000000005,0.0
2011-12-25 20:00:00,B4104,1.187,0.0,0.0,198.99,1.187,31838.4,35022.240000000005,0.0
2011-12-25 21:00:00,B4104,1.183,0.0,0.0,198.99,1.183,31838.4,35022.240000000005,0.0
2011-12-25 22:00:00,B4104,1.183,0.0,0.0,198.99,1.183,31838.4,35022.240000000005,0.0
2011-12-25 23:00:00,B4104,0.657,0.0,0.0,198.99,0.657,31838.4,35022.240000000005,0.0
2011-12-26 00:00:00,B4104,3.057,2.4,0.0,198.99,3.057,31838.4,35022.240000000005,0.0
2011-12-26 01:00:00,B4104,3.057,2.4,0.0,198.99,3.057,31838.4,35022.240000000005,0.0
2011-12-26 02:00:00,B4104,3.057,2.4,0.0,198.99,3.057,31838.4,35022.240000000005,0.0
2011-12-26 03:00:00,B4104,3.057,2.4,0.0,198.99,3.057,31838.4,35022.240000000005,0.0
2011-12-26 04:00:00,B4104,3.057,2.4,0.0,198.99,3.057,31838.4,35022.240000000005,0.0
2011-12-26 05:00:00,B4104,1.183,0.0,0.0,198.99,1.183,31838.4,35022.240000000005,0.0
2011-12-26 06:00:00,B4104,4.34,0.0,0.0,198.99,4.34,31838.4,35022.240000000005,0.0
2011-12-26 07:00:00,B4104,1.188,0.0,0.0,198.99,1.188,31838.4,35022.240000000005,0.0
2011-12-26 08:00:00,B4104,0.662,0.0,0.0,198.99,0.662,31838.4,35022.240000000005,0.0
2011-12-26 09:00:00,B4104,0.662,0.0,1.49,198.99,-1.4180000000000001,31838.4,35022.240000000005,2.08
2011-12-26 10:00:00,B4104,0.662,0.0,1.93,198.99,-2.0380000000000003,31838.4,35022.240000000005,2.7
2011-12-26 11:00:00,B4104,0.662,0.0,2.15,198.99,-2.318,31838.4,35022.240000000005,2.98
2011-12-26 12:00:00,B4104,4.34,0.0,2.25,198.99,1.2399999999999998,31838.4,35022.240000000005,3.1
2011-12-26 13:00:00,B4104,1.187,0.0,2.24,198.99,-1.913,31838.4,35022.240000000005,3.1
2011-12-26 14:00:00,B4104,0.662,0.0,2.03,198.99,-2.2680000000000002,31838.4,35022.240000000005,2.93
2011-12-26 15:00:00,B4104,0.662,0.0,1.51,198.99,-1.6680000000000001,31838.4,35022.240000000005,2.33
2011-12-26 16:00:00,B4104,0.662,0.0,0.0,198.99,0.30200000000000005,31838.4,35022.240000000005,0.36
2011-12-26 17:00:00,B4104,1.187,0.0,0.0,198.99,1.187,31838.4,35022.240000000005,0.0
2011-12-26 18:00:00,B4104,4.34,0.0,0.0,198.99,4.34,31838.4,35022.240000000005,0.0
2011-12-26 19:00:00,B4104,5.391,0.0,0.0,198.99,5.391,31838.4,35022.240000000005,0.0
2011-12-26 20:00:00,B4104,1.187,0.0,0.0,198.99,1.187,31838.4,35022.240000000005,0.0
2011-12-26 21:00:00,B4104,1.183,0.0,0.0,198.99,1.183,31838.4,35022.240000000005,0.0
2011-12-26 22:00:00,B4104,1.182,0.0,0.0,198.99,1.182,31838.4,35022.240000000005,0.0
2011-12-26 23:00:00,B4104,0.657,0.0,0.0,198.99,0.657,31838.4,35022.240000000005,0.0
2011-12-27 00:00:00,B4104,3.057,2.4,0.0,198.99,3.057,31838.4,35022.240000000005,0.0
2011-12-27 01:00:00,B4104,3.057,2.4,0.0,198.99,3.057,31838.4,35022.240000000005,0.0
2011-12-27 02:00:00,B4104,3.057,2.4,0.0,198.99,3.057,31838.4,35022.240000000005,0.0
2011-12-27 03:00:00,B4104,3.057,2.4,0.0,198.99,3.057,31838.4,35022.240000000005,0.0
2011-12-27 04:00:00,B4104,3.057,2.4,0.0,198.99,3.057,31838.4,35022.240000000005,0.0
2011-12-27 05:00:00,B4104,1.183,0.0,0.0,198.99,1.183,31838.4,35022.240000000005,0.0
2011-12-27 06:00:00,B4104,4.34,0.0,0.0,198.99,4.34,31838.4,35022.240000000005,0.0
2011-12-27 07:00:00,B4104,1.188,0.0,0.0,198.99,1.188,31838.4,35022.240000000005,0.0
2011-12-27 08:00:00,B4104,0.662,0.0,0.0,198.99,0.662,31838.4,35022.240000000005,0.0
2011-12-27 09:00:00,B4104,0.662,0.0,1.5,198.99,-1.448,31838.4,35022.240000000005,2.11
2011-12-27 10:00:00,B4104,0.662,0.0,1.96,198.99,-2.0780000000000003,31838.4,35022.240000000005,2.74
2011-12-27 11:00:00,B4104,0.662,0.0,2.17,198.99,-2.338,31838.4,35022.240000000005,3.0
2011-12-27 12:00:00,B4104,4.34,0.0,2.29,198.99,1.1999999999999997,31838.4,35022.240000000005,3.14
2011-12-27 13:00:00,B4104,1.187,0.0,2.23,198.99,-1.9029999999999998,31838.4,35022.240000000005,3.09
2011-12-27 14:00:00,B4104,0.662,0.0,2.02,198.99,-2.258,31838.4,35022.240000000005,2.92
2011-12-27 15:00:00,B4104,0.662,0.0,1.51,198.99,-1.6680000000000001,31838.4,35022.240000000005,2.33
2011-12-27 16:00:00,B4104,0.662,0.0,0.0,198.99,0.30200000000000005,31838.4,35022.240000000005,0.36
2011-12-27 17:00:00,B4104,1.187,0.0,0.0,198.99,1.187,31838.4,35022.240000000005,0.0
2011-12-27 18:00:00,B4104,4.34,0.0,0.0,198.99,4.34,31838.4,35022.240000000005,0.0
2011-12-27 19:00:00,B4104,5.391,0.0,0.0,198.99,5.391,31838.4,35022.240000000005,0.0
2011-12-27 20:00:00,B4104,1.187,0.0,0.0,198.99,1.187,31838.4,35022.240000000005,0.0
2011-12-27 21:00:00,B4104,1.183,0.0,0.0,198.99,1.183,31838.4,35022.240000000005,0.0
2011-12-27 22:00:00,B4104,1.182,0.0,0.0,198.99,1.182,31838.4,35022.240000000005,0.0
2011-12-27 23:00:00,B4104,0.657,0.0,0.0,198.99,0.657,31838.4,35022.240000000005,0.0
2011-12-28 00:00:00,B4104,3.057,2.4,0.0,198.99,3.057,31838.4,35022.240000000005,0.0
2011-12-28 01:00:00,B4104,3.057,2.4,0.0,198.99,3.057,31838.4,35022.240000000005,0.0
2011-12-28 02:00:00,B4104,3.057,2.4,0.0,198.99,3.057,31838.4,35022.240000000005,0.0
2011-12-28 03:00:00,B4104,3.057,2.4,0.0,198.99,3.057,31838.4,35022.240000000005,0.0
2011-12-28 04:00:00,B4104,3.057,2.4,0.0,198.99,3.057,31838.4,35022.240000000005,0.0
2011-12-28 05:00:00,B4104,1.183,0.0,0.0,198.99,1.183,31838.4,35022.240000000005,0.0
2011-12-28 06:00:00,B4104,4.34,0.0,0.0,198.99,4.34,31838.4,35022.240000000005,0.0
2011-12-28 07:00:00,B4104,1.188,0.0,0.0,198.99,1.188,31838.4,35022.240000000005,0.0
2011-12-28 08:00:00,B4104,0.662,0.0,0.0,198.99,0.662,31838.4,35022.240000000005,0.0
2011-12-28 09:00:00,B4104,0.662,0.0,1.47,198.99,-1.3980000000000001,31838.4,35022.240000000005,2.06
2011-12-28 10:00:00,B4104,0.662,0.0,1.93,198.99,-2.0380000000000003,31838.4,35022.240000000005,2.7
2011-12-28 11:00:00,B4104,0.662,0.0,2.14,198.99,-2.3080000000000003,31838.4,35022.240000000005,2.97
2011-12-28 12:00:00,B4104,4.34,0.0,2.26,198.99,1.2199999999999998,31838.4,35022.240000000005,3.12
2011-12-28 13:00:00,B4104,1.187,0.0,2.28,198.99,-1.9629999999999999,31838.4,35022.240000000005,3.15
2011-12-28 14:00:00,B4104,0.662,0.0,2.08,198.99,-2.3280000000000003,31838.4,35022.240000000005,2.99
2011-12-28 15:00:00,B4104,0.662,0.0,1.54,198.99,-1.7080000000000002,31838.4,35022.240000000005,2.37
2011-12-28 16:00:00,B4104,0.662,0.0,0.0,198.99,0.30200000000000005,31838.4,35022.240000000005,0.36
2011-12-28 17:00:00,B4104,1.187,0.0,0.0,198.99,1.187,31838.4,35022.240000000005,0.0
2011-12-28 18:00:00,B4104,4.34,0.0,0.0,198.99,4.34,31838.4,35022.240000000005,0.0
2011-12-28 19:00:00,B4104,5.391,0.0,0.0,198.99,5.391,31838.4,35022.240000000005,0.0
2011-12-28 20:00:00,B4104,1.187,0.0,0.0,198.99,1.187,31838.4,35022.240000000005,0.0
2011-12-28 21:00:00,B4104,1.183,0.0,0.0,198.99,1.183,31838.4,35022.240000000005,0.0
2011-12-28 22:00:00,B4104,1.182,0.0,0.0,198.99,1.182,31838.4,35022.240000000005,0.0
2011-12-28 23:00:00,B4104,0.657,0.0,0.0,198.99,0.657,31838.4,35022.240000000005,0.0
2011-12-29 00:00:00,B4104,3.057,2.4,0.0,198.99,3.057,31838.4,35022.240000000005,0.0
2011-12-29 01:00:00,B4104,3.057,2.4,0.0,198.99,3.057,31838.4,35022.240000000005,0.0
2011-12-29 02:00:00,B4104,3.057,2.4,0.0,198.99,3.057,31838.4,35022.240000000005,0.0
2011-12-29 03:00:00,B4104,3.057,2.4,0.0,198.99,3.057,31838.4,35022.240000000005,0.0
2011-12-29 04:00:00,B4104,3.057,2.4,0.0,198.99,3.057,31838.4,35022.240000000005,0.0
2011-12-29 05:00:00,B4104,1.183,0.0,0.0,198.99,1.183,31838.4,35022.240000000005,0.0
2011-12-29 06:00:00,B4104,4.34,0.0,0.0,198.99,4.34,31838.4,35022.240000000005,0.0
2011-12-29 07:00:00,B4104,1.188,0.0,0.0,198.99,1.188,31838.4,35022.240000000005,0.0
2011-12-29 08:00:00,B4104,0.662,0.0,0.0,198.99,0.662,31838.4,35022.240000000005,0.0
2011-12-29 09:00:00,B4104,0.662,0.0,1.49,198.99,-1.428,31838.4,35022.240000000005,2.09
2011-12-29 10:00:00,B4104,0.662,0.0,1.93,198.99,-2.0380000000000003,31838.4,35022.240000000005,2.7
2011-12-29 11:00:00,B4104,0.662,0.0,2.17,198.99,-2.338,31838.4,35022.240000000005,3.0
2011-12-29 12:00:00,B4104,4.34,0.0,2.26,198.99,1.23,31838.4,35022.240000000005,3.11
2011-12-29 13:00:00,B4104,1.187,0.0,2.23,198.99,-1.9029999999999998,31838.4,35022.240000000005,3.09
2011-12-29 14:00:00,B4104,0.662,0.0,2.05,198.99,-2.298,31838.4,35022.240000000005,2.96
2011-12-29 15:00:00,B4104,0.662,0.0,1.52,198.99,-1.6880000000000002,31838.4,35022.240000000005,2.35
2011-12-29 16:00:00,B4104,0.662,0.0,0.0,198.99,0.30200000000000005,31838.4,35022.240000000005,0.36
2011-12-29 17:00:00,B4104,1.187,0.0,0.0,198.99,1.187,31838.4,35022.240000000005,0.0
2011-12-29 18:00:00,B4104,4.34,0.0,0.0,198.99,4.34,31838.4,35022.240000000005,0.0
2011-12-29 19:00:00,B4104,5.391,0.0,0.0,198.99,5.391,31838.4,35022.240000000005,0.0
2011-12-29 20:00:00,B4104,1.187,0.0,0.0,198.99,1.187,31838.4,35022.240000000005,0.0
2011-12-29 21:00:00,B4104,1.183,0.0,0.0,198.99,1.183,31838.4,35022.240000000005,0.0
2011-12-29 22:00:00,B4104,1.182,0.0,0.0,198.99,1.182,31838.4,35022.240000000005,0.0
2011-12-29 23:00:00,B4104,0.657,0.0,0.0,198.99,0.657,31838.4,35022.240000000005,0.0
2011-12-30 00:00:00,B4104,3.057,2.4,0.0,198.99,3.057,31838.4,35022.240000000005,0.0
2011-12-30 01:00:00,B4104,3.057,2.4,0.0,198.99,3.057,31838.4,35022.240000000005,0.0
2011-12-30 02:00:00,B4104,3.057,2.4,0.0,198.99,3.057,31838.4,35022.240000000005,0.0
2011-12-30 03:00:00,B4104,3.057,2.4,0.0,198.99,3.057,31838.4,35022.240000000005,0.0
2011-12-30 04:00:00,B4104,3.057,2.4,0.0,198.99,3.057,31838.4,35022.240000000005,0.0
2011-12-30 05:00:00,B4104,1.183,0.0,0.0,198.99,1.183,31838.4,35022.240000000005,0.0
2011-12-30 06:00:00,B4104,4.34,0.0,0.0,198.99,4.34,31838.4,35022.240000000005,0.0
2011-12-30 07:00:00,B4104,1.188,0.0,0.0,198.99,1.188,31838.4,35022.240000000005,0.0
2011-12-30 08:00:00,B4104,0.662,0.0,0.0,198.99,0.662,31838.4,35022.240000000005,0.0
2011-12-30 09:00:00,B4104,0.662,0.0,1.48,198.99,-1.428,31838.4,35022.240000000005,2.09
2011-12-30 10:00:00,B4104,0.662,0.0,1.95,198.99,-2.0780000000000003,31838.4,35022.240000000005,2.74
2011-12-30 11:00:00,B4104,0.662,0.0,2.16,198.99,-2.338,31838.4,35022.240000000005,3.0
2011-12-30 12:00:00,B4104,4.34,0.0,2.26,198.99,1.2199999999999998,31838.4,35022.240000000005,3.12
2011-12-30 13:00:00,B4104,1.187,0.0,2.24,198.99,-1.913,31838.4,35022.240000000005,3.1
2011-12-30 14:00:00,B4104,0.662,0.0,2.06,198.99,-2.318,31838.4,35022.240000000005,2.98
2011-12-30 15:00:00,B4104,0.662,0.0,1.52,198.99,-1.6880000000000002,31838.4,35022.240000000005,2.35
2011-12-30 16:00:00,B4104,0.662,0.0,0.0,198.99,0.31200000000000006,31838.4,35022.240000000005,0.35
2011-12-30 17:00:00,B4104,1.187,0.0,0.0,198.99,1.187,31838.4,35022.240000000005,0.0
2011-12-30 18:00:00,B4104,4.34,0.0,0.0,198.99,4.34,31838.4,35022.240000000005,0.0
2011-12-30 19:00:00,B4104,5.391,0.0,0.0,198.99,5.391,31838.4,35022.240000000005,0.0
2011-12-30 20:00:00,B4104,1.187,0.0,0.0,198.99,1.187,31838.4,35022.240000000005,0.0
2011-12-30 21:00:00,B4104,1.183,0.0,0.0,198.99,1.183,31838.4,35022.240000000005,0.0
2011-12-30 22:00:00,B4104,1.182,0.0,0.0,198.99,1.182,31838.4,35022.240000000005,0.0
2011-12-30 23:00:00,B4104,0.657,0.0,0.0,198.99,0.657,31838.4,35022.240000000005,0.0
2011-12-31 00:00:00,B4104,0.657,0.0,0.0,198.99,0.657,31838.4,35022.240000000005,0.0
2011-12-31 01:00:00,B4104,0.657,0.0,0.0,198.99,0.657,31838.4,35022.240000000005,0.0
2011-12-31 02:00:00,B4104,0.657,0.0,0.0,198.99,0.657,31838.4,35022.240000000005,0.0
2011-12-31 03:00:00,B4104,0.657,0.0,0.0,198.99,0.657,31838.4,35022.240000000005,0.0
2011-12-31 04:00:00,B4104,0.657,0.0,0.0,198.99,0.657,31838.4,35022.240000000005,0.0
2011-12-31 05:00:00,B4104,1.182,0.0,0.0,198.99,1.182,31838.4,35022.240000000005,0.0
2011-12-31 06:00:00,B4104,4.339,0.0,0.0,198.99,4.339,31838.4,35022.240000000005,0.0
2011-12-31 07:00:00,B4104,1.187,0.0,0.0,198.99,1.187,31838.4,35022.240000000005,0.0
2011-12-31 08:00:00,B4104,3.062,2.4,0.0,198.99,3.062,31838.4,35022.240000000005,0.0
2011-12-31 09:00:00,B4104,3.062,2.4,2.0,198.99,0.45199999999999996,31838.4,35022.240000000005,2.61
2011-12-31 10:00:00,B4104,3.062,2.4,2.62,198.99,-0.3780000000000001,31838.4,35022.240000000005,3.44
2011-12-31 11:00:00,B4104,3.062,2.4,3.18,198.99,-1.0480000000000005,31838.4,35022.240000000005,4.11
2011-12-31 12:00:00,B4104,6.74,2.4,3.33,198.99,2.46,31838.4,35022.240000000005,4.28
2011-12-31 13:00:00,B4104,1.187,0.0,3.14,198.99,-2.893,31838.4,35022.240000000005,4.08
2011-12-31 14:00:00,B4104,0.662,0.0,2.85,198.99,-3.158,31838.4,35022.240000000005,3.82
2011-12-31 15:00:00,B4104,0.662,0.0,1.91,198.99,-1.968,31838.4,35022.240000000005,2.63
2011-12-31 16:00:00,B4104,0.662,0.0,0.0,198.99,0.41200000000000003,31838.4,35022.240000000005,0.25
2011-12-31 17:00:00,B4104,1.187,0.0,0.0,198.99,1.187,31838.4,35022.240000000005,0.0
2011-12-31 18:00:00,B4104,4.34,0.0,0.0,198.99,4.34,31838.4,35022.240000000005,0.0
2011-12-31 19:00:00,B4104,5.391,0.0,0.0,198.99,5.391,31838.4,35022.240000000005,0.0
2011-12-31 20:00:00,B4104,1.187,0.0,0.0,198.99,1.187,31838.4,35022.240000000005,0.0
2011-12-31 21:00:00,B4104,1.183,0.0,0.0,198.99,1.183,31838.4,35022.240000000005,0.0
2011-12-31 22:00:00,B4104,1.182,0.0,0.0,198.99,1.182,31838.4,35022.240000000005,0.0
2011-12-31 23:00:00,B4104,0.657,0.0,0.0,198.99,0.657,31838.4,35022.240000000005,0.0
